7450-646496
OS REV: 1.05 Sensor Cal: 1573749572
Time (sec),  BV (Volts),  T (deg C),  DO (mg/l),  Q ()
1676617620,+2.76,+28.896, +6.357,+0.939
1676617740,+2.76,+28.904, +6.395,+0.938
1676617860,+2.76,+28.879, +6.450,+0.939
1676617980,+2.76,+28.844, +6.243,+0.939
1676618100,+2.76,+28.827, +6.132,+0.938
1676618220,+2.76,+28.827, +6.186,+0.938
1676618340,+2.76,+28.827, +6.239,+0.937
1676618460,+2.76,+28.801, +6.247,+0.939
1676618580,+2.76,+28.836, +6.156,+0.938
1676618700,+2.76,+28.793, +6.009,+0.937
1676618820,+2.76,+28.810, +5.998,+0.938
1676618940,+2.76,+28.776, +6.037,+0.937
1676619060,+2.76,+28.776, +5.939,+0.936
1676619180,+2.76,+28.801, +5.930,+0.936
1676619300,+2.76,+28.801, +6.052,+0.936
1676619420,+2.76,+28.810, +6.028,+0.936
1676619540,+2.76,+28.827, +6.023,+0.935
1676619660,+2.76,+28.827, +6.056,+0.936
1676619780,+2.76,+28.801, +6.005,+0.935
1676619900,+2.76,+28.793, +5.924,+0.934
1676620020,+2.76,+28.793, +5.753,+0.933
1676620140,+2.76,+28.784, +5.674,+0.934
1676620260,+2.76,+28.767, +5.557,+0.932
1676620380,+2.76,+28.750, +5.414,+0.930
1676620500,+2.76,+28.776, +5.472,+0.930
1676620620,+2.76,+28.724, +5.391,+0.930
1676620740,+2.76,+28.750, +5.405,+0.930
1676620860,+2.76,+28.750, +5.243,+0.929
1676620980,+2.76,+28.733, +5.276,+0.930
1676621100,+2.76,+28.742, +5.386,+0.931
1676621220,+2.76,+28.742, +5.462,+0.932
1676621340,+2.76,+28.724, +5.482,+0.933
1676621460,+2.76,+28.716, +5.347,+0.932
1676621580,+2.76,+28.699, +5.165,+0.929
1676621700,+2.76,+28.707, +5.107,+0.929
1676621820,+2.76,+28.699, +5.175,+0.930
1676621940,+2.76,+28.690, +5.137,+0.930
1676622060,+2.76,+28.656, +5.064,+0.930
1676622180,+2.76,+28.699, +5.254,+0.931
1676622300,+2.76,+28.690, +5.112,+0.929
1676622420,+2.76,+28.707, +5.157,+0.930
1676622540,+2.76,+28.716, +5.213,+0.930
1676622660,+2.76,+28.699, +5.191,+0.931
1676622780,+2.76,+28.707, +4.946,+0.928
1676622900,+2.76,+28.682, +4.755,+0.927
1676623020,+2.76,+28.707, +4.750,+0.927
1676623140,+2.76,+28.690, +5.007,+0.930
1676623260,+2.76,+28.690, +4.960,+0.929
1676623380,+2.76,+28.707, +5.061,+0.929
1676623500,+2.76,+28.682, +4.955,+0.929
1676623620,+2.76,+28.682, +4.975,+0.930
1676623740,+2.76,+28.682, +5.153,+0.930
1676623860,+2.76,+28.656, +5.148,+0.931
1676623980,+2.76,+28.656, +4.930,+0.929
1676624100,+2.76,+28.665, +5.105,+0.931
1676624220,+2.76,+28.639, +5.096,+0.930
1676624340,+2.76,+28.622, +5.054,+0.930
1676624460,+2.76,+28.630, +5.137,+0.931
1676624580,+2.76,+28.639, +5.387,+0.934
1676624700,+2.76,+28.639, +5.194,+0.932
1676624820,+2.76,+28.622, +5.037,+0.931
1676624940,+2.76,+28.647, +5.209,+0.932
1676625060,+2.76,+28.647, +5.199,+0.932
1676625180,+2.76,+28.630, +5.259,+0.933
1676625300,+2.76,+28.639, +5.427,+0.934
1676625420,+2.76,+28.588, +5.291,+0.934
1676625540,+2.76,+28.596, +5.349,+0.933
1676625660,+2.75,+28.579, +5.272,+0.933
1676625780,+2.76,+28.579, +5.394,+0.934
1676625900,+2.75,+28.562, +5.301,+0.934
1676626020,+2.75,+28.562, +5.405,+0.934
1676626140,+2.76,+28.596, +5.532,+0.935
1676626260,+2.76,+28.536, +5.374,+0.934
1676626380,+2.76,+28.570, +5.505,+0.935
1676626500,+2.76,+28.588, +5.664,+0.936
1676626620,+2.76,+28.570, +5.536,+0.936
1676626740,+2.75,+28.553, +5.498,+0.935
1676626860,+2.76,+28.570, +5.543,+0.935
1676626980,+2.76,+28.545, +5.425,+0.935
1676627100,+2.75,+28.570, +5.570,+0.936
1676627220,+2.76,+28.562, +5.484,+0.935
1676627340,+2.76,+28.579, +5.548,+0.936
1676627460,+2.75,+28.562, +5.546,+0.935
1676627580,+2.76,+28.545, +5.520,+0.935
1676627700,+2.76,+28.553, +5.509,+0.935
1676627820,+2.76,+28.536, +5.511,+0.936
1676627940,+2.75,+28.519, +5.499,+0.936
1676628060,+2.75,+28.511, +5.498,+0.935
1676628180,+2.76,+28.528, +5.518,+0.935
1676628300,+2.76,+28.502, +5.451,+0.935
1676628420,+2.76,+28.519, +5.420,+0.936
1676628540,+2.76,+28.528, +5.479,+0.935
1676628660,+2.76,+28.553, +5.526,+0.936
1676628780,+2.76,+28.511, +5.349,+0.935
1676628900,+2.75,+28.502, +5.412,+0.934
1676629020,+2.76,+28.511, +5.291,+0.934
1676629140,+2.76,+28.494, +5.182,+0.934
1676629260,+2.76,+28.502, +5.223,+0.933
1676629380,+2.76,+28.476, +5.178,+0.933
1676629500,+2.76,+28.476, +5.141,+0.933
1676629620,+2.76,+28.476, +5.130,+0.932
1676629740,+2.76,+28.459, +5.107,+0.933
1676629860,+2.76,+28.468, +5.090,+0.931
1676629980,+2.76,+28.459, +4.963,+0.929
1676630100,+2.76,+28.468, +4.940,+0.929
1676630220,+2.76,+28.442, +4.905,+0.928
1676630340,+2.76,+28.451, +5.046,+0.930
1676630460,+2.76,+28.400, +4.996,+0.933
1676630580,+2.76,+28.391, +5.007,+0.932
1676630700,+2.76,+28.425, +4.974,+0.930
1676630820,+2.76,+28.442, +4.977,+0.927
1676630940,+2.76,+28.434, +4.865,+0.927
1676631060,+2.76,+28.425, +4.747,+0.923
1676631180,+2.76,+28.400, +4.736,+0.921
1676631300,+2.76,+28.408, +4.524,+0.916
1676631420,+2.76,+28.417, +4.588,+0.914
1676631540,+2.76,+28.408, +4.656,+0.914
1676631660,+2.76,+28.400, +4.523,+0.916
1676631780,+2.76,+28.382, +4.426,+0.911
1676631900,+2.76,+28.391, +4.386,+0.910
1676632020,+2.76,+28.400, +4.375,+0.908
1676632140,+2.76,+28.391, +4.337,+0.908
1676632260,+2.76,+28.382, +4.246,+0.905
1676632380,+2.76,+28.382, +4.146,+0.900
1676632500,+2.76,+28.365, +4.019,+0.898
1676632620,+2.76,+28.348, +3.924,+0.890
1676632740,+2.76,+28.348, +3.900,+0.888
1676632860,+2.76,+28.348, +3.784,+0.886
1676632980,+2.76,+28.348, +3.674,+0.880
1676633100,+2.76,+28.331, +3.758,+0.884
1676633220,+2.76,+28.331, +3.763,+0.880
1676633340,+2.76,+28.340, +3.861,+0.884
1676633460,+2.76,+28.314, +3.821,+0.885
1676633580,+2.76,+28.314, +3.669,+0.880
1676633700,+2.76,+28.323, +3.533,+0.876
1676633820,+2.76,+28.289, +3.463,+0.874
1676633940,+2.76,+28.289, +3.478,+0.873
1676634060,+2.76,+28.271, +3.469,+0.874
1676634180,+2.76,+28.271, +3.568,+0.875
1676634300,+2.76,+28.254, +3.594,+0.880
1676634420,+2.76,+28.263, +3.617,+0.878
1676634540,+2.76,+28.254, +3.713,+0.881
1676634660,+2.76,+28.237, +3.660,+0.882
1676634780,+2.76,+28.254, +3.679,+0.880
1676634900,+2.76,+28.246, +3.755,+0.885
1676635020,+2.76,+28.212, +3.614,+0.883
1676635140,+2.76,+28.220, +3.661,+0.883
1676635260,+2.76,+28.212, +3.614,+0.885
1676635380,+2.76,+28.203, +3.667,+0.885
1676635500,+2.76,+28.195, +3.618,+0.886
1676635620,+2.76,+28.195, +3.614,+0.882
1676635740,+2.76,+28.178, +3.694,+0.885
1676635860,+2.76,+28.169, +3.718,+0.887
1676635980,+2.76,+28.169, +3.712,+0.888
1676636100,+2.76,+28.143, +3.713,+0.890
1676636220,+2.76,+28.152, +3.779,+0.892
1676636340,+2.76,+28.161, +3.691,+0.893
1676636460,+2.76,+28.143, +3.654,+0.892
1676636580,+2.76,+28.126, +3.590,+0.891
1676636700,+2.76,+28.143, +3.727,+0.889
1676636820,+2.76,+28.135, +3.703,+0.891
1676636940,+2.76,+28.143, +3.633,+0.890
1676637060,+2.76,+28.135, +3.615,+0.890
1676637180,+2.76,+28.135, +3.681,+0.890
1676637300,+2.76,+28.143, +3.652,+0.891
1676637420,+2.76,+28.118, +3.706,+0.892
1676637540,+2.76,+28.092, +3.644,+0.890
1676637660,+2.76,+28.109, +3.560,+0.886
1676637780,+2.76,+28.101, +3.475,+0.885
1676637900,+2.76,+28.092, +3.506,+0.882
1676638020,+2.76,+28.075, +3.554,+0.884
1676638140,+2.76,+28.101, +3.568,+0.885
1676638260,+2.76,+28.067, +3.523,+0.887
1676638380,+2.76,+28.067, +3.485,+0.885
1676638500,+2.76,+28.058, +3.551,+0.886
1676638620,+2.76,+28.058, +3.648,+0.890
1676638740,+2.76,+28.058, +3.731,+0.892
1676638860,+2.76,+28.041, +3.710,+0.893
1676638980,+2.76,+28.041, +3.689,+0.893
1676639100,+2.76,+28.033, +3.647,+0.893
1676639220,+2.76,+28.024, +3.611,+0.891
1676639340,+2.76,+28.033, +3.539,+0.888
1676639460,+2.76,+27.999, +3.495,+0.887
1676639580,+2.76,+27.999, +3.466,+0.887
1676639700,+2.76,+27.999, +3.459,+0.886
1676639820,+2.76,+27.999, +3.482,+0.886
1676639940,+2.76,+27.999, +3.458,+0.885
1676640060,+2.76,+27.973, +3.466,+0.886
1676640180,+2.76,+27.981, +3.535,+0.887
1676640300,+2.76,+27.956, +3.420,+0.887
1676640420,+2.76,+27.947, +3.329,+0.884
1676640540,+2.76,+27.964, +3.283,+0.881
1676640660,+2.76,+27.956, +3.223,+0.881
1676640780,+2.76,+27.930, +3.222,+0.879
1676640900,+2.76,+27.922, +3.251,+0.882
1676641020,+2.76,+27.913, +3.234,+0.881
1676641140,+2.76,+27.913, +3.250,+0.881
1676641260,+2.76,+27.913, +3.263,+0.881
1676641380,+2.76,+27.896, +3.238,+0.884
1676641500,+2.76,+27.888, +3.221,+0.885
1676641620,+2.76,+27.879, +3.187,+0.885
1676641740,+2.76,+27.888, +3.177,+0.884
1676641860,+2.76,+27.871, +3.151,+0.884
1676641980,+2.76,+27.879, +3.206,+0.884
1676642100,+2.76,+27.845, +3.241,+0.887
1676642220,+2.76,+27.845, +3.264,+0.889
1676642340,+2.76,+27.845, +3.111,+0.888
1676642460,+2.76,+27.828, +2.978,+0.883
1676642580,+2.76,+27.811, +2.893,+0.879
1676642700,+2.76,+27.820, +2.865,+0.877
1676642820,+2.76,+27.811, +2.855,+0.876
1676642940,+2.76,+27.786, +2.889,+0.877
1676643060,+2.76,+27.760, +2.893,+0.879
1676643180,+2.76,+27.743, +2.911,+0.879
1676643300,+2.76,+27.752, +2.837,+0.880
1676643420,+2.76,+27.726, +2.752,+0.878
1676643540,+2.76,+27.709, +2.663,+0.874
1676643660,+2.76,+27.675, +2.646,+0.875
1676643780,+2.76,+27.666, +2.600,+0.874
1676643900,+2.76,+27.649, +2.622,+0.872
1676644020,+2.76,+27.641, +2.618,+0.871
1676644140,+2.76,+27.607, +2.489,+0.873
1676644260,+2.76,+27.556, +2.382,+0.871
1676644380,+2.76,+27.530, +2.284,+0.869
1676644500,+2.76,+27.539, +2.278,+0.866
1676644620,+2.76,+27.522, +2.219,+0.865
1676644740,+2.76,+27.488, +2.148,+0.866
1676644860,+2.76,+27.479, +2.093,+0.868
1676644980,+2.76,+27.462, +2.086,+0.868
1676645100,+2.76,+27.462, +1.916,+0.874
1676645220,+2.76,+27.471, +1.942,+0.874
1676645340,+2.76,+27.445, +1.895,+0.869
1676645460,+2.76,+27.445, +1.949,+0.871
1676645580,+2.76,+27.454, +2.029,+0.875
1676645700,+2.76,+27.445, +2.035,+0.874
1676645820,+2.76,+27.428, +1.986,+0.873
1676645940,+2.76,+27.437, +1.965,+0.873
1676646060,+2.76,+27.403, +1.845,+0.872
1676646180,+2.76,+27.386, +1.793,+0.873
1676646300,+2.76,+27.386, +1.789,+0.874
1676646420,+2.76,+27.377, +1.874,+0.878
1676646540,+2.76,+27.369, +1.736,+0.879
1676646660,+2.76,+27.360, +1.654,+0.876
1676646780,+2.76,+27.309, +1.580,+0.877
1676646900,+2.76,+27.326, +1.569,+0.878
1676647020,+2.76,+27.318, +1.615,+0.877
1676647140,+2.76,+27.292, +1.545,+0.879
1676647260,+2.76,+27.284, +1.449,+0.881
1676647380,+2.76,+27.267, +1.398,+0.881
1676647500,+2.76,+27.259, +1.347,+0.878
1676647620,+2.76,+27.225, +1.165,+0.878
1676647740,+2.76,+27.208, +1.013,+0.885
1676647860,+2.76,+27.208, +1.104,+0.887
1676647980,+2.76,+27.216, +1.071,+0.884
1676648100,+2.76,+27.191, +0.974,+0.886
1676648220,+2.76,+27.208, +1.020,+0.884
1676648340,+2.76,+27.199, +0.969,+0.886
1676648460,+2.76,+27.199, +1.061,+0.885
1676648580,+2.76,+27.225, +1.111,+0.884
1676648700,+2.76,+27.250, +1.104,+0.884
1676648820,+2.76,+27.233, +1.020,+0.886
1676648940,+2.76,+27.225, +0.904,+0.888
1676649060,+2.76,+27.233, +0.830,+0.891
1676649180,+2.76,+27.250, +0.734,+0.893
1676649300,+2.76,+27.259, +0.682,+0.895
1676649420,+2.76,+27.276, +0.652,+0.897
1676649540,+2.76,+27.267, +0.646,+0.898
1676649660,+2.76,+27.292, +0.663,+0.899
1676649780,+2.76,+27.301, +0.691,+0.899
1676649900,+2.76,+27.309, +0.663,+0.898
1676650020,+2.76,+27.318, +0.633,+0.898
1676650140,+2.76,+27.318, +0.614,+0.898
1676650260,+2.76,+27.335, +0.590,+0.898
1676650380,+2.76,+27.318, +0.547,+0.899
1676650500,+2.76,+27.318, +0.505,+0.900
1676650620,+2.76,+27.309, +0.471,+0.900
1676650740,+2.76,+27.309, +0.418,+0.903
1676650860,+2.76,+27.318, +0.383,+0.905
1676650980,+2.76,+27.318, +0.356,+0.905
1676651100,+2.76,+27.326, +0.316,+0.906
1676651220,+2.76,+27.335, +0.310,+0.905
1676651340,+2.76,+27.343, +0.305,+0.905
1676651460,+2.76,+27.326, +0.298,+0.905
1676651580,+2.76,+27.326, +0.294,+0.906
1676651700,+2.76,+27.335, +0.293,+0.906
1676651820,+2.76,+27.360, +0.271,+0.909
1676651940,+2.76,+27.343, +0.249,+0.910
1676652060,+2.76,+27.352, +0.221,+0.912
1676652180,+2.76,+27.343, +0.205,+0.913
1676652300,+2.76,+27.352, +0.205,+0.913
1676652420,+2.76,+27.369, +0.200,+0.914
1676652540,+2.76,+27.386, +0.189,+0.915
1676652660,+2.76,+27.403, +0.176,+0.916
1676652780,+2.76,+27.411, +0.162,+0.918
1676652900,+2.76,+27.420, +0.146,+0.919
1676653020,+2.76,+27.420, +0.133,+0.920
1676653140,+2.76,+27.437, +0.121,+0.920
1676653260,+2.76,+27.437, +0.115,+0.921
1676653380,+2.76,+27.445, +0.113,+0.921
1676653500,+2.76,+27.437, +0.112,+0.921
1676653620,+2.76,+27.445, +0.112,+0.921
1676653740,+2.76,+27.462, +0.112,+0.921
1676653860,+2.76,+27.454, +0.112,+0.921
1676653980,+2.76,+27.462, +0.111,+0.921
1676654100,+2.76,+27.479, +0.111,+0.921
1676654220,+2.76,+27.496, +0.112,+0.921
1676654340,+2.76,+27.488, +0.112,+0.921
1676654460,+2.76,+27.505, +0.111,+0.921
1676654580,+2.76,+27.505, +0.111,+0.921
1676654700,+2.76,+27.505, +0.111,+0.921
1676654820,+2.76,+27.530, +0.111,+0.921
1676654940,+2.76,+27.530, +0.111,+0.921
1676655060,+2.76,+27.539, +0.111,+0.921
1676655180,+2.76,+27.564, +0.111,+0.921
1676655300,+2.76,+27.564, +0.111,+0.921
1676655420,+2.76,+27.581, +0.112,+0.921
1676655540,+2.76,+27.573, +0.111,+0.921
1676655660,+2.76,+27.607, +0.111,+0.921
1676655780,+2.76,+27.624, +0.111,+0.921
1676655900,+2.76,+27.624, +0.110,+0.921
1676656020,+2.76,+27.649, +0.111,+0.921
1676656140,+2.76,+27.658, +0.111,+0.921
1676656260,+2.76,+27.666, +0.111,+0.921
1676656380,+2.76,+27.658, +0.111,+0.921
1676656500,+2.76,+27.675, +0.111,+0.921
1676656620,+2.76,+27.683, +0.111,+0.921
1676656740,+2.76,+27.675, +0.110,+0.921
1676656860,+2.76,+27.700, +0.110,+0.921
1676656980,+2.76,+27.692, +0.111,+0.921
1676657100,+2.76,+27.709, +0.111,+0.921
1676657220,+2.76,+27.726, +0.111,+0.921
1676657340,+2.76,+27.735, +0.110,+0.921
1676657460,+2.76,+27.726, +0.110,+0.921
1676657580,+2.76,+27.743, +0.110,+0.921
1676657700,+2.76,+27.752, +0.110,+0.921
1676657820,+2.76,+27.752, +0.110,+0.921
1676657940,+2.76,+27.769, +0.110,+0.921
1676658060,+2.76,+27.777, +0.110,+0.921
1676658180,+2.76,+27.794, +0.110,+0.921
1676658300,+2.76,+27.811, +0.110,+0.921
1676658420,+2.76,+27.803, +0.111,+0.921
1676658540,+2.76,+27.845, +0.110,+0.921
1676658660,+2.76,+27.828, +0.110,+0.921
1676658780,+2.76,+27.854, +0.110,+0.921
1676658900,+2.76,+27.862, +0.110,+0.921
1676659020,+2.76,+27.871, +0.110,+0.921
1676659140,+2.76,+27.905, +0.110,+0.921
1676659260,+2.76,+27.905, +0.109,+0.921
1676659380,+2.76,+27.913, +0.110,+0.921
1676659500,+2.76,+27.922, +0.109,+0.921
1676659620,+2.76,+27.930, +0.109,+0.921
1676659740,+2.76,+27.930, +0.110,+0.921
1676659860,+2.76,+27.939, +0.110,+0.921
1676659980,+2.76,+27.956, +0.110,+0.921
1676660100,+2.76,+27.956, +0.110,+0.921
1676660220,+2.76,+27.964, +0.110,+0.921
1676660340,+2.76,+27.973, +0.110,+0.921
1676660460,+2.76,+27.999, +0.110,+0.921
1676660580,+2.76,+27.999, +0.110,+0.921
1676660700,+2.76,+28.016, +0.110,+0.921
1676660820,+2.76,+28.033, +0.110,+0.921
1676660940,+2.76,+28.058, +0.110,+0.921
1676661060,+2.76,+28.084, +0.110,+0.921
1676661180,+2.76,+28.118, +0.109,+0.921
1676661300,+2.76,+28.135, +0.110,+0.921
1676661420,+2.76,+28.152, +0.109,+0.921
1676661540,+2.76,+28.178, +0.110,+0.921
1676661660,+2.76,+28.186, +0.109,+0.921
1676661780,+2.76,+28.212, +0.110,+0.921
1676661900,+2.76,+28.237, +0.109,+0.921
1676662020,+2.76,+28.246, +0.109,+0.921
1676662140,+2.76,+28.246, +0.109,+0.921
1676662260,+2.76,+28.280, +0.109,+0.921
1676662380,+2.76,+28.297, +0.109,+0.921
1676662500,+2.76,+28.323, +0.109,+0.921
1676662620,+2.76,+28.340, +0.108,+0.920
1676662740,+2.76,+28.365, +0.109,+0.921
1676662860,+2.75,+28.408, +0.109,+0.921
1676662980,+2.76,+28.408, +0.109,+0.921
1676663100,+2.75,+28.434, +0.108,+0.921
1676663220,+2.75,+28.476, +0.108,+0.921
1676663340,+2.75,+28.485, +0.108,+0.921
1676663460,+2.75,+28.502, +0.109,+0.921
1676663580,+2.75,+28.519, +0.108,+0.921
1676663700,+2.75,+28.579, +0.108,+0.921
1676663820,+2.75,+28.588, +0.108,+0.921
1676663940,+2.76,+28.622, +0.108,+0.921
1676664060,+2.76,+28.665, +0.108,+0.921
1676664180,+2.76,+28.707, +0.108,+0.921
1676664300,+2.76,+28.716, +0.108,+0.921
1676664420,+2.76,+28.759, +0.107,+0.921
1676664540,+2.76,+28.750, +0.107,+0.921
1676664660,+2.76,+28.767, +0.107,+0.921
1676664780,+2.76,+28.793, +0.107,+0.921
1676664900,+2.76,+28.784, +0.108,+0.921
1676665020,+2.76,+28.836, +0.107,+0.921
1676665140,+2.76,+28.913, +2.667,+0.922
1676665260,+2.76,+29.067, +6.506,+0.931
1676665380,+2.76,+29.127, +7.903,+0.935
1676665500,+2.76,+29.196, +8.555,+0.938
1676665620,+2.76,+29.239, +8.952,+0.938
1676665740,+2.76,+29.299, +9.162,+0.939
1676665860,+2.75,+29.342, +9.395,+0.939
1676665980,+2.75,+29.368, +9.493,+0.938
1676666100,+2.75,+29.393, +9.635,+0.940
1676666220,+2.75,+29.393, +9.649,+0.940
1676666340,+2.75,+29.402, +9.444,+0.940
1676666460,+2.75,+29.402, +9.613,+0.941
1676666580,+2.75,+29.393, +9.596,+0.940
1676666700,+2.75,+29.359, +9.327,+0.941
1676666820,+2.75,+29.376, +9.321,+0.941
1676666940,+2.75,+29.402, +9.476,+0.940
1676667060,+2.75,+29.402, +9.516,+0.939
1676667180,+2.75,+29.436, +9.591,+0.939
1676667300,+2.75,+29.428, +9.410,+0.939
1676667420,+2.75,+29.428, +9.321,+0.939
1676667540,+2.75,+29.428, +9.431,+0.939
1676667660,+2.75,+29.436, +9.501,+0.940
1676667780,+2.75,+29.428, +9.423,+0.938
1676667900,+2.75,+29.436, +9.499,+0.939
1676668020,+2.75,+29.428, +9.453,+0.939
1676668140,+2.75,+29.462, +9.531,+0.938
1676668260,+2.75,+29.471, +9.590,+0.937
1676668380,+2.75,+29.505, +9.773,+0.937
1676668500,+2.75,+29.539, +9.629,+0.937
1676668620,+2.75,+29.565, +9.748,+0.937
1676668740,+2.75,+29.608, +9.778,+0.936
1676668860,+2.75,+29.669, +9.984,+0.937
1676668980,+2.76,+29.729, +9.953,+0.939
1676669100,+2.76,+29.763,+10.134,+0.937
1676669220,+2.76,+29.806,+10.015,+0.936
1676669340,+2.76,+29.858,+10.186,+0.939
1676669460,+2.76,+29.918,+10.156,+0.939
1676669580,+2.76,+29.927,+10.201,+0.938
1676669700,+2.76,+30.005,+10.357,+0.939
1676669820,+2.76,+30.065,+10.448,+0.939
1676669940,+2.76,+30.091,+10.330,+0.940
1676670060,+2.76,+30.160,+10.478,+0.941
1676670180,+2.76,+30.203,+10.591,+0.939
1676670300,+2.75,+30.264,+10.700,+0.938
1676670420,+2.75,+30.272,+10.744,+0.940
1676670540,+2.75,+30.307,+10.803,+0.941
1676670660,+2.75,+30.359,+10.748,+0.940
1676670780,+2.75,+30.359,+10.767,+0.941
1676670900,+2.75,+30.402,+10.880,+0.939
1676671020,+2.75,+30.454,+10.892,+0.939
1676671140,+2.75,+30.523,+10.957,+0.939
1676671260,+2.75,+30.549,+10.952,+0.939
1676671380,+2.75,+30.584,+11.003,+0.941
1676671500,+2.75,+30.601,+11.079,+0.939
1676671620,+2.75,+30.636,+11.152,+0.940
1676671740,+2.75,+30.705,+11.252,+0.939
1676671860,+2.75,+30.757,+11.281,+0.940
1676671980,+2.75,+30.731,+11.191,+0.941
1676672100,+2.75,+30.783,+11.103,+0.939
1676672220,+2.75,+30.835,+11.190,+0.940
1676672340,+2.75,+30.870,+11.173,+0.938
1676672460,+2.75,+30.861,+11.382,+0.942
1676672580,+2.76,+30.930,+11.421,+0.940
1676672700,+2.76,+30.930,+11.462,+0.937
1676672820,+2.76,+30.930,+11.377,+0.938
1676672940,+2.76,+30.965,+11.642,+0.942
1676673060,+2.76,+30.991,+11.568,+0.939
1676673180,+2.76,+31.009,+11.650,+0.941
1676673300,+2.76,+31.069,+11.666,+0.940
1676673420,+2.76,+31.113,+11.747,+0.941
1676673540,+2.75,+31.113,+11.535,+0.940
1676673660,+2.75,+31.130,+11.649,+0.943
1676673780,+2.75,+31.139,+11.527,+0.943
1676673900,+2.75,+31.148,+11.410,+0.941
1676674020,+2.75,+31.156,+11.713,+0.942
1676674140,+2.75,+31.234,+11.928,+0.941
1676674260,+2.75,+31.295,+11.954,+0.942
1676674380,+2.75,+31.313,+11.769,+0.941
1676674500,+2.75,+31.374,+11.937,+0.942
1676674620,+2.75,+31.487,+12.039,+0.943
1676674740,+2.75,+31.557,+11.969,+0.940
1676674860,+2.75,+31.574,+11.992,+0.941
1676674980,+2.75,+31.635,+12.087,+0.942
1676675100,+2.75,+31.722,+12.108,+0.940
1676675220,+2.75,+31.731,+12.155,+0.941
1676675340,+2.75,+31.766,+12.148,+0.941
1676675460,+2.75,+31.853,+12.202,+0.940
1676675580,+2.75,+31.879,+12.023,+0.941
1676675700,+2.75,+31.879,+12.014,+0.942
1676675820,+2.75,+31.906,+12.024,+0.943
1676675940,+2.75,+31.914,+11.816,+0.941
1676676060,+2.75,+31.888,+11.623,+0.942
1676676180,+2.75,+31.871,+11.569,+0.942
1676676300,+2.75,+31.914,+11.711,+0.942
1676676420,+2.75,+31.949,+11.726,+0.942
1676676540,+2.75,+31.967,+11.662,+0.940
1676676660,+2.75,+31.976,+11.659,+0.941
1676676780,+2.75,+31.897,+11.618,+0.939
1676676900,+2.75,+31.845,+11.494,+0.940
1676677020,+2.75,+31.862,+11.601,+0.940
1676677140,+2.75,+31.853,+11.544,+0.940
1676677260,+2.75,+31.871,+11.596,+0.941
1676677380,+2.75,+31.888,+11.470,+0.940
1676677500,+2.75,+31.827,+11.526,+0.943
1676677620,+2.75,+31.792,+11.437,+0.938
1676677740,+2.75,+31.783,+11.654,+0.942
1676677860,+2.75,+31.810,+11.737,+0.941
1676677980,+2.75,+31.801,+11.826,+0.940
1676678100,+2.75,+31.783,+11.897,+0.942
1676678220,+2.75,+31.827,+11.891,+0.940
1676678340,+2.75,+31.836,+11.867,+0.940
1676678460,+2.75,+31.827,+11.967,+0.941
1676678580,+2.75,+31.871,+12.029,+0.941
1676678700,+2.75,+31.879,+11.896,+0.939
1676678820,+2.75,+31.714,+10.791,+0.939
1676678940,+2.75,+31.287,+10.241,+0.940
1676679060,+2.75,+31.148,+10.242,+0.941
1676679180,+2.75,+31.156,+10.501,+0.941
1676679300,+2.75,+31.156,+10.444,+0.941
1676679420,+2.75,+31.139,+10.415,+0.941
1676679540,+2.76,+31.069,+10.469,+0.941
1676679660,+2.76,+31.069,+10.436,+0.942
1676679780,+2.76,+31.043,+10.318,+0.942
1676679900,+2.76,+31.052,+10.396,+0.941
1676680020,+2.76,+31.017,+10.515,+0.942
1676680140,+2.76,+31.052,+10.509,+0.944
1676680260,+2.76,+31.087,+10.523,+0.942
1676680380,+2.76,+31.069,+10.580,+0.941
1676680500,+2.76,+31.095,+10.557,+0.941
1676680620,+2.75,+31.139,+10.607,+0.941
1676680740,+2.75,+31.139,+10.636,+0.941
1676680860,+2.75,+31.165,+10.565,+0.940
1676680980,+2.75,+31.174,+10.698,+0.942
1676681100,+2.75,+31.200,+10.691,+0.941
1676681220,+2.75,+31.208,+10.785,+0.942
1676681340,+2.75,+31.278,+10.678,+0.942
1676681460,+2.75,+31.269,+10.866,+0.943
1676681580,+2.75,+31.269,+10.847,+0.941
1676681700,+2.75,+31.252,+10.783,+0.941
1676681820,+2.75,+31.269,+10.865,+0.941
1676681940,+2.75,+31.243,+10.982,+0.942
1676682060,+2.75,+31.269,+10.955,+0.942
1676682180,+2.75,+31.278,+10.872,+0.942
1676682300,+2.75,+31.252,+10.996,+0.943
1676682420,+2.75,+31.261,+10.858,+0.940
1676682540,+2.75,+31.243,+10.945,+0.941
1676682660,+2.75,+31.243,+10.920,+0.940
1676682780,+2.75,+31.208,+10.983,+0.942
1676682900,+2.75,+31.217,+11.035,+0.942
1676683020,+2.75,+31.226,+10.787,+0.941
1676683140,+2.75,+31.182,+10.986,+0.942
1676683260,+2.75,+31.208,+10.872,+0.942
1676683380,+2.75,+31.182,+10.786,+0.941
1676683500,+2.75,+31.156,+10.942,+0.942
1676683620,+2.75,+31.174,+10.869,+0.943
1676683740,+2.75,+31.148,+10.833,+0.942
1676683860,+2.75,+31.148,+10.892,+0.943
1676683980,+2.76,+31.130,+10.886,+0.943
1676684100,+2.76,+31.139,+10.848,+0.943
1676684220,+2.76,+31.139,+10.799,+0.942
1676684340,+2.75,+31.113,+10.822,+0.943
1676684460,+2.75,+31.130,+10.751,+0.940
1676684580,+2.76,+31.104,+10.746,+0.942
1676684700,+2.76,+31.095,+10.757,+0.942
1676684820,+2.76,+31.052,+10.709,+0.942
1676684940,+2.76,+31.061,+10.635,+0.943
1676685060,+2.76,+31.043,+10.551,+0.942
1676685180,+2.76,+31.000,+10.471,+0.941
1676685300,+2.76,+31.017,+10.409,+0.942
1676685420,+2.76,+31.009,+10.394,+0.942
1676685540,+2.76,+30.982,+10.410,+0.942
1676685660,+2.76,+30.974,+10.374,+0.941
1676685780,+2.76,+30.974,+10.380,+0.941
1676685900,+2.76,+30.974,+10.420,+0.943
1676686020,+2.76,+30.948,+10.355,+0.941
1676686140,+2.76,+30.948,+10.409,+0.942
1676686260,+2.76,+30.930,+10.380,+0.943
1676686380,+2.76,+30.930,+10.298,+0.944
1676686500,+2.76,+30.922,+10.346,+0.943
1676686620,+2.76,+30.922,+10.335,+0.943
1676686740,+2.76,+30.904,+10.310,+0.941
1676686860,+2.76,+30.913,+10.283,+0.941
1676686980,+2.76,+30.904,+10.263,+0.940
1676687100,+2.76,+30.904,+10.292,+0.942
1676687220,+2.76,+30.904,+10.272,+0.942
1676687340,+2.76,+30.887,+10.254,+0.941
1676687460,+2.76,+30.904,+10.239,+0.941
1676687580,+2.76,+30.887,+10.272,+0.942
1676687700,+2.76,+30.887,+10.244,+0.942
1676687820,+2.76,+30.878,+10.251,+0.943
1676687940,+2.75,+30.878,+10.188,+0.942
1676688060,+2.75,+30.870,+10.170,+0.942
1676688180,+2.75,+30.861,+10.182,+0.944
1676688300,+2.75,+30.852,+10.148,+0.942
1676688420,+2.75,+30.852,+10.146,+0.942
1676688540,+2.75,+30.861,+10.176,+0.944
1676688660,+2.75,+30.852,+10.115,+0.942
1676688780,+2.75,+30.835,+10.116,+0.944
1676688900,+2.75,+30.844,+10.098,+0.942
1676689020,+2.75,+30.844,+10.071,+0.942
1676689140,+2.75,+30.844,+10.100,+0.942
1676689260,+2.75,+30.844,+10.091,+0.942
1676689380,+2.75,+30.844,+10.042,+0.941
1676689500,+2.75,+30.826,+10.090,+0.944
1676689620,+2.75,+30.835,+10.084,+0.944
1676689740,+2.75,+30.835,+10.058,+0.942
1676689860,+2.75,+30.844,+10.016,+0.942
1676689980,+2.75,+30.835,+10.035,+0.942
1676690100,+2.75,+30.835,+10.053,+0.943
1676690220,+2.75,+30.826,+10.019,+0.942
1676690340,+2.75,+30.826, +9.987,+0.941
1676690460,+2.75,+30.818, +9.995,+0.942
1676690580,+2.75,+30.835, +9.945,+0.942
1676690700,+2.75,+30.818, +9.902,+0.941
1676690820,+2.75,+30.809, +9.960,+0.944
1676690940,+2.75,+30.818, +9.894,+0.941
1676691060,+2.75,+30.818, +9.944,+0.943
1676691180,+2.75,+30.818, +9.899,+0.942
1676691300,+2.75,+30.792, +9.870,+0.941
1676691420,+2.75,+30.792, +9.892,+0.943
1676691540,+2.75,+30.800, +9.862,+0.943
1676691660,+2.75,+30.792, +9.876,+0.943
1676691780,+2.75,+30.792, +9.783,+0.940
1676691900,+2.75,+30.774, +9.801,+0.942
1676692020,+2.75,+30.766, +9.791,+0.942
1676692140,+2.75,+30.774, +9.755,+0.942
1676692260,+2.75,+30.766, +9.763,+0.943
1676692380,+2.75,+30.757, +9.689,+0.942
1676692500,+2.75,+30.748, +9.660,+0.942
1676692620,+2.75,+30.748, +9.635,+0.942
1676692740,+2.75,+30.757, +9.585,+0.941
1676692860,+2.75,+30.748, +9.565,+0.942
1676692980,+2.75,+30.722, +9.503,+0.941
1676693100,+2.75,+30.731, +9.479,+0.942
1676693220,+2.75,+30.714, +9.442,+0.942
1676693340,+2.75,+30.696, +9.400,+0.941
1676693460,+2.75,+30.688, +9.373,+0.942
1676693580,+2.75,+30.688, +9.301,+0.942
1676693700,+2.75,+30.670, +9.274,+0.942
1676693820,+2.75,+30.653, +9.252,+0.942
1676693940,+2.75,+30.670, +9.169,+0.940
1676694060,+2.75,+30.653, +9.161,+0.941
1676694180,+2.75,+30.653, +9.106,+0.941
1676694300,+2.75,+30.644, +9.041,+0.941
1676694420,+2.75,+30.636, +9.022,+0.942
1676694540,+2.75,+30.618, +8.952,+0.941
1676694660,+2.75,+30.610, +8.901,+0.941
1676694780,+2.75,+30.610, +8.858,+0.940
1676694900,+2.75,+30.592, +8.835,+0.942
1676695020,+2.75,+30.584, +8.769,+0.941
1676695140,+2.75,+30.575, +8.741,+0.941
1676695260,+2.75,+30.566, +8.706,+0.941
1676695380,+2.75,+30.549, +8.643,+0.942
1676695500,+2.75,+30.540, +8.586,+0.940
1676695620,+2.75,+30.549, +8.567,+0.941
1676695740,+2.75,+30.532, +8.538,+0.942
1676695860,+2.75,+30.523, +8.483,+0.941
1676695980,+2.75,+30.523, +8.420,+0.940
1676696100,+2.75,+30.514, +8.393,+0.941
1676696220,+2.75,+30.480, +8.376,+0.940
1676696340,+2.75,+30.488, +8.349,+0.941
1676696460,+2.75,+30.471, +8.277,+0.940
1676696580,+2.75,+30.445, +8.227,+0.939
1676696700,+2.75,+30.454, +8.223,+0.941
1676696820,+2.75,+30.436, +8.193,+0.941
1676696940,+2.75,+30.428, +8.162,+0.941
1676697060,+2.75,+30.411, +8.129,+0.941
1676697180,+2.75,+30.419, +8.144,+0.942
1676697300,+2.75,+30.411, +8.080,+0.942
1676697420,+2.75,+30.376, +8.035,+0.940
1676697540,+2.75,+30.376, +7.944,+0.939
1676697660,+2.75,+30.359, +7.957,+0.939
1676697780,+2.75,+30.367, +7.933,+0.939
1676697900,+2.75,+30.341, +7.986,+0.940
1676698020,+2.75,+30.341, +7.991,+0.941
1676698140,+2.75,+30.324, +7.890,+0.939
1676698260,+2.75,+30.315, +7.844,+0.940
1676698380,+2.75,+30.298, +7.792,+0.940
1676698500,+2.75,+30.289, +7.774,+0.940
1676698620,+2.75,+30.289, +7.763,+0.940
1676698740,+2.75,+30.264, +7.769,+0.940
1676698860,+2.75,+30.255, +7.718,+0.939
1676698980,+2.75,+30.264, +7.680,+0.940
1676699100,+2.75,+30.238, +7.695,+0.940
1676699220,+2.75,+30.238, +7.713,+0.940
1676699340,+2.76,+30.212, +7.741,+0.940
1676699460,+2.76,+30.203, +7.739,+0.940
1676699580,+2.75,+30.212, +7.701,+0.939
1676699700,+2.75,+30.194, +7.681,+0.940
1676699820,+2.76,+30.194, +7.634,+0.940
1676699940,+2.76,+30.177, +7.664,+0.940
1676700060,+2.76,+30.169, +7.652,+0.939
1676700180,+2.76,+30.151, +7.607,+0.940
1676700300,+2.76,+30.151, +7.595,+0.939
1676700420,+2.76,+30.151, +7.587,+0.940
1676700540,+2.76,+30.143, +7.559,+0.941
1676700660,+2.76,+30.134, +7.565,+0.941
1676700780,+2.76,+30.125, +7.544,+0.940
1676700900,+2.76,+30.134, +7.582,+0.940
1676701020,+2.76,+30.125, +7.623,+0.940
1676701140,+2.76,+30.117, +7.511,+0.940
1676701260,+2.76,+30.099, +7.479,+0.941
1676701380,+2.76,+30.091, +7.460,+0.939
1676701500,+2.76,+30.082, +7.590,+0.940
1676701620,+2.76,+30.099, +7.525,+0.941
1676701740,+2.76,+30.074, +7.510,+0.940
1676701860,+2.76,+30.074, +7.423,+0.938
1676701980,+2.76,+30.065, +7.393,+0.940
1676702100,+2.76,+30.065, +7.504,+0.940
1676702220,+2.76,+30.056, +7.441,+0.939
1676702340,+2.76,+30.048, +7.410,+0.940
1676702460,+2.76,+30.056, +7.357,+0.939
1676702580,+2.76,+30.039, +7.410,+0.940
1676702700,+2.76,+30.056, +7.372,+0.938
1676702820,+2.76,+30.048, +7.446,+0.940
1676702940,+2.76,+30.022, +7.388,+0.940
1676703060,+2.76,+30.030, +7.347,+0.939
1676703180,+2.76,+30.022, +7.321,+0.940
1676703300,+2.76,+30.013, +7.334,+0.940
1676703420,+2.76,+30.005, +7.258,+0.940
1676703540,+2.76,+29.996, +7.229,+0.940
1676703660,+2.76,+29.996, +7.243,+0.939
1676703780,+2.76,+29.979, +7.241,+0.939
1676703900,+2.76,+29.979, +7.218,+0.939
1676704020,+2.76,+29.979, +7.268,+0.940
