7450-646496
OS REV: 1.05 Sensor Cal: 1573749572
Time (sec),  BV (Volts),  T (deg C),  DO (mg/l),  Q ()
1677309780,+2.75,+24.701, +7.998,+0.933
1677309900,+2.75,+24.718, +8.002,+0.933
1677310020,+2.75,+24.701, +8.002,+0.933
1677310140,+2.75,+24.684, +8.009,+0.933
1677310260,+2.75,+24.684, +8.005,+0.933
1677310380,+2.75,+24.676, +8.000,+0.932
1677310500,+2.75,+24.684, +8.006,+0.933
1677310620,+2.75,+24.676, +8.007,+0.933
1677310740,+2.75,+24.659, +8.019,+0.933
1677310860,+2.75,+24.667, +8.022,+0.934
1677310980,+2.75,+24.625, +8.023,+0.933
1677311100,+2.75,+24.642, +8.025,+0.934
1677311220,+2.75,+24.634, +8.008,+0.932
1677311340,+2.75,+24.634, +8.011,+0.932
1677311460,+2.75,+24.617, +8.011,+0.933
1677311580,+2.75,+24.609, +8.023,+0.933
1677311700,+2.75,+24.592, +8.020,+0.932
1677311820,+2.75,+24.600, +8.014,+0.932
1677311940,+2.75,+24.567, +8.031,+0.933
1677312060,+2.75,+24.558, +8.029,+0.932
1677312180,+2.75,+24.567, +8.019,+0.932
1677312300,+2.75,+24.558, +8.032,+0.933
1677312420,+2.75,+24.533, +8.044,+0.933
1677312540,+2.75,+24.533, +8.031,+0.933
1677312660,+2.75,+24.516, +8.040,+0.933
1677312780,+2.75,+24.508, +8.036,+0.933
1677312900,+2.75,+24.508, +8.040,+0.933
1677313020,+2.75,+24.499, +8.025,+0.932
1677313140,+2.75,+24.466, +8.027,+0.931
1677313260,+2.75,+24.458, +8.040,+0.932
1677313380,+2.75,+24.483, +8.033,+0.932
1677313500,+2.75,+24.466, +8.046,+0.933
1677313620,+2.75,+24.441, +8.041,+0.932
1677313740,+2.75,+24.432, +8.041,+0.932
1677313860,+2.75,+24.432, +8.036,+0.932
1677313980,+2.75,+24.432, +8.051,+0.932
1677314100,+2.75,+24.407, +8.033,+0.931
1677314220,+2.75,+24.407, +8.038,+0.932
1677314340,+2.75,+24.416, +8.036,+0.931
1677314460,+2.75,+24.399, +8.051,+0.932
1677314580,+2.75,+24.390, +8.050,+0.932
1677314700,+2.75,+24.382, +8.041,+0.931
1677314820,+2.75,+24.382, +8.055,+0.932
1677314940,+2.75,+24.365, +8.060,+0.932
1677315060,+2.75,+24.348, +8.066,+0.932
1677315180,+2.75,+24.348, +8.073,+0.933
1677315300,+2.75,+24.348, +8.067,+0.933
1677315420,+2.75,+24.348, +8.054,+0.932
1677315540,+2.75,+24.323, +8.067,+0.932
1677315660,+2.75,+24.315, +8.073,+0.932
1677315780,+2.75,+24.323, +8.044,+0.931
1677315900,+2.75,+24.323, +8.080,+0.933
1677316020,+2.75,+24.315, +8.070,+0.933
1677316140,+2.75,+24.298, +8.062,+0.931
1677316260,+2.75,+24.298, +8.065,+0.931
1677316380,+2.75,+24.306, +8.068,+0.932
1677316500,+2.75,+24.298, +8.046,+0.931
1677316620,+2.75,+24.298, +8.081,+0.933
1677316740,+2.75,+24.281, +8.073,+0.932
1677316860,+2.75,+24.273, +8.066,+0.931
1677316980,+2.75,+24.281, +8.086,+0.933
1677317100,+2.75,+24.290, +8.061,+0.931
1677317220,+2.75,+24.290, +8.061,+0.931
1677317340,+2.75,+24.298, +8.080,+0.933
1677317460,+2.75,+24.298, +8.064,+0.932
1677317580,+2.75,+24.290, +8.069,+0.932
1677317700,+2.75,+24.298, +8.072,+0.932
1677317820,+2.75,+24.290, +8.062,+0.931
1677317940,+2.75,+24.298, +8.078,+0.933
1677318060,+2.75,+24.298, +8.061,+0.932
1677318180,+2.75,+24.298, +8.070,+0.932
1677318300,+2.75,+24.306, +8.065,+0.932
1677318420,+2.75,+24.306, +8.067,+0.932
1677318540,+2.75,+24.290, +8.060,+0.931
1677318660,+2.75,+24.290, +8.060,+0.931
1677318780,+2.75,+24.281, +8.077,+0.932
1677318900,+2.75,+24.290, +8.067,+0.932
1677319020,+2.75,+24.281, +8.059,+0.931
1677319140,+2.75,+24.298, +8.051,+0.931
1677319260,+2.75,+24.273, +8.058,+0.931
1677319380,+2.75,+24.265, +8.070,+0.932
1677319500,+2.75,+24.256, +8.060,+0.931
1677319620,+2.75,+24.273, +8.069,+0.932
1677319740,+2.75,+24.265, +8.083,+0.933
1677319860,+2.75,+24.248, +8.074,+0.932
1677319980,+2.74,+24.223, +8.062,+0.931
1677320100,+2.75,+24.239, +8.077,+0.932
1677320220,+2.74,+24.223, +8.080,+0.932
1677320340,+2.74,+24.214, +8.072,+0.931
1677320460,+2.74,+24.189, +8.081,+0.932
1677320580,+2.74,+24.189, +8.081,+0.931
1677320700,+2.74,+24.181, +8.088,+0.932
1677320820,+2.74,+24.189, +8.079,+0.932
1677320940,+2.74,+24.189, +8.076,+0.932
1677321060,+2.75,+24.164, +8.079,+0.931
1677321180,+2.75,+24.172, +8.078,+0.931
1677321300,+2.75,+24.164, +8.087,+0.932
1677321420,+2.75,+24.139, +8.090,+0.932
1677321540,+2.75,+24.155, +8.075,+0.931
1677321660,+2.75,+24.139, +8.072,+0.930
1677321780,+2.75,+24.114, +8.109,+0.932
1677321900,+2.75,+24.114, +8.098,+0.932
1677322020,+2.75,+24.105, +8.089,+0.931
1677322140,+2.75,+24.105, +8.100,+0.932
1677322260,+2.75,+24.097, +8.093,+0.931
1677322380,+2.75,+24.097, +8.097,+0.932
1677322500,+2.75,+24.080, +8.090,+0.931
1677322620,+2.75,+24.072, +8.117,+0.933
1677322740,+2.75,+24.072, +8.104,+0.932
1677322860,+2.75,+24.046, +8.110,+0.932
1677322980,+2.75,+24.080, +8.109,+0.932
1677323100,+2.75,+24.055, +8.107,+0.932
1677323220,+2.75,+24.072, +8.081,+0.930
1677323340,+2.75,+24.038, +8.103,+0.931
1677323460,+2.75,+24.046, +8.093,+0.931
1677323580,+2.75,+24.063, +8.085,+0.931
1677323700,+2.75,+24.046, +8.084,+0.930
1677323820,+2.75,+24.072, +8.083,+0.931
1677323940,+2.75,+24.046, +8.098,+0.931
1677324060,+2.75,+24.030, +8.095,+0.931
1677324180,+2.75,+24.046, +8.096,+0.931
1677324300,+2.75,+24.038, +8.103,+0.931
1677324420,+2.75,+24.038, +8.103,+0.932
1677324540,+2.75,+24.055, +8.093,+0.931
1677324660,+2.75,+24.055, +8.093,+0.931
1677324780,+2.75,+24.046, +8.093,+0.931
1677324900,+2.75,+24.046, +8.086,+0.931
1677325020,+2.75,+24.046, +8.087,+0.931
1677325140,+2.75,+24.046, +8.084,+0.931
1677325260,+2.75,+24.063, +8.096,+0.932
1677325380,+2.75,+24.080, +8.080,+0.931
1677325500,+2.75,+24.088, +8.083,+0.931
1677325620,+2.75,+24.072, +8.085,+0.931
1677325740,+2.75,+24.088, +8.077,+0.931
1677325860,+2.75,+24.088, +8.090,+0.932
1677325980,+2.75,+24.088, +8.082,+0.931
1677326100,+2.75,+24.072, +8.085,+0.931
1677326220,+2.75,+24.097, +8.076,+0.931
1677326340,+2.75,+24.097, +8.078,+0.931
1677326460,+2.75,+24.097, +8.074,+0.931
1677326580,+2.75,+24.122, +8.080,+0.931
1677326700,+2.75,+24.122, +8.059,+0.930
1677326820,+2.75,+24.122, +8.073,+0.931
1677326940,+2.75,+24.114, +8.071,+0.931
1677327060,+2.75,+24.122, +8.068,+0.931
1677327180,+2.75,+24.130, +8.079,+0.932
1677327300,+2.75,+24.139, +8.075,+0.931
1677327420,+2.75,+24.122, +8.076,+0.931
1677327540,+2.74,+24.114, +8.057,+0.930
1677327660,+2.75,+24.080, +8.065,+0.930
1677327780,+2.75,+24.080, +8.080,+0.931
1677327900,+2.75,+24.063, +8.074,+0.931
1677328020,+2.75,+24.055, +8.078,+0.931
1677328140,+2.75,+24.038, +8.090,+0.931
1677328260,+2.75,+24.038, +8.071,+0.931
1677328380,+2.75,+24.038, +8.087,+0.931
1677328500,+2.75,+24.055, +8.087,+0.932
1677328620,+2.75,+24.063, +8.076,+0.931
1677328740,+2.75,+24.055, +8.076,+0.931
1677328860,+2.75,+24.063, +8.071,+0.931
1677328980,+2.75,+24.055, +8.085,+0.932
1677329100,+2.75,+24.063, +8.073,+0.931
1677329220,+2.75,+24.072, +8.079,+0.931
1677329340,+2.75,+24.080, +8.063,+0.930
1677329460,+2.75,+24.080, +8.068,+0.931
1677329580,+2.75,+24.088, +8.076,+0.931
1677329700,+2.75,+24.080, +8.073,+0.931
1677329820,+2.75,+24.097, +8.053,+0.930
1677329940,+2.75,+24.072, +8.085,+0.932
1677330060,+2.75,+24.097, +8.064,+0.931
1677330180,+2.75,+24.105, +8.068,+0.931
1677330300,+2.75,+24.097, +8.069,+0.931
1677330420,+2.75,+24.088, +8.066,+0.931
1677330540,+2.75,+24.088, +8.065,+0.930
1677330660,+2.75,+24.097, +8.069,+0.931
1677330780,+2.75,+24.114, +8.065,+0.931
1677330900,+2.75,+24.105, +8.077,+0.931
1677331020,+2.75,+24.088, +8.059,+0.930
1677331140,+2.75,+24.105, +8.071,+0.931
1677331260,+2.75,+24.105, +8.087,+0.932
1677331380,+2.74,+24.105, +8.070,+0.931
1677331500,+2.75,+24.105, +8.069,+0.931
1677331620,+2.75,+24.122, +8.060,+0.931
1677331740,+2.75,+24.114, +8.072,+0.931
1677331860,+2.75,+24.122, +8.063,+0.931
1677331980,+2.75,+24.097, +8.075,+0.931
1677332100,+2.75,+24.105, +8.066,+0.931
1677332220,+2.75,+24.114, +8.067,+0.931
1677332340,+2.75,+24.088, +8.071,+0.931
1677332460,+2.75,+24.114, +8.062,+0.931
1677332580,+2.75,+24.097, +8.061,+0.930
1677332700,+2.75,+24.114, +8.063,+0.931
1677332820,+2.75,+24.097, +8.075,+0.931
1677332940,+2.75,+24.097, +8.073,+0.931
1677333060,+2.75,+24.114, +8.072,+0.931
1677333180,+2.75,+24.105, +8.071,+0.931
1677333300,+2.75,+24.105, +8.065,+0.931
1677333420,+2.75,+24.122, +8.064,+0.931
1677333540,+2.75,+24.105, +8.076,+0.931
1677333660,+2.75,+24.105, +8.070,+0.931
1677333780,+2.74,+24.105, +8.080,+0.932
1677333900,+2.75,+24.114, +8.077,+0.932
1677334020,+2.74,+24.097, +8.076,+0.932
1677334140,+2.74,+24.122, +8.078,+0.932
1677334260,+2.75,+24.105, +8.086,+0.932
1677334380,+2.75,+24.122, +8.073,+0.932
1677334500,+2.75,+24.122, +8.076,+0.931
1677334620,+2.74,+24.097, +8.073,+0.931
1677334740,+2.75,+24.114, +8.063,+0.931
1677334860,+2.75,+24.114, +8.065,+0.931
1677334980,+2.75,+24.114, +8.078,+0.931
1677335100,+2.74,+24.139, +8.074,+0.932
1677335220,+2.74,+24.139, +8.065,+0.931
1677335340,+2.74,+24.139, +8.063,+0.931
1677335460,+2.75,+24.139, +8.067,+0.931
1677335580,+2.75,+24.139, +8.065,+0.931
1677335700,+2.74,+24.155, +8.067,+0.931
1677335820,+2.74,+24.139, +8.068,+0.931
1677335940,+2.74,+24.139, +8.059,+0.930
1677336060,+2.75,+24.147, +8.063,+0.931
1677336180,+2.74,+24.147, +8.063,+0.931
1677336300,+2.75,+24.164, +8.067,+0.931
1677336420,+2.74,+24.155, +8.078,+0.932
1677336540,+2.74,+24.139, +8.067,+0.931
1677336660,+2.74,+24.147, +8.068,+0.931
1677336780,+2.75,+24.139, +8.070,+0.931
1677336900,+2.75,+24.130, +8.067,+0.931
1677337020,+2.74,+24.147, +8.055,+0.930
1677337140,+2.74,+24.130, +8.078,+0.931
1677337260,+2.74,+24.130, +8.063,+0.930
1677337380,+2.75,+24.139, +8.075,+0.931
1677337500,+2.75,+24.130, +8.080,+0.931
1677337620,+2.74,+24.130, +8.071,+0.931
1677337740,+2.74,+24.147, +8.065,+0.931
1677337860,+2.74,+24.147, +8.056,+0.930
1677337980,+2.74,+24.139, +8.079,+0.932
1677338100,+2.74,+24.147, +8.058,+0.930
1677338220,+2.74,+24.139, +8.071,+0.931
1677338340,+2.74,+24.139, +8.066,+0.931
1677338460,+2.74,+24.130, +8.075,+0.931
1677338580,+2.74,+24.139, +8.066,+0.930
1677338700,+2.74,+24.130, +8.063,+0.930
1677338820,+2.74,+24.139, +8.074,+0.931
1677338940,+2.74,+24.139, +8.079,+0.932
1677339060,+2.74,+24.139, +8.083,+0.932
1677339180,+2.74,+24.139, +8.075,+0.931
1677339300,+2.74,+24.130, +8.069,+0.931
1677339420,+2.74,+24.164, +8.062,+0.931
1677339540,+2.74,+24.155, +8.073,+0.931
1677339660,+2.75,+24.164, +8.050,+0.930
1677339780,+2.74,+24.172, +8.066,+0.931
1677339900,+2.74,+24.147, +8.072,+0.931
1677340020,+2.74,+24.147, +8.074,+0.931
1677340140,+2.74,+24.164, +8.048,+0.930
1677340260,+2.74,+24.155, +8.056,+0.930
1677340380,+2.74,+24.164, +8.070,+0.931
1677340500,+2.74,+24.189, +8.064,+0.931
1677340620,+2.74,+24.197, +8.067,+0.931
1677340740,+2.74,+24.206, +8.064,+0.931
1677340860,+2.74,+24.239, +8.052,+0.930
1677340980,+2.75,+24.239, +8.058,+0.931
1677341100,+2.74,+24.265, +8.047,+0.931
1677341220,+2.75,+24.273, +8.071,+0.932
1677341340,+2.75,+24.298, +8.046,+0.931
1677341460,+2.75,+24.332, +8.048,+0.931
1677341580,+2.75,+24.357, +8.050,+0.932
1677341700,+2.75,+24.382, +8.040,+0.931
1677341820,+2.75,+24.399, +8.043,+0.931
1677341940,+2.75,+24.432, +8.040,+0.931
1677342060,+2.75,+24.432, +8.057,+0.932
1677342180,+2.75,+24.466, +8.033,+0.931
1677342300,+2.75,+24.491, +8.027,+0.931
1677342420,+2.75,+24.516, +8.028,+0.931
1677342540,+2.75,+24.550, +8.023,+0.931
1677342660,+2.75,+24.558, +8.015,+0.931
1677342780,+2.75,+24.583, +8.018,+0.931
1677342900,+2.75,+24.617, +8.018,+0.932
1677343020,+2.75,+24.634, +8.010,+0.931
1677343140,+2.75,+24.659, +8.008,+0.931
1677343260,+2.75,+24.701, +7.991,+0.930
1677343380,+2.75,+24.726, +8.012,+0.932
1677343500,+2.75,+24.751, +8.003,+0.932
1677343620,+2.75,+24.802, +7.982,+0.931
1677343740,+2.75,+24.793, +7.995,+0.931
1677343860,+2.75,+24.819, +7.990,+0.932
1677343980,+2.75,+24.861, +7.984,+0.932
1677344100,+2.75,+24.886, +7.981,+0.932
1677344220,+2.75,+24.911, +7.991,+0.932
1677344340,+2.75,+24.936, +7.982,+0.932
1677344460,+2.75,+24.936, +7.980,+0.931
1677344580,+2.74,+24.961, +7.973,+0.932
1677344700,+2.74,+24.995, +7.958,+0.931
1677344820,+2.74,+25.012, +7.960,+0.931
1677344940,+2.74,+25.037, +7.957,+0.931
1677345060,+2.74,+25.071, +7.953,+0.931
1677345180,+2.74,+25.088, +7.962,+0.932
1677345300,+2.74,+25.130, +7.957,+0.932
1677345420,+2.74,+25.138, +7.951,+0.932
1677345540,+2.74,+25.180, +7.953,+0.932
1677345660,+2.74,+25.197, +7.953,+0.932
1677345780,+2.74,+25.256, +7.933,+0.931
1677345900,+2.74,+25.281, +7.938,+0.932
1677346020,+2.74,+25.315, +7.945,+0.933
1677346140,+2.75,+25.374, +7.928,+0.932
1677346260,+2.75,+25.424, +7.912,+0.932
1677346380,+2.75,+25.475, +7.910,+0.932
1677346500,+2.75,+25.525, +7.900,+0.932
1677346620,+2.75,+25.567, +7.900,+0.932
1677346740,+2.75,+25.618, +7.894,+0.932
1677346860,+2.75,+25.669, +7.880,+0.932
1677346980,+2.75,+25.711, +7.872,+0.932
1677347100,+2.75,+25.753, +7.857,+0.931
1677347220,+2.75,+25.778, +7.863,+0.932
1677347340,+2.75,+25.812, +7.859,+0.932
1677347460,+2.75,+25.837, +7.860,+0.932
1677347580,+2.75,+25.854, +7.862,+0.933
1677347700,+2.75,+25.879, +7.850,+0.932
1677347820,+2.74,+25.921, +7.846,+0.932
1677347940,+2.74,+26.031, +7.831,+0.932
1677348060,+2.74,+26.124, +7.835,+0.933
1677348180,+2.74,+26.183, +7.834,+0.933
1677348300,+2.74,+26.276, +7.811,+0.933
1677348420,+2.74,+26.394, +7.795,+0.933
1677348540,+2.74,+26.462, +7.786,+0.933
1677348660,+2.75,+26.538, +7.775,+0.933
1677348780,+2.75,+26.606, +7.770,+0.932
1677348900,+2.75,+26.691, +7.759,+0.932
1677349020,+2.75,+26.792, +7.751,+0.933
1677349140,+2.74,+26.851, +7.751,+0.933
1677349260,+2.74,+26.936, +7.738,+0.933
1677349380,+2.74,+26.996, +7.747,+0.934
1677349500,+2.74,+27.072, +7.716,+0.932
1677349620,+2.74,+27.114, +7.740,+0.933
1677349740,+2.74,+27.208, +7.718,+0.932
1677349860,+2.74,+27.301, +7.726,+0.934
1677349980,+2.74,+27.377, +7.704,+0.933
1677350100,+2.74,+27.428, +7.699,+0.933
1677350220,+2.74,+27.505, +7.701,+0.934
1677350340,+2.74,+27.590, +7.679,+0.933
1677350460,+2.74,+27.641, +7.674,+0.933
1677350580,+2.74,+27.717, +7.654,+0.933
1677350700,+2.74,+27.803, +7.629,+0.932
1677350820,+2.74,+27.743, +7.653,+0.933
1677350940,+2.74,+27.717, +7.660,+0.933
1677351060,+2.74,+27.811, +7.665,+0.935
1677351180,+2.74,+27.862, +7.644,+0.933
1677351300,+2.74,+27.956, +7.628,+0.934
1677351420,+2.74,+28.007, +7.636,+0.934
1677351540,+2.74,+28.058, +7.603,+0.933
1677351660,+2.74,+28.109, +7.608,+0.933
1677351780,+2.74,+28.152, +7.611,+0.934
1677351900,+2.74,+28.169, +7.625,+0.934
1677352020,+2.74,+28.237, +7.609,+0.934
1677352140,+2.74,+28.289, +7.601,+0.934
1677352260,+2.74,+28.340, +7.603,+0.934
1677352380,+2.74,+28.365, +7.603,+0.934
1677352500,+2.74,+28.408, +7.588,+0.934
1677352620,+2.74,+28.451, +7.589,+0.934
1677352740,+2.74,+28.468, +7.589,+0.935
1677352860,+2.74,+28.545, +7.588,+0.934
1677352980,+2.74,+28.630, +7.574,+0.934
1677353100,+2.74,+28.673, +7.558,+0.934
1677353220,+2.74,+28.742, +7.543,+0.933
1677353340,+2.74,+28.793, +7.563,+0.935
1677353460,+2.74,+28.879, +7.537,+0.934
1677353580,+2.74,+28.913, +7.540,+0.934
1677353700,+2.74,+28.964, +7.540,+0.934
1677353820,+2.74,+28.981, +7.524,+0.933
1677353940,+2.74,+29.024, +7.514,+0.934
1677354060,+2.74,+29.050, +7.531,+0.934
1677354180,+2.74,+29.076, +7.526,+0.934
1677354300,+2.74,+29.127, +7.520,+0.935
1677354420,+2.74,+29.204, +7.484,+0.933
1677354540,+2.74,+29.239, +7.522,+0.935
1677354660,+2.74,+29.282, +7.501,+0.934
1677354780,+2.74,+29.325, +7.505,+0.935
1677354900,+2.74,+29.359, +7.505,+0.935
1677355020,+2.74,+29.419, +7.499,+0.935
1677355140,+2.74,+29.488, +7.467,+0.934
1677355260,+2.74,+29.531, +7.478,+0.934
1677355380,+2.74,+29.582, +7.490,+0.936
1677355500,+2.74,+29.617, +7.472,+0.935
1677355620,+2.74,+29.660, +7.466,+0.934
1677355740,+2.74,+29.694, +7.453,+0.935
1677355860,+2.74,+29.694, +7.462,+0.935
1677355980,+2.74,+29.755, +7.459,+0.935
1677356100,+2.74,+29.798, +7.471,+0.936
1677356220,+2.74,+29.849, +7.451,+0.935
1677356340,+2.74,+29.892, +7.432,+0.934
1677356460,+2.74,+29.841, +7.437,+0.934
1677356580,+2.74,+29.746, +7.455,+0.935
1677356700,+2.74,+29.669, +7.459,+0.934
1677356820,+2.74,+29.608, +7.477,+0.935
1677356940,+2.74,+29.522, +7.467,+0.934
1677357060,+2.74,+29.496, +7.496,+0.935
1677357180,+2.74,+29.574, +7.470,+0.934
1677357300,+2.74,+29.608, +7.478,+0.935
1677357420,+2.74,+29.608, +7.460,+0.934
1677357540,+2.74,+29.660, +7.475,+0.935
1677357660,+2.74,+29.712, +7.481,+0.936
1677357780,+2.74,+29.746, +7.463,+0.935
1677357900,+2.74,+29.669, +7.453,+0.934
1677358020,+2.74,+29.625, +7.474,+0.935
1677358140,+2.74,+29.651, +7.466,+0.935
1677358260,+2.74,+29.703, +7.477,+0.935
1677358380,+2.74,+29.737, +7.468,+0.935
1677358500,+2.74,+29.772, +7.473,+0.935
1677358620,+2.74,+29.798, +7.459,+0.935
1677358740,+2.74,+29.849, +7.458,+0.935
1677358860,+2.74,+29.875, +7.431,+0.933
1677358980,+2.74,+29.910, +7.426,+0.933
1677359100,+2.74,+29.944, +7.447,+0.935
1677359220,+2.74,+30.005, +7.439,+0.935
1677359340,+2.74,+30.030, +7.435,+0.935
1677359460,+2.74,+30.099, +7.416,+0.934
1677359580,+2.74,+30.177, +7.410,+0.934
1677359700,+2.74,+30.220, +7.419,+0.935
1677359820,+2.74,+30.264, +7.412,+0.935
1677359940,+2.74,+30.298, +7.413,+0.935
1677360060,+2.74,+30.367, +7.392,+0.934
1677360180,+2.74,+30.411, +7.402,+0.935
1677360300,+2.74,+30.462, +7.381,+0.934
1677360420,+2.74,+30.506, +7.380,+0.934
1677360540,+2.74,+30.540, +7.357,+0.933
1677360660,+2.74,+30.584, +7.375,+0.935
1677360780,+2.74,+30.662, +7.362,+0.934
1677360900,+2.73,+30.731, +7.362,+0.935
1677361020,+2.74,+30.792, +7.364,+0.935
1677361140,+2.74,+30.861, +7.342,+0.935
1677361260,+2.74,+30.922, +7.340,+0.934
1677361380,+2.74,+31.009, +7.307,+0.934
1677361500,+2.74,+31.061, +7.315,+0.934
1677361620,+2.74,+31.104, +7.316,+0.934
1677361740,+2.74,+31.165, +7.305,+0.934
1677361860,+2.74,+31.217, +7.316,+0.935
1677361980,+2.74,+31.321, +7.286,+0.933
1677362100,+2.74,+31.417, +7.303,+0.935
1677362220,+2.74,+31.513, +7.258,+0.934
1677362340,+2.74,+31.574, +7.262,+0.934
1677362460,+2.73,+31.626, +7.262,+0.934
1677362580,+2.73,+31.670, +7.264,+0.935
1677362700,+2.73,+31.705, +7.274,+0.935
1677362820,+2.73,+31.748, +7.247,+0.934
1677362940,+2.73,+31.714, +7.262,+0.935
1677363060,+2.73,+31.740, +7.254,+0.934
1677363180,+2.73,+31.775, +7.275,+0.935
1677363300,+2.73,+31.792, +7.252,+0.934
1677363420,+2.73,+31.722, +7.248,+0.933
1677363540,+2.73,+31.722, +7.252,+0.933
1677363660,+2.73,+31.722, +7.262,+0.934
1677363780,+2.73,+31.696, +7.258,+0.935
1677363900,+2.73,+31.705, +7.262,+0.934
1677364020,+2.73,+31.574, +7.282,+0.935
1677364140,+2.74,+31.426, +7.304,+0.936
1677364260,+2.74,+31.469, +7.291,+0.934
1677364380,+2.74,+31.496, +7.294,+0.935
1677364500,+2.74,+31.522, +7.279,+0.934
1677364620,+2.74,+31.530, +7.268,+0.933
1677364740,+2.74,+31.548, +7.281,+0.934
1677364860,+2.74,+31.557, +7.261,+0.934
1677364980,+2.73,+31.609, +7.271,+0.934
1677365100,+2.73,+31.635, +7.253,+0.934
1677365220,+2.73,+31.644, +7.272,+0.934
1677365340,+2.73,+31.626, +7.244,+0.933
1677365460,+2.73,+31.618, +7.277,+0.935
1677365580,+2.73,+31.600, +7.252,+0.933
1677365700,+2.73,+31.618, +7.264,+0.934
1677365820,+2.73,+31.626, +7.253,+0.933
1677365940,+2.73,+31.661, +7.264,+0.935
1677366060,+2.73,+31.696, +7.247,+0.934
1677366180,+2.73,+31.661, +7.251,+0.934
1677366300,+2.73,+31.626, +7.264,+0.934
1677366420,+2.73,+31.635, +7.271,+0.934
1677366540,+2.73,+31.670, +7.249,+0.933
1677366660,+2.73,+31.696, +7.252,+0.934
1677366780,+2.73,+31.731, +7.245,+0.934
1677366900,+2.73,+31.748, +7.267,+0.935
1677367020,+2.73,+31.766, +7.254,+0.934
1677367140,+2.73,+31.783, +7.252,+0.934
1677367260,+2.73,+31.827, +7.240,+0.934
1677367380,+2.73,+31.810, +7.245,+0.934
1677367500,+2.73,+31.836, +7.239,+0.934
1677367620,+2.73,+31.836, +7.244,+0.933
1677367740,+2.73,+31.810, +7.253,+0.935
1677367860,+2.73,+31.801, +7.239,+0.934
1677367980,+2.73,+31.818, +7.231,+0.934
1677368100,+2.73,+31.792, +7.241,+0.934
1677368220,+2.73,+31.818, +7.239,+0.935
1677368340,+2.73,+31.845, +7.227,+0.933
1677368460,+2.73,+31.836, +7.253,+0.934
1677368580,+2.73,+31.862, +7.247,+0.935
1677368700,+2.73,+31.871, +7.234,+0.934
1677368820,+2.73,+31.897, +7.234,+0.934
1677368940,+2.73,+31.897, +7.237,+0.934
1677369060,+2.73,+31.914, +7.236,+0.935
1677369180,+2.73,+31.897, +7.230,+0.934
1677369300,+2.73,+31.906, +7.211,+0.933
1677369420,+2.73,+31.897, +7.215,+0.934
1677369540,+2.73,+31.888, +7.201,+0.933
1677369660,+2.73,+31.914, +7.222,+0.934
1677369780,+2.73,+31.906, +7.215,+0.934
1677369900,+2.73,+31.914, +7.238,+0.935
1677370020,+2.74,+31.941, +7.206,+0.933
1677370140,+2.74,+31.949, +7.196,+0.933
1677370260,+2.73,+31.879, +7.231,+0.935
1677370380,+2.73,+31.914, +7.236,+0.935
1677370500,+2.74,+32.002, +7.229,+0.934
1677370620,+2.74,+32.089, +7.198,+0.934
1677370740,+2.74,+32.194, +7.196,+0.933
1677370860,+2.74,+32.299, +7.183,+0.933
1677370980,+2.74,+32.387, +7.175,+0.934
1677371100,+2.74,+32.431, +7.169,+0.933
1677371220,+2.74,+32.527, +7.158,+0.933
1677371340,+2.73,+32.580, +7.164,+0.934
1677371460,+2.73,+32.571, +7.130,+0.933
1677371580,+2.73,+32.554, +7.143,+0.933
1677371700,+2.74,+32.510, +7.156,+0.935
1677371820,+2.74,+32.370, +7.156,+0.934
1677371940,+2.74,+32.387, +7.155,+0.933
1677372060,+2.74,+32.448, +7.166,+0.935
1677372180,+2.74,+32.510, +7.166,+0.935
1677372300,+2.73,+32.571, +7.160,+0.934
1677372420,+2.73,+32.668, +7.138,+0.934
1677372540,+2.73,+32.817, +7.107,+0.934
1677372660,+2.73,+32.949, +7.084,+0.932
1677372780,+2.74,+33.117, +7.072,+0.933
1677372900,+2.74,+33.214, +7.070,+0.933
1677373020,+2.74,+33.284, +7.064,+0.932
1677373140,+2.74,+33.337, +7.058,+0.932
1677373260,+2.74,+33.364, +7.074,+0.933
1677373380,+2.74,+33.417, +7.069,+0.933
1677373500,+2.73,+33.505, +7.053,+0.933
1677373620,+2.73,+33.602, +7.023,+0.932
1677373740,+2.73,+33.664, +7.035,+0.932
1677373860,+2.73,+33.753, +7.019,+0.932
1677373980,+2.73,+33.832, +7.012,+0.931
1677374100,+2.73,+33.877, +7.025,+0.932
1677374220,+2.73,+33.974, +7.001,+0.932
1677374340,+2.73,+34.001, +6.994,+0.931
1677374460,+2.73,+34.054, +6.977,+0.931
1677374580,+2.73,+33.974, +6.995,+0.931
1677374700,+2.73,+33.868, +7.006,+0.931
1677374820,+2.73,+33.779, +7.033,+0.933
1677374940,+2.73,+33.761, +7.022,+0.931
1677375060,+2.73,+33.815, +7.029,+0.932
1677375180,+2.73,+33.832, +7.040,+0.932
1677375300,+2.73,+33.903, +7.005,+0.930
1677375420,+2.73,+34.019, +7.003,+0.932
1677375540,+2.73,+34.107, +6.997,+0.931
1677375660,+2.73,+34.098, +6.992,+0.931
1677375780,+2.73,+34.045, +7.001,+0.931
1677375900,+2.73,+34.010, +7.007,+0.932
1677376020,+2.73,+34.019, +7.008,+0.932
1677376140,+2.73,+34.081, +7.003,+0.932
1677376260,+2.73,+34.134, +6.999,+0.932
1677376380,+2.73,+34.214, +6.981,+0.931
1677376500,+2.73,+34.258, +6.969,+0.931
1677376620,+2.73,+34.276, +6.974,+0.932
1677376740,+2.73,+34.187, +6.968,+0.931
1677376860,+2.73,+34.116, +6.974,+0.931
1677376980,+2.73,+33.921, +6.994,+0.932
1677377100,+2.73,+33.832, +6.998,+0.932
1677377220,+2.73,+33.770, +7.017,+0.933
1677377340,+2.73,+33.691, +7.024,+0.933
1677377460,+2.73,+33.585, +7.024,+0.932
1677377580,+2.73,+33.531, +7.024,+0.932
1677377700,+2.73,+33.487, +7.033,+0.932
1677377820,+2.73,+33.487, +7.032,+0.932
1677377940,+2.73,+33.505, +7.039,+0.932
1677378060,+2.73,+33.638, +7.027,+0.931
1677378180,+2.73,+33.877, +7.020,+0.932
1677378300,+2.73,+34.081, +6.995,+0.932
1677378420,+2.73,+34.187, +6.979,+0.931
1677378540,+2.73,+34.312, +6.965,+0.932
1677378660,+2.73,+34.498, +6.928,+0.929
1677378780,+2.73,+34.668, +6.932,+0.930
1677378900,+2.73,+34.801, +6.938,+0.931
1677379020,+2.73,+34.864, +6.914,+0.930
1677379140,+2.73,+34.900, +6.907,+0.930
1677379260,+2.73,+34.828, +6.914,+0.930
1677379380,+2.73,+34.703, +6.911,+0.930
1677379500,+2.73,+34.445, +6.930,+0.930
1677379620,+2.73,+34.249, +6.978,+0.932
1677379740,+2.73,+34.107, +6.980,+0.931
1677379860,+2.73,+33.956, +6.998,+0.932
1677379980,+2.73,+33.797, +7.011,+0.931
1677380100,+2.73,+33.708, +7.036,+0.933
1677380220,+2.73,+33.611, +7.040,+0.932
1677380340,+2.73,+33.505, +7.072,+0.933
1677380460,+2.74,+33.496, +7.062,+0.933
1677380580,+2.73,+33.567, +7.055,+0.932
1677380700,+2.73,+33.673, +7.064,+0.932
1677380820,+2.73,+33.691, +7.070,+0.934
1677380940,+2.73,+33.717, +7.033,+0.932
1677381060,+2.73,+33.673, +7.063,+0.933
1677381180,+2.73,+33.708, +7.073,+0.933
1677381300,+2.73,+33.930, +7.078,+0.933
1677381420,+2.73,+34.472, +7.058,+0.932
1677381540,+2.73,+35.320, +7.034,+0.930
1677381660,+2.73,+36.399, +6.900,+0.926
1677381780,+2.72,+36.417, +7.014,+0.927
1677381900,+2.72,+36.426, +7.126,+0.928
1677382020,+2.72,+36.426, +7.208,+0.929
1677382140,+2.72,+36.444, +7.264,+0.929
1677382260,+2.72,+36.435, +7.351,+0.932
1677382380,+2.72,+36.444, +7.379,+0.931
1677382500,+2.72,+36.426, +7.427,+0.932
1677382620,+2.72,+36.435, +7.489,+0.934
1677382740,+2.73,+36.417, +7.495,+0.932
1677382860,+2.72,+36.426, +7.513,+0.931
1677382980,+2.72,+36.435, +7.526,+0.932
1677383100,+2.72,+36.426, +7.543,+0.933
1677383220,+2.72,+36.417, +7.503,+0.933
1677383340,+2.72,+36.426, +7.517,+0.933
1677383460,+2.72,+36.426, +7.547,+0.933
1677383580,+2.72,+36.417, +7.556,+0.934
1677383700,+2.72,+36.426, +7.531,+0.933
1677383820,+2.72,+36.417, +7.526,+0.933
1677383940,+2.72,+36.417, +7.469,+0.933
1677384060,+2.72,+36.426, +7.421,+0.930
1677384180,+2.72,+36.426, +7.275,+0.930
1677384300,+2.72,+36.426, +7.185,+0.931
1677384420,+2.72,+36.426, +7.060,+0.928
1677384540,+2.72,+36.435, +6.993,+0.928
1677384660,+2.72,+36.435, +6.921,+0.927
1677384780,+2.72,+36.435, +6.801,+0.924
1677384900,+2.72,+36.417, +6.754,+0.925
1677385020,+2.73,+35.930, +6.794,+0.927
1677385140,+2.73,+35.436, +6.840,+0.928
1677385260,+2.73,+34.926, +6.921,+0.931
1677385380,+2.73,+34.472, +6.952,+0.931
1677385500,+2.73,+33.983, +6.997,+0.933
1677385620,+2.73,+33.523, +7.077,+0.934
1677385740,+2.74,+33.134, +7.120,+0.933
1677385860,+2.73,+32.800, +7.166,+0.935
1677385980,+2.73,+32.536, +7.167,+0.933
1677386100,+2.74,+32.221, +7.233,+0.936
1677386220,+2.73,+31.923, +7.252,+0.936
1677386340,+2.73,+31.626, +7.294,+0.936
1677386460,+2.74,+31.348, +7.310,+0.935
1677386580,+2.74,+31.174, +7.356,+0.936
1677386700,+2.74,+30.956, +7.365,+0.936
1677386820,+2.73,+30.783, +7.381,+0.935
1677386940,+2.73,+30.592, +7.397,+0.935
1677387060,+2.74,+30.393, +7.420,+0.935
1677387180,+2.74,+30.194, +7.448,+0.936
1677387300,+2.74,+30.039, +7.443,+0.935
1677387420,+2.74,+29.849, +7.485,+0.935
1677387540,+2.74,+29.660, +7.503,+0.936
1677387660,+2.74,+29.557, +7.508,+0.936
1677387780,+2.74,+29.419, +7.541,+0.936
1677387900,+2.74,+29.316, +7.557,+0.936
1677388020,+2.74,+29.230, +7.561,+0.936
1677388140,+2.74,+29.161, +7.565,+0.936
1677388260,+2.74,+29.033, +7.579,+0.936
1677388380,+2.74,+28.930, +7.596,+0.936
1677388500,+2.74,+28.827, +7.609,+0.936
1677388620,+2.74,+28.724, +7.617,+0.936
1677388740,+2.74,+28.639, +7.627,+0.936
1677388860,+2.74,+28.528, +7.631,+0.935
1677388980,+2.74,+28.485, +7.640,+0.936
1677389100,+2.74,+28.400, +7.654,+0.936
1677389220,+2.74,+28.323, +7.655,+0.935
1677389340,+2.74,+28.237, +7.659,+0.935
1677389460,+2.74,+28.178, +7.665,+0.935
1677389580,+2.74,+28.067, +7.685,+0.935
1677389700,+2.74,+27.990, +7.697,+0.935
1677389820,+2.74,+27.913, +7.711,+0.936
1677389940,+2.74,+27.862, +7.697,+0.935
1677390060,+2.74,+27.786, +7.706,+0.935
1677390180,+2.74,+27.726, +7.727,+0.935
1677390300,+2.74,+27.666, +7.727,+0.935
1677390420,+2.74,+27.641, +7.741,+0.935
1677390540,+2.74,+27.581, +7.753,+0.936
1677390660,+2.74,+27.530, +7.760,+0.935
1677390780,+2.74,+27.462, +7.760,+0.935
1677390900,+2.74,+27.437, +7.757,+0.935
1677391020,+2.74,+27.403, +7.772,+0.936
1677391140,+2.74,+27.343, +7.760,+0.934
1677391260,+2.74,+27.301, +7.771,+0.934
1677391380,+2.74,+27.250, +7.793,+0.936
1677391500,+2.74,+27.199, +7.798,+0.935
1677391620,+2.74,+27.199, +7.795,+0.936
1677391740,+2.74,+27.131, +7.794,+0.935
1677391860,+2.74,+27.089, +7.802,+0.935
1677391980,+2.74,+27.055, +7.797,+0.935
1677392100,+2.74,+27.029, +7.804,+0.935
1677392220,+2.74,+26.979, +7.806,+0.935
1677392340,+2.74,+26.953, +7.810,+0.935
1677392460,+2.74,+26.911, +7.812,+0.934
1677392580,+2.74,+26.877, +7.818,+0.934
1677392700,+2.74,+26.843, +7.817,+0.934
1677392820,+2.74,+26.809, +7.816,+0.934
1677392940,+2.74,+26.775, +7.827,+0.935
1677393060,+2.74,+26.707, +7.832,+0.934
1677393180,+2.75,+26.665, +7.844,+0.935
1677393300,+2.75,+26.614, +7.844,+0.934
1677393420,+2.75,+26.581, +7.844,+0.934
1677393540,+2.75,+26.521, +7.859,+0.934
1677393660,+2.75,+26.504, +7.858,+0.933
1677393780,+2.75,+26.496, +7.860,+0.934
1677393900,+2.74,+26.479, +7.867,+0.934
1677394020,+2.74,+26.454, +7.868,+0.934
1677394140,+2.74,+26.437, +7.862,+0.934
1677394260,+2.74,+26.420, +7.875,+0.934
1677394380,+2.74,+26.411, +7.878,+0.934
1677394500,+2.74,+26.403, +7.895,+0.936
1677394620,+2.74,+26.378, +7.880,+0.934
1677394740,+2.74,+26.361, +7.873,+0.934
1677394860,+2.74,+26.361, +7.879,+0.934
1677394980,+2.74,+26.344, +7.885,+0.934
1677395100,+2.74,+26.327, +7.863,+0.933
1677395220,+2.74,+26.293, +7.864,+0.932
1677395340,+2.74,+26.293, +7.887,+0.934
1677395460,+2.74,+26.268, +7.878,+0.934
1677395580,+2.74,+26.251, +7.873,+0.933
1677395700,+2.74,+26.234, +7.881,+0.933
1677395820,+2.74,+26.209, +7.887,+0.933
1677395940,+2.74,+26.217, +7.884,+0.934
1677396060,+2.74,+26.209, +7.901,+0.934
1677396180,+2.74,+26.200, +7.881,+0.933
