7450-646496
OS REV: 1.05 Sensor Cal: 1573749572
Time (sec),  BV (Volts),  T (deg C),  DO (mg/l),  Q ()
1678563900,+2.72,+28.904,+12.225,+0.930
1678564020,+2.71,+28.913,+11.571,+0.930
1678564140,+2.71,+28.913,+12.349,+0.928
1678564260,+2.71,+28.913,+12.835,+0.930
1678564380,+2.71,+28.930,+14.022,+0.925
1678564500,+2.71,+28.921,+12.828,+0.928
1678564620,+2.71,+28.939,+12.772,+0.930
1678564740,+2.71,+28.939,+12.748,+0.930
1678564860,+2.71,+28.956,+12.291,+0.928
1678564980,+2.71,+28.956,+13.771,+0.927
1678565100,+2.71,+28.956,+13.204,+0.929
1678565220,+2.71,+28.956,+13.283,+0.930
1678565340,+2.71,+28.964,+13.031,+0.929
1678565460,+2.71,+28.964,+11.930,+0.931
1678565580,+2.71,+28.956,+11.680,+0.931
1678565700,+2.71,+28.964,+11.427,+0.933
1678565820,+2.71,+28.939,+11.167,+0.932
1678565940,+2.71,+28.956,+11.721,+0.929
1678566060,+2.71,+28.964,+12.111,+0.932
1678566180,+2.71,+28.973,+12.076,+0.930
1678566300,+2.71,+28.990,+12.189,+0.931
1678566420,+2.71,+28.981,+11.245,+0.931
1678566540,+2.71,+28.981,+10.650,+0.932
1678566660,+2.71,+28.964,+11.096,+0.932
1678566780,+2.71,+28.956,+11.425,+0.931
1678566900,+2.71,+28.973,+12.238,+0.931
1678567020,+2.71,+28.964,+12.508,+0.930
1678567140,+2.71,+28.999,+12.396,+0.930
1678567260,+2.71,+28.981,+12.739,+0.929
1678567380,+2.71,+28.990,+13.996,+0.928
1678567500,+2.71,+29.033,+14.844,+0.927
1678567620,+2.71,+29.067,+15.459,+0.926
1678567740,+2.71,+29.084,+15.651,+0.928
1678567860,+2.71,+29.110,+15.152,+0.926
1678567980,+2.71,+29.119,+14.966,+0.927
1678568100,+2.71,+29.110,+13.456,+0.930
1678568220,+2.71,+29.101,+11.985,+0.930
1678568340,+2.71,+29.101,+11.746,+0.932
1678568460,+2.71,+29.076,+11.837,+0.930
1678568580,+2.71,+29.076,+11.880,+0.932
1678568700,+2.71,+29.067,+12.371,+0.931
1678568820,+2.71,+29.076,+12.941,+0.931
1678568940,+2.71,+29.093,+14.829,+0.930
1678569060,+2.71,+29.110,+14.450,+0.927
1678569180,+2.71,+29.136,+15.393,+0.927
1678569300,+2.71,+29.170,+15.568,+0.924
1678569420,+2.71,+29.179,+14.890,+0.931
1678569540,+2.71,+29.204,+15.867,+0.923
1678569660,+2.71,+29.239,+16.387,+0.922
1678569780,+2.71,+29.256,+15.371,+0.929
1678569900,+2.71,+29.256,+14.963,+0.927
1678570020,+2.71,+29.273,+16.260,+0.926
1678570140,+2.71,+29.256,+14.506,+0.928
1678570260,+2.71,+29.256,+13.537,+0.930
1678570380,+2.71,+29.247,+12.336,+0.931
1678570500,+2.71,+29.239,+12.128,+0.932
1678570620,+2.71,+29.239,+12.520,+0.934
1678570740,+2.71,+29.222,+13.486,+0.931
1678570860,+2.71,+29.230,+13.642,+0.931
1678570980,+2.71,+29.256,+14.713,+0.928
1678571100,+2.71,+29.256,+14.506,+0.927
1678571220,+2.71,+29.264,+15.978,+0.926
1678571340,+2.71,+29.273,+16.500,+0.924
1678571460,+2.71,+29.282,+15.791,+0.926
1678571580,+2.71,+29.299,+15.539,+0.928
1678571700,+2.71,+29.290,+14.397,+0.930
1678571820,+2.71,+29.282,+13.431,+0.933
1678571940,+2.71,+29.273,+13.308,+0.933
1678572060,+2.71,+29.282,+13.112,+0.931
1678572180,+2.71,+29.264,+13.847,+0.931
1678572300,+2.71,+29.299,+15.283,+0.929
1678572420,+2.71,+29.299,+17.039,+0.927
1678572540,+2.71,+29.325,+16.066,+0.926
1678572660,+2.71,+29.333,+15.079,+0.928
1678572780,+2.71,+29.325,+15.494,+0.928
1678572900,+2.71,+29.333,+14.417,+0.931
1678573020,+2.71,+29.333,+14.774,+0.929
1678573140,+2.71,+29.316,+14.301,+0.930
1678573260,+2.71,+29.333,+13.580,+0.932
1678573380,+2.71,+29.333,+14.254,+0.931
1678573500,+2.71,+29.325,+15.464,+0.929
1678573620,+2.71,+29.325,+15.832,+0.928
1678573740,+2.71,+29.368,+17.368,+0.925
1678573860,+2.71,+29.376,+17.613,+0.926
1678573980,+2.71,+29.402,+17.143,+0.926
1678574100,+2.71,+29.436,+17.350,+0.920
1678574220,+2.71,+29.471,+17.501,+0.925
1678574340,+2.71,+29.496,+18.065,+0.925
1678574460,+2.71,+29.531,+17.549,+0.924
1678574580,+2.71,+29.539,+18.184,+0.924
1678574700,+2.71,+29.574,+17.444,+0.925
1678574820,+2.71,+29.608,+17.831,+0.923
1678574940,+2.71,+29.625,+16.113,+0.927
1678575060,+2.71,+29.677,+16.415,+0.929
1678575180,+2.71,+29.677,+16.380,+0.928
1678575300,+2.71,+29.686,+16.363,+0.931
1678575420,+2.71,+29.677,+15.981,+0.926
1678575540,+2.71,+29.677,+16.099,+0.929
1678575660,+2.71,+29.677,+16.342,+0.930
1678575780,+2.71,+29.677,+15.567,+0.930
1678575900,+2.71,+29.669,+15.552,+0.930
1678576020,+2.71,+29.686,+16.759,+0.932
1678576140,+2.71,+29.651,+15.178,+0.928
1678576260,+2.71,+29.643,+15.313,+0.929
1678576380,+2.71,+29.651,+16.164,+0.929
1678576500,+2.71,+29.660,+16.019,+0.932
1678576620,+2.71,+29.651,+14.842,+0.932
1678576740,+2.71,+29.651,+15.640,+0.928
1678576860,+2.71,+29.651,+15.409,+0.930
1678576980,+2.71,+29.643,+15.908,+0.930
1678577100,+2.71,+29.643,+15.797,+0.929
1678577220,+2.71,+29.669,+16.500,+0.927
1678577340,+2.71,+29.677,+16.385,+0.926
1678577460,+2.71,+29.686,+15.620,+0.928
1678577580,+2.71,+29.694,+16.604,+0.929
1678577700,+2.71,+29.720,+15.848,+0.929
1678577820,+2.71,+29.720,+16.571,+0.928
1678577940,+2.71,+29.720,+16.068,+0.928
1678578060,+2.71,+29.729,+16.152,+0.928
1678578180,+2.71,+29.755,+16.470,+0.928
1678578300,+2.71,+29.763,+16.170,+0.926
1678578420,+2.71,+29.815,+17.065,+0.926
1678578540,+2.71,+29.841,+17.539,+0.929
1678578660,+2.71,+29.832,+16.882,+0.929
1678578780,+2.71,+29.841,+16.583,+0.926
1678578900,+2.71,+29.867,+17.236,+0.928
1678579020,+2.71,+29.858,+16.658,+0.929
1678579140,+2.71,+29.841,+16.390,+0.928
1678579260,+2.71,+29.884,+16.728,+0.930
1678579380,+2.71,+29.892,+15.924,+0.928
1678579500,+2.71,+29.884,+17.058,+0.929
1678579620,+2.71,+29.910,+16.412,+0.927
1678579740,+2.71,+29.910,+15.926,+0.928
1678579860,+2.71,+29.918,+15.841,+0.930
1678579980,+2.71,+29.892,+15.660,+0.930
1678580100,+2.71,+29.884,+15.859,+0.929
1678580220,+2.71,+29.867,+15.759,+0.930
1678580340,+2.71,+29.875,+15.400,+0.930
1678580460,+2.71,+29.875,+15.800,+0.927
1678580580,+2.71,+29.849,+16.255,+0.931
1678580700,+2.71,+29.875,+15.670,+0.929
1678580820,+2.71,+29.884,+14.886,+0.927
1678580940,+2.71,+29.867,+14.966,+0.928
1678581060,+2.71,+29.858,+14.917,+0.929
1678581180,+2.71,+29.858,+15.058,+0.931
1678581300,+2.71,+29.858,+14.784,+0.929
1678581420,+2.71,+29.867,+14.349,+0.929
1678581540,+2.71,+29.824,+14.100,+0.933
1678581660,+2.71,+29.832,+13.545,+0.932
1678581780,+2.71,+29.824,+13.891,+0.933
1678581900,+2.71,+29.798,+14.158,+0.935
1678582020,+2.71,+29.832,+15.646,+0.928
1678582140,+2.71,+29.832,+15.423,+0.929
1678582260,+2.71,+29.849,+16.046,+0.927
1678582380,+2.71,+29.841,+15.293,+0.930
1678582500,+2.71,+29.867,+15.563,+0.930
1678582620,+2.71,+29.849,+13.737,+0.933
1678582740,+2.71,+29.832,+13.797,+0.932
1678582860,+2.71,+29.841,+13.710,+0.931
1678582980,+2.71,+29.824,+13.048,+0.933
1678583100,+2.71,+29.815,+13.234,+0.932
1678583220,+2.71,+29.815,+13.589,+0.934
1678583340,+2.71,+29.789,+13.808,+0.932
1678583460,+2.71,+29.789,+13.159,+0.933
1678583580,+2.71,+29.806,+13.241,+0.934
1678583700,+2.71,+29.798,+13.673,+0.931
1678583820,+2.71,+29.772,+13.814,+0.932
1678583940,+2.71,+29.806,+14.445,+0.932
1678584060,+2.71,+29.806,+13.996,+0.930
1678584180,+2.71,+29.780,+13.934,+0.932
1678584300,+2.71,+29.780,+13.876,+0.932
1678584420,+2.71,+29.789,+14.304,+0.931
1678584540,+2.71,+29.789,+14.566,+0.929
1678584660,+2.71,+29.780,+13.892,+0.931
1678584780,+2.71,+29.780,+14.788,+0.932
1678584900,+2.71,+29.815,+14.278,+0.930
1678585020,+2.71,+29.789,+14.454,+0.933
1678585140,+2.71,+29.806,+14.072,+0.931
1678585260,+2.71,+29.798,+13.713,+0.930
1678585380,+2.71,+29.798,+13.921,+0.930
1678585500,+2.71,+29.798,+13.806,+0.931
1678585620,+2.71,+29.806,+14.539,+0.931
1678585740,+2.71,+29.789,+13.422,+0.932
1678585860,+2.71,+29.780,+13.634,+0.934
1678585980,+2.71,+29.780,+14.653,+0.933
1678586100,+2.71,+29.789,+14.930,+0.930
1678586220,+2.71,+29.798,+14.350,+0.930
1678586340,+2.71,+29.780,+14.107,+0.934
1678586460,+2.71,+29.780,+13.695,+0.931
1678586580,+2.71,+29.780,+13.182,+0.933
1678586700,+2.71,+29.780,+13.458,+0.933
1678586820,+2.71,+29.772,+13.546,+0.933
1678586940,+2.71,+29.780,+13.506,+0.933
1678587060,+2.71,+29.780,+13.617,+0.933
1678587180,+2.71,+29.798,+13.807,+0.934
1678587300,+2.71,+29.806,+12.782,+0.934
1678587420,+2.71,+29.806,+11.131,+0.937
1678587540,+2.71,+29.772,+10.188,+0.936
1678587660,+2.71,+29.755,+10.007,+0.935
1678587780,+2.71,+29.737, +9.821,+0.936
1678587900,+2.71,+29.737, +9.491,+0.933
1678588020,+2.71,+29.737, +9.368,+0.935
1678588140,+2.71,+29.720, +9.323,+0.934
1678588260,+2.71,+29.720, +9.288,+0.935
1678588380,+2.71,+29.694, +9.263,+0.934
1678588500,+2.71,+29.694, +9.247,+0.935
1678588620,+2.71,+29.677, +9.143,+0.934
1678588740,+2.71,+29.669, +9.061,+0.934
1678588860,+2.71,+29.660, +9.268,+0.935
1678588980,+2.71,+29.643, +9.966,+0.936
1678589100,+2.71,+29.660,+10.246,+0.934
1678589220,+2.71,+29.651,+10.535,+0.934
1678589340,+2.71,+29.625,+10.696,+0.936
1678589460,+2.71,+29.643,+10.899,+0.935
1678589580,+2.71,+29.651,+10.886,+0.934
1678589700,+2.71,+29.660,+10.882,+0.934
1678589820,+2.71,+29.643,+11.008,+0.933
1678589940,+2.71,+29.643,+10.924,+0.934
1678590060,+2.71,+29.625,+10.396,+0.935
1678590180,+2.71,+29.634,+10.117,+0.936
1678590300,+2.71,+29.617, +9.856,+0.934
1678590420,+2.71,+29.625, +9.876,+0.934
1678590540,+2.71,+29.625,+10.186,+0.936
1678590660,+2.71,+29.625,+10.408,+0.935
1678590780,+2.71,+29.634,+10.828,+0.935
1678590900,+2.71,+29.617,+10.450,+0.935
1678591020,+2.71,+29.608, +9.869,+0.935
1678591140,+2.71,+29.608, +9.223,+0.933
1678591260,+2.71,+29.582, +9.158,+0.935
1678591380,+2.71,+29.591, +9.476,+0.935
1678591500,+2.71,+29.591, +9.710,+0.935
1678591620,+2.71,+29.591, +9.830,+0.935
1678591740,+2.71,+29.574, +9.587,+0.936
1678591860,+2.71,+29.574, +8.998,+0.935
1678591980,+2.71,+29.565, +8.787,+0.934
1678592100,+2.71,+29.565, +8.749,+0.934
1678592220,+2.71,+29.557, +8.709,+0.934
1678592340,+2.71,+29.531, +8.716,+0.934
1678592460,+2.71,+29.539, +8.743,+0.934
1678592580,+2.71,+29.531, +8.740,+0.934
1678592700,+2.71,+29.505, +8.603,+0.933
1678592820,+2.71,+29.514, +8.523,+0.933
1678592940,+2.71,+29.522, +8.453,+0.933
1678593060,+2.71,+29.496, +8.372,+0.934
1678593180,+2.71,+29.505, +8.248,+0.933
1678593300,+2.71,+29.488, +8.188,+0.934
1678593420,+2.71,+29.496, +8.127,+0.933
1678593540,+2.71,+29.471, +8.130,+0.934
1678593660,+2.71,+29.471, +8.001,+0.932
1678593780,+2.71,+29.479, +8.094,+0.933
1678593900,+2.71,+29.462, +8.008,+0.933
1678594020,+2.71,+29.453, +7.919,+0.933
1678594140,+2.71,+29.428, +7.809,+0.933
1678594260,+2.71,+29.428, +7.806,+0.933
1678594380,+2.71,+29.419, +7.708,+0.933
1678594500,+2.71,+29.445, +7.747,+0.933
1678594620,+2.71,+29.419, +7.640,+0.933
1678594740,+2.71,+29.419, +7.574,+0.933
1678594860,+2.71,+29.393, +7.504,+0.933
1678594980,+2.71,+29.402, +7.462,+0.933
1678595100,+2.71,+29.385, +7.473,+0.932
1678595220,+2.71,+29.385, +7.418,+0.933
1678595340,+2.71,+29.385, +7.395,+0.932
1678595460,+2.71,+29.376, +7.372,+0.932
1678595580,+2.71,+29.350, +7.310,+0.933
1678595700,+2.71,+29.350, +7.225,+0.932
1678595820,+2.71,+29.333, +7.285,+0.933
1678595940,+2.71,+29.333, +7.229,+0.932
1678596060,+2.71,+29.350, +7.180,+0.933
1678596180,+2.71,+29.333, +7.136,+0.933
1678596300,+2.71,+29.325, +7.129,+0.932
1678596420,+2.71,+29.342, +7.079,+0.932
1678596540,+2.71,+29.333, +7.102,+0.932
1678596660,+2.71,+29.316, +6.998,+0.932
1678596780,+2.71,+29.316, +7.100,+0.932
1678596900,+2.71,+29.316, +7.047,+0.931
1678597020,+2.71,+29.333, +6.951,+0.930
1678597140,+2.71,+29.325, +6.938,+0.932
1678597260,+2.71,+29.316, +7.012,+0.933
1678597380,+2.71,+29.299, +6.943,+0.931
1678597500,+2.71,+29.290, +6.837,+0.932
1678597620,+2.71,+29.290, +6.874,+0.932
1678597740,+2.71,+29.299, +6.901,+0.932
1678597860,+2.71,+29.282, +6.903,+0.932
1678597980,+2.71,+29.290, +6.852,+0.931
1678598100,+2.71,+29.273, +6.934,+0.932
1678598220,+2.71,+29.273, +6.896,+0.933
1678598340,+2.71,+29.282, +6.813,+0.932
1678598460,+2.71,+29.273, +6.800,+0.932
1678598580,+2.71,+29.256, +6.702,+0.932
1678598700,+2.71,+29.256, +6.754,+0.932
1678598820,+2.71,+29.273, +6.771,+0.932
1678598940,+2.71,+29.256, +6.804,+0.931
1678599060,+2.71,+29.256, +6.847,+0.932
1678599180,+2.71,+29.273, +6.692,+0.932
1678599300,+2.71,+29.256, +6.752,+0.931
1678599420,+2.71,+29.247, +6.712,+0.931
1678599540,+2.71,+29.230, +6.652,+0.931
1678599660,+2.71,+29.239, +6.560,+0.931
1678599780,+2.71,+29.230, +6.577,+0.932
1678599900,+2.71,+29.230, +6.500,+0.931
1678600020,+2.71,+29.213, +6.400,+0.932
1678600140,+2.71,+29.222, +6.411,+0.932
1678600260,+2.71,+29.222, +6.423,+0.932
1678600380,+2.71,+29.230, +6.443,+0.931
1678600500,+2.71,+29.213, +6.627,+0.932
1678600620,+2.71,+29.204, +6.665,+0.932
1678600740,+2.71,+29.213, +6.661,+0.933
1678600860,+2.71,+29.196, +6.554,+0.931
1678600980,+2.71,+29.204, +6.593,+0.931
1678601100,+2.71,+29.204, +6.550,+0.932
1678601220,+2.71,+29.196, +6.465,+0.932
1678601340,+2.71,+29.179, +6.398,+0.930
1678601460,+2.71,+29.179, +6.508,+0.932
1678601580,+2.71,+29.179, +6.425,+0.931
1678601700,+2.71,+29.161, +6.530,+0.932
1678601820,+2.71,+29.161, +6.573,+0.931
1678601940,+2.71,+29.179, +6.389,+0.931
1678602060,+2.71,+29.170, +6.411,+0.931
1678602180,+2.71,+29.161, +6.441,+0.931
1678602300,+2.71,+29.161, +6.396,+0.931
1678602420,+2.71,+29.153, +6.437,+0.932
1678602540,+2.71,+29.161, +6.511,+0.932
1678602660,+2.71,+29.144, +6.477,+0.931
1678602780,+2.71,+29.153, +6.420,+0.931
1678602900,+2.71,+29.153, +6.427,+0.931
1678603020,+2.71,+29.161, +6.370,+0.931
1678603140,+2.71,+29.161, +6.394,+0.931
1678603260,+2.71,+29.127, +6.354,+0.931
1678603380,+2.71,+29.127, +6.432,+0.931
1678603500,+2.71,+29.136, +6.397,+0.932
1678603620,+2.71,+29.136, +6.397,+0.930
1678603740,+2.71,+29.136, +6.340,+0.931
1678603860,+2.71,+29.127, +6.300,+0.931
1678603980,+2.71,+29.110, +6.299,+0.930
1678604100,+2.71,+29.127, +6.272,+0.931
1678604220,+2.71,+29.119, +6.276,+0.932
1678604340,+2.71,+29.110, +6.188,+0.931
1678604460,+2.71,+29.110, +6.259,+0.931
1678604580,+2.71,+29.101, +6.247,+0.932
1678604700,+2.71,+29.101, +6.206,+0.931
1678604820,+2.71,+29.093, +6.168,+0.930
1678604940,+2.71,+29.093, +6.246,+0.930
1678605060,+2.71,+29.093, +6.189,+0.931
1678605180,+2.71,+29.093, +6.201,+0.931
1678605300,+2.71,+29.093, +6.126,+0.931
1678605420,+2.71,+29.084, +6.212,+0.931
1678605540,+2.71,+29.093, +6.179,+0.930
1678605660,+2.71,+29.076, +6.191,+0.931
1678605780,+2.71,+29.084, +6.123,+0.931
1678605900,+2.71,+29.076, +6.064,+0.931
1678606020,+2.71,+29.076, +6.119,+0.931
1678606140,+2.71,+29.067, +6.029,+0.930
1678606260,+2.71,+29.059, +6.088,+0.930
1678606380,+2.71,+29.059, +6.068,+0.930
1678606500,+2.71,+29.059, +5.991,+0.930
1678606620,+2.71,+29.050, +5.914,+0.930
1678606740,+2.71,+29.050, +5.922,+0.930
1678606860,+2.71,+29.041, +5.954,+0.930
1678606980,+2.71,+29.024, +6.021,+0.930
1678607100,+2.71,+29.033, +5.952,+0.930
1678607220,+2.71,+29.016, +5.942,+0.931
1678607340,+2.71,+29.024, +5.954,+0.930
1678607460,+2.71,+29.024, +6.040,+0.930
1678607580,+2.71,+29.007, +6.017,+0.930
1678607700,+2.71,+29.007, +6.002,+0.930
1678607820,+2.71,+28.999, +5.966,+0.931
1678607940,+2.71,+28.999, +5.888,+0.930
1678608060,+2.71,+28.990, +5.902,+0.930
1678608180,+2.71,+28.990, +5.785,+0.930
1678608300,+2.71,+28.990, +5.740,+0.930
1678608420,+2.71,+28.981, +5.782,+0.930
1678608540,+2.71,+28.973, +5.793,+0.930
1678608660,+2.71,+28.964, +5.842,+0.930
1678608780,+2.71,+28.947, +5.777,+0.931
1678608900,+2.71,+28.956, +5.878,+0.930
1678609020,+2.71,+28.947, +5.834,+0.930
1678609140,+2.71,+28.930, +5.817,+0.930
1678609260,+2.71,+28.939, +5.824,+0.930
1678609380,+2.71,+28.913, +5.699,+0.930
1678609500,+2.71,+28.913, +5.719,+0.930
1678609620,+2.71,+28.913, +5.659,+0.930
1678609740,+2.71,+28.913, +5.614,+0.930
1678609860,+2.71,+28.913, +5.677,+0.930
1678609980,+2.71,+28.904, +5.676,+0.931
1678610100,+2.71,+28.887, +5.619,+0.930
1678610220,+2.71,+28.887, +5.668,+0.930
1678610340,+2.71,+28.887, +5.613,+0.930
1678610460,+2.71,+28.896, +5.619,+0.930
1678610580,+2.71,+28.879, +5.602,+0.930
1678610700,+2.71,+28.879, +5.564,+0.930
1678610820,+2.71,+28.879, +5.578,+0.930
1678610940,+2.71,+28.861, +5.594,+0.930
1678611060,+2.71,+28.853, +5.488,+0.930
1678611180,+2.72,+28.861, +5.501,+0.930
1678611300,+2.71,+28.844, +5.507,+0.930
1678611420,+2.71,+28.853, +5.431,+0.930
1678611540,+2.71,+28.844, +5.507,+0.930
1678611660,+2.71,+28.853, +5.504,+0.930
1678611780,+2.71,+28.836, +5.311,+0.929
1678611900,+2.71,+28.819, +5.463,+0.929
1678612020,+2.72,+28.819, +5.380,+0.930
1678612140,+2.71,+28.819, +5.255,+0.929
1678612260,+2.71,+28.819, +5.372,+0.930
1678612380,+2.72,+28.819, +5.306,+0.930
1678612500,+2.71,+28.801, +5.387,+0.930
1678612620,+2.72,+28.810, +5.315,+0.929
1678612740,+2.71,+28.801, +5.325,+0.929
1678612860,+2.71,+28.801, +5.322,+0.930
1678612980,+2.71,+28.801, +5.290,+0.930
1678613100,+2.71,+28.784, +5.296,+0.929
1678613220,+2.71,+28.801, +5.335,+0.929
1678613340,+2.71,+28.776, +5.244,+0.930
1678613460,+2.71,+28.776, +5.229,+0.930
1678613580,+2.71,+28.776, +5.354,+0.930
1678613700,+2.72,+28.767, +5.189,+0.929
1678613820,+2.71,+28.750, +5.263,+0.929
1678613940,+2.71,+28.742, +5.154,+0.928
1678614060,+2.72,+28.750, +5.165,+0.929
1678614180,+2.72,+28.742, +5.191,+0.929
1678614300,+2.71,+28.724, +5.134,+0.929
1678614420,+2.71,+28.733, +5.184,+0.929
1678614540,+2.72,+28.724, +5.111,+0.929
1678614660,+2.72,+28.707, +5.138,+0.928
1678614780,+2.71,+28.716, +5.172,+0.929
1678614900,+2.72,+28.690, +5.285,+0.929
1678615020,+2.71,+28.682, +5.168,+0.929
1678615140,+2.72,+28.690, +5.225,+0.930
1678615260,+2.72,+28.690, +5.179,+0.929
1678615380,+2.72,+28.682, +5.213,+0.928
1678615500,+2.71,+28.682, +5.175,+0.929
1678615620,+2.71,+28.656, +5.163,+0.929
1678615740,+2.71,+28.647, +5.169,+0.929
1678615860,+2.71,+28.647, +5.121,+0.929
1678615980,+2.71,+28.656, +5.127,+0.929
1678616100,+2.71,+28.630, +5.057,+0.928
1678616220,+2.71,+28.630, +5.066,+0.929
1678616340,+2.71,+28.622, +5.041,+0.929
1678616460,+2.71,+28.613, +5.115,+0.928
1678616580,+2.71,+28.613, +5.109,+0.929
1678616700,+2.71,+28.605, +5.092,+0.929
1678616820,+2.71,+28.605, +5.071,+0.928
1678616940,+2.71,+28.588, +4.932,+0.928
1678617060,+2.71,+28.605, +4.952,+0.928
1678617180,+2.71,+28.596, +5.073,+0.929
1678617300,+2.71,+28.613, +4.981,+0.929
1678617420,+2.71,+28.579, +4.909,+0.928
1678617540,+2.71,+28.596, +4.968,+0.928
1678617660,+2.71,+28.579, +4.939,+0.928
1678617780,+2.71,+28.588, +4.911,+0.928
1678617900,+2.71,+28.562, +5.019,+0.928
1678618020,+2.71,+28.570, +4.899,+0.928
1678618140,+2.71,+28.579, +5.061,+0.929
1678618260,+2.71,+28.562, +4.995,+0.929
1678618380,+2.71,+28.570, +5.021,+0.928
1678618500,+2.71,+28.553, +4.955,+0.928
1678618620,+2.71,+28.553, +4.999,+0.929
1678618740,+2.71,+28.545, +4.986,+0.929
1678618860,+2.71,+28.553, +4.966,+0.928
1678618980,+2.71,+28.536, +4.980,+0.929
1678619100,+2.71,+28.536, +4.951,+0.928
1678619220,+2.71,+28.528, +4.995,+0.928
1678619340,+2.71,+28.528, +4.984,+0.929
1678619460,+2.71,+28.536, +4.997,+0.928
1678619580,+2.71,+28.528, +4.991,+0.929
1678619700,+2.71,+28.528, +4.984,+0.928
1678619820,+2.71,+28.511, +4.906,+0.929
1678619940,+2.71,+28.519, +5.011,+0.929
1678620060,+2.71,+28.502, +4.992,+0.929
1678620180,+2.71,+28.485, +4.981,+0.928
1678620300,+2.71,+28.485, +4.954,+0.928
1678620420,+2.71,+28.502, +4.986,+0.929
1678620540,+2.71,+28.476, +4.958,+0.928
1678620660,+2.71,+28.468, +4.976,+0.929
1678620780,+2.71,+28.476, +4.866,+0.928
1678620900,+2.71,+28.459, +4.979,+0.928
1678621020,+2.71,+28.459, +5.021,+0.928
1678621140,+2.71,+28.459, +4.926,+0.928
1678621260,+2.71,+28.442, +4.896,+0.929
1678621380,+2.71,+28.425, +4.791,+0.928
1678621500,+2.71,+28.442, +4.875,+0.928
1678621620,+2.71,+28.425, +4.859,+0.928
1678621740,+2.71,+28.434, +4.933,+0.929
1678621860,+2.71,+28.417, +4.910,+0.929
1678621980,+2.71,+28.400, +4.978,+0.929
1678622100,+2.71,+28.417, +4.941,+0.928
1678622220,+2.71,+28.408, +5.010,+0.929
1678622340,+2.71,+28.408, +4.925,+0.928
1678622460,+2.71,+28.400, +4.957,+0.929
1678622580,+2.71,+28.391, +5.038,+0.929
1678622700,+2.71,+28.400, +5.011,+0.928
1678622820,+2.71,+28.365, +4.976,+0.929
1678622940,+2.71,+28.391, +4.904,+0.928
1678623060,+2.71,+28.391, +4.891,+0.928
1678623180,+2.71,+28.357, +4.975,+0.928
1678623300,+2.71,+28.365, +4.957,+0.928
1678623420,+2.71,+28.365, +4.967,+0.929
1678623540,+2.71,+28.365, +4.816,+0.928
1678623660,+2.71,+28.365, +4.929,+0.929
1678623780,+2.71,+28.357, +4.986,+0.929
1678623900,+2.71,+28.340, +4.912,+0.928
1678624020,+2.71,+28.340, +5.004,+0.928
1678624140,+2.71,+28.331, +4.862,+0.928
1678624260,+2.71,+28.314, +4.935,+0.929
1678624380,+2.71,+28.331, +4.919,+0.928
1678624500,+2.71,+28.331, +5.001,+0.927
1678624620,+2.71,+28.314, +4.977,+0.929
1678624740,+2.71,+28.314, +4.893,+0.929
1678624860,+2.71,+28.314, +4.871,+0.929
1678624980,+2.71,+28.314, +5.017,+0.929
1678625100,+2.71,+28.289, +4.829,+0.928
1678625220,+2.71,+28.297, +4.942,+0.928
1678625340,+2.71,+28.314, +4.926,+0.928
1678625460,+2.71,+28.289, +4.971,+0.929
1678625580,+2.71,+28.289, +4.912,+0.929
1678625700,+2.71,+28.271, +4.871,+0.928
1678625820,+2.71,+28.280, +4.933,+0.928
1678625940,+2.71,+28.280, +4.983,+0.928
1678626060,+2.71,+28.271, +4.899,+0.928
1678626180,+2.71,+28.280, +4.864,+0.928
1678626300,+2.71,+28.271, +4.845,+0.928
1678626420,+2.71,+28.254, +4.907,+0.929
1678626540,+2.71,+28.263, +4.856,+0.928
1678626660,+2.71,+28.263, +4.951,+0.928
1678626780,+2.71,+28.263, +4.939,+0.929
1678626900,+2.71,+28.254, +5.006,+0.929
1678627020,+2.71,+28.254, +4.961,+0.928
1678627140,+2.71,+28.246, +4.924,+0.928
1678627260,+2.71,+28.254, +4.902,+0.929
1678627380,+2.71,+28.229, +4.960,+0.928
1678627500,+2.71,+28.237, +4.956,+0.928
1678627620,+2.71,+28.254, +4.898,+0.928
1678627740,+2.71,+28.237, +4.969,+0.929
1678627860,+2.71,+28.237, +4.943,+0.928
1678627980,+2.71,+28.237, +4.969,+0.928
1678628100,+2.71,+28.212, +5.029,+0.928
1678628220,+2.71,+28.237, +4.982,+0.928
1678628340,+2.71,+28.212, +4.990,+0.929
1678628460,+2.71,+28.220, +4.986,+0.928
1678628580,+2.71,+28.203, +5.008,+0.929
1678628700,+2.71,+28.220, +5.013,+0.929
1678628820,+2.71,+28.186, +5.008,+0.928
1678628940,+2.71,+28.212, +4.967,+0.929
1678629060,+2.71,+28.220, +4.964,+0.928
1678629180,+2.71,+28.203, +4.983,+0.928
1678629300,+2.71,+28.203, +4.870,+0.928
1678629420,+2.71,+28.203, +4.970,+0.928
1678629540,+2.71,+28.178, +5.052,+0.928
1678629660,+2.71,+28.195, +4.947,+0.928
1678629780,+2.71,+28.203, +4.989,+0.928
1678629900,+2.71,+28.186, +5.008,+0.928
1678630020,+2.71,+28.195, +4.956,+0.928
1678630140,+2.71,+28.186, +5.037,+0.929
1678630260,+2.71,+28.178, +4.956,+0.929
1678630380,+2.71,+28.186, +5.049,+0.929
1678630500,+2.71,+28.178, +4.969,+0.928
1678630620,+2.71,+28.169, +4.942,+0.928
1678630740,+2.71,+28.169, +5.031,+0.929
1678630860,+2.71,+28.152, +4.950,+0.928
1678630980,+2.71,+28.169, +4.962,+0.929
1678631100,+2.71,+28.178, +4.891,+0.927
1678631220,+2.71,+28.152, +4.979,+0.928
1678631340,+2.71,+28.152, +4.954,+0.928
1678631460,+2.71,+28.152, +5.010,+0.929
1678631580,+2.71,+28.161, +4.956,+0.928
1678631700,+2.71,+28.152, +4.910,+0.928
1678631820,+2.71,+28.152, +4.958,+0.929
1678631940,+2.71,+28.126, +4.978,+0.928
1678632060,+2.71,+28.152, +4.949,+0.929
1678632180,+2.71,+28.118, +4.882,+0.928
1678632300,+2.71,+28.126, +4.882,+0.928
1678632420,+2.71,+28.126, +4.938,+0.929
1678632540,+2.71,+28.135, +4.945,+0.929
1678632660,+2.71,+28.118, +4.918,+0.929
1678632780,+2.71,+28.101, +4.850,+0.928
1678632900,+2.71,+28.109, +4.900,+0.928
1678633020,+2.71,+28.135, +4.888,+0.928
1678633140,+2.71,+28.101, +4.749,+0.928
1678633260,+2.71,+28.101, +4.830,+0.928
1678633380,+2.71,+28.101, +4.846,+0.928
1678633500,+2.71,+28.092, +4.853,+0.927
1678633620,+2.71,+28.109, +4.835,+0.928
1678633740,+2.71,+28.092, +4.807,+0.927
1678633860,+2.71,+28.067, +4.866,+0.928
1678633980,+2.71,+28.075, +4.858,+0.927
1678634100,+2.71,+28.084, +4.778,+0.928
1678634220,+2.71,+28.084, +4.695,+0.928
1678634340,+2.71,+28.067, +4.687,+0.928
1678634460,+2.71,+28.075, +4.763,+0.928
1678634580,+2.71,+28.067, +4.728,+0.928
1678634700,+2.71,+28.041, +4.622,+0.928
1678634820,+2.71,+28.041, +4.646,+0.927
1678634940,+2.71,+28.067, +4.735,+0.928
1678635060,+2.71,+28.033, +4.819,+0.928
1678635180,+2.71,+28.050, +4.650,+0.928
1678635300,+2.71,+28.033, +4.652,+0.928
1678635420,+2.71,+28.041, +4.564,+0.928
1678635540,+2.71,+28.024, +4.580,+0.928
1678635660,+2.71,+28.024, +4.608,+0.928
1678635780,+2.71,+28.016, +4.616,+0.928
1678635900,+2.71,+28.007, +4.600,+0.928
1678636020,+2.71,+28.007, +4.631,+0.928
1678636140,+2.71,+27.999, +4.669,+0.928
1678636260,+2.71,+27.990, +4.656,+0.928
1678636380,+2.71,+27.990, +4.604,+0.928
1678636500,+2.71,+27.981, +4.536,+0.927
1678636620,+2.71,+27.973, +4.583,+0.928
1678636740,+2.71,+27.990, +4.639,+0.928
1678636860,+2.71,+27.981, +4.612,+0.928
1678636980,+2.71,+27.964, +4.676,+0.928
1678637100,+2.71,+27.956, +4.812,+0.928
1678637220,+2.71,+27.964, +4.775,+0.929
1678637340,+2.71,+27.956, +4.778,+0.928
1678637460,+2.71,+27.930, +4.914,+0.928
1678637580,+2.71,+27.956, +5.036,+0.928
1678637700,+2.71,+27.947, +5.073,+0.929
1678637820,+2.71,+27.947, +5.137,+0.929
1678637940,+2.71,+27.939, +5.228,+0.928
1678638060,+2.71,+27.947, +5.317,+0.930
1678638180,+2.71,+27.930, +5.430,+0.929
1678638300,+2.71,+27.930, +5.534,+0.929
1678638420,+2.71,+27.930, +5.633,+0.929
1678638540,+2.71,+27.905, +5.745,+0.930
1678638660,+2.71,+27.913, +5.838,+0.930
1678638780,+2.71,+27.913, +5.862,+0.929
1678638900,+2.71,+27.913, +5.879,+0.930
1678639020,+2.71,+27.922, +5.973,+0.930
1678639140,+2.71,+27.905, +6.065,+0.929
1678639260,+2.71,+27.913, +6.243,+0.928
1678639380,+2.71,+27.913, +6.450,+0.929
1678639500,+2.71,+27.905, +6.614,+0.931
1678639620,+2.71,+27.905, +6.600,+0.930
1678639740,+2.71,+27.913, +6.725,+0.930
1678639860,+2.71,+27.896, +6.914,+0.931
1678639980,+2.71,+27.913, +6.940,+0.930
1678640100,+2.71,+27.922, +7.372,+0.929
1678640220,+2.71,+27.905, +8.046,+0.929
1678640340,+2.71,+27.905, +8.464,+0.928
1678640460,+2.71,+27.896, +8.242,+0.930
1678640580,+2.71,+27.905, +8.267,+0.929
1678640700,+2.71,+27.905, +8.286,+0.928
1678640820,+2.71,+27.922, +7.484,+0.929
1678640940,+2.71,+27.922, +7.885,+0.929
1678641060,+2.71,+27.930, +7.567,+0.930
1678641180,+2.71,+27.922, +7.898,+0.929
1678641300,+2.71,+27.896, +8.863,+0.928
1678641420,+2.71,+27.896, +8.932,+0.929
1678641540,+2.71,+27.930, +8.829,+0.928
1678641660,+2.71,+27.939, +9.539,+0.928
1678641780,+2.71,+27.930,+10.114,+0.928
1678641900,+2.71,+27.913, +9.175,+0.930
1678642020,+2.71,+27.964, +9.763,+0.928
1678642140,+2.71,+27.973,+10.106,+0.930
1678642260,+2.71,+27.956,+10.749,+0.928
1678642380,+2.71,+27.964,+10.315,+0.928
1678642500,+2.71,+27.973,+10.648,+0.928
1678642620,+2.71,+27.973,+11.020,+0.928
1678642740,+2.71,+27.981,+11.218,+0.927
1678642860,+2.71,+27.981,+11.210,+0.927
1678642980,+2.71,+28.024,+11.605,+0.927
1678643100,+2.71,+28.016,+12.204,+0.928
1678643220,+2.71,+28.024,+10.102,+0.930
1678643340,+2.71,+28.016,+11.596,+0.928
1678643460,+2.71,+28.033,+12.714,+0.927
1678643580,+2.71,+28.024,+12.713,+0.928
1678643700,+2.71,+28.050,+12.619,+0.928
1678643820,+2.71,+28.058,+12.621,+0.928
1678643940,+2.71,+28.075,+12.784,+0.927
1678644060,+2.71,+28.058,+13.339,+0.926
1678644180,+2.71,+28.084,+13.072,+0.924
1678644300,+2.71,+28.084,+13.900,+0.924
1678644420,+2.71,+28.092,+13.074,+0.924
1678644540,+2.71,+28.101,+13.502,+0.927
1678644660,+2.71,+28.118,+13.575,+0.924
1678644780,+2.71,+28.143,+14.179,+0.928
1678644900,+2.71,+28.143,+14.484,+0.925
1678645020,+2.71,+28.152,+14.108,+0.926
1678645140,+2.71,+28.161,+14.531,+0.924
1678645260,+2.71,+28.161,+14.476,+0.924
1678645380,+2.71,+28.203,+14.680,+0.925
1678645500,+2.71,+28.195,+13.105,+0.926
1678645620,+2.71,+28.178,+11.585,+0.931
1678645740,+2.71,+28.186,+13.018,+0.927
1678645860,+2.71,+28.186,+13.907,+0.928
1678645980,+2.71,+28.152,+12.775,+0.928
1678646100,+2.71,+28.178,+14.107,+0.929
1678646220,+2.71,+28.178,+12.813,+0.930
1678646340,+2.71,+28.178,+14.089,+0.927
1678646460,+2.71,+28.212,+15.266,+0.928
1678646580,+2.71,+28.220,+16.721,+0.927
1678646700,+2.71,+28.271,+16.372,+0.925
1678646820,+2.71,+28.289,+16.291,+0.925
1678646940,+2.71,+28.297,+17.081,+0.923
1678647060,+2.71,+28.314,+17.034,+0.924
1678647180,+2.71,+28.331,+17.294,+0.923
1678647300,+2.71,+28.348,+18.116,+0.924
1678647420,+2.71,+28.374,+17.794,+0.922
1678647540,+2.71,+28.382,+17.177,+0.924
1678647660,+2.71,+28.391,+17.632,+0.921
1678647780,+2.71,+28.434,+19.133,+0.922
1678647900,+2.71,+28.451,+17.680,+0.924
1678648020,+2.71,+28.459,+17.381,+0.923
1678648140,+2.71,+28.476,+17.439,+0.922
1678648260,+2.71,+28.485,+18.696,+0.924
1678648380,+2.71,+28.511,+18.357,+0.922
1678648500,+2.71,+28.536,+18.277,+0.920
1678648620,+2.71,+28.553,+17.779,+0.920
1678648740,+2.71,+28.579,+17.986,+0.918
1678648860,+2.71,+28.588,+19.285,+0.926
1678648980,+2.71,+28.613,+19.642,+0.920
1678649100,+2.71,+28.647,+20.172,+0.923
1678649220,+2.71,+28.665,+19.591,+0.922
1678649340,+2.71,+28.673,+18.754,+0.924
1678649460,+2.71,+28.690,+17.996,+0.922
1678649580,+2.71,+28.690,+18.043,+0.923
1678649700,+2.71,+28.716,+19.658,+0.919
1678649820,+2.71,+28.733,+20.076,+0.923
1678649940,+2.71,+28.767,+20.611,+0.920
1678650060,+2.71,+28.776,+20.351,+0.921
1678650180,+2.71,+28.793,+20.612,+0.921
1678650300,+2.71,+28.819,+20.288,+0.924
