7450-646496
OS REV: 1.05 Sensor Cal: 1573749572
Time (sec),  BV (Volts),  T (deg C),  DO (mg/l),  Q ()
1676877180,+2.75,+29.875, +5.515,+0.936
1676877300,+2.75,+29.875, +5.482,+0.937
1676877420,+2.75,+29.875, +5.443,+0.937
1676877540,+2.75,+29.892, +5.429,+0.936
1676877660,+2.75,+29.858, +5.380,+0.936
1676877780,+2.75,+29.867, +5.404,+0.936
1676877900,+2.75,+29.832, +5.440,+0.937
1676878020,+2.75,+29.824, +5.458,+0.936
1676878140,+2.75,+29.824, +5.465,+0.936
1676878260,+2.75,+29.815, +5.440,+0.936
1676878380,+2.75,+29.798, +5.426,+0.936
1676878500,+2.75,+29.798, +5.415,+0.937
1676878620,+2.75,+29.780, +5.451,+0.936
1676878740,+2.75,+29.772, +5.443,+0.937
1676878860,+2.75,+29.772, +5.439,+0.937
1676878980,+2.75,+29.755, +5.405,+0.936
1676879100,+2.75,+29.763, +5.370,+0.937
1676879220,+2.75,+29.755, +5.313,+0.936
1676879340,+2.75,+29.763, +5.314,+0.936
1676879460,+2.75,+29.755, +5.333,+0.937
1676879580,+2.75,+29.737, +5.341,+0.937
1676879700,+2.75,+29.729, +5.367,+0.936
1676879820,+2.75,+29.703, +5.350,+0.936
1676879940,+2.75,+29.694, +5.322,+0.936
1676880060,+2.75,+29.694, +5.293,+0.936
1676880180,+2.75,+29.703, +5.282,+0.935
1676880300,+2.75,+29.686, +5.314,+0.936
1676880420,+2.75,+29.677, +5.346,+0.936
1676880540,+2.75,+29.677, +5.414,+0.936
1676880660,+2.75,+29.660, +5.446,+0.937
1676880780,+2.75,+29.643, +5.436,+0.936
1676880900,+2.75,+29.634, +5.440,+0.936
1676881020,+2.75,+29.634, +5.411,+0.936
1676881140,+2.75,+29.625, +5.365,+0.935
1676881260,+2.75,+29.634, +5.338,+0.936
1676881380,+2.75,+29.625, +5.314,+0.936
1676881500,+2.75,+29.625, +5.339,+0.937
1676881620,+2.75,+29.608, +5.343,+0.936
1676881740,+2.75,+29.591, +5.336,+0.936
1676881860,+2.75,+29.591, +5.319,+0.936
1676881980,+2.75,+29.591, +5.364,+0.936
1676882100,+2.75,+29.574, +5.332,+0.936
1676882220,+2.75,+29.574, +5.363,+0.937
1676882340,+2.75,+29.565, +5.335,+0.936
1676882460,+2.75,+29.557, +5.354,+0.936
1676882580,+2.75,+29.574, +5.315,+0.936
1676882700,+2.75,+29.548, +5.360,+0.935
1676882820,+2.75,+29.548, +5.334,+0.936
1676882940,+2.75,+29.548, +5.320,+0.936
1676883060,+2.75,+29.557, +5.314,+0.935
1676883180,+2.75,+29.531, +5.306,+0.936
1676883300,+2.75,+29.539, +5.344,+0.936
1676883420,+2.75,+29.539, +5.338,+0.935
1676883540,+2.75,+29.531, +5.359,+0.936
1676883660,+2.75,+29.522, +5.369,+0.936
1676883780,+2.75,+29.522, +5.404,+0.936
1676883900,+2.75,+29.505, +5.434,+0.936
1676884020,+2.75,+29.505, +5.458,+0.936
1676884140,+2.75,+29.522, +5.389,+0.936
1676884260,+2.75,+29.514, +5.358,+0.936
1676884380,+2.75,+29.488, +5.279,+0.935
1676884500,+2.75,+29.488, +5.304,+0.936
1676884620,+2.75,+29.496, +5.307,+0.936
1676884740,+2.75,+29.479, +5.302,+0.936
1676884860,+2.75,+29.488, +5.325,+0.936
1676884980,+2.75,+29.488, +5.290,+0.936
1676885100,+2.75,+29.479, +5.310,+0.936
1676885220,+2.75,+29.479, +5.318,+0.936
1676885340,+2.75,+29.471, +5.291,+0.936
1676885460,+2.75,+29.488, +5.264,+0.936
1676885580,+2.75,+29.471, +5.263,+0.935
1676885700,+2.75,+29.471, +5.235,+0.936
1676885820,+2.75,+29.471, +5.246,+0.936
1676885940,+2.75,+29.445, +5.234,+0.935
1676886060,+2.75,+29.453, +5.231,+0.936
1676886180,+2.75,+29.453, +5.198,+0.935
1676886300,+2.75,+29.445, +5.199,+0.936
1676886420,+2.75,+29.436, +5.262,+0.936
1676886540,+2.75,+29.453, +5.197,+0.936
1676886660,+2.75,+29.436, +5.182,+0.935
1676886780,+2.75,+29.436, +5.143,+0.935
1676886900,+2.75,+29.436, +5.138,+0.936
1676887020,+2.75,+29.428, +5.121,+0.935
1676887140,+2.75,+29.436, +5.093,+0.935
1676887260,+2.75,+29.436, +5.107,+0.935
1676887380,+2.75,+29.436, +5.094,+0.934
1676887500,+2.75,+29.419, +5.073,+0.936
1676887620,+2.75,+29.436, +5.093,+0.935
1676887740,+2.75,+29.402, +5.037,+0.936
1676887860,+2.75,+29.410, +5.039,+0.935
1676887980,+2.75,+29.410, +5.038,+0.935
1676888100,+2.75,+29.410, +4.990,+0.935
1676888220,+2.75,+29.410, +5.014,+0.934
1676888340,+2.75,+29.402, +5.049,+0.935
1676888460,+2.75,+29.402, +5.013,+0.935
1676888580,+2.75,+29.393, +4.999,+0.936
1676888700,+2.75,+29.393, +4.985,+0.935
1676888820,+2.75,+29.376, +5.004,+0.936
1676888940,+2.75,+29.385, +4.933,+0.935
1676889060,+2.75,+29.385, +4.969,+0.935
1676889180,+2.75,+29.368, +4.953,+0.936
1676889300,+2.75,+29.376, +4.900,+0.935
1676889420,+2.75,+29.376, +4.846,+0.935
1676889540,+2.75,+29.359, +4.837,+0.935
1676889660,+2.75,+29.376, +4.825,+0.935
1676889780,+2.75,+29.350, +4.852,+0.935
1676889900,+2.75,+29.342, +4.816,+0.935
1676890020,+2.75,+29.342, +4.786,+0.935
1676890140,+2.75,+29.342, +4.830,+0.934
1676890260,+2.75,+29.350, +4.755,+0.934
1676890380,+2.75,+29.333, +4.762,+0.935
1676890500,+2.75,+29.342, +4.743,+0.934
1676890620,+2.75,+29.342, +4.712,+0.934
1676890740,+2.75,+29.333, +4.728,+0.934
1676890860,+2.75,+29.316, +4.724,+0.934
1676890980,+2.75,+29.307, +4.742,+0.935
1676891100,+2.75,+29.307, +4.750,+0.935
1676891220,+2.75,+29.282, +4.747,+0.934
1676891340,+2.75,+29.307, +4.778,+0.934
1676891460,+2.75,+29.282, +4.722,+0.934
1676891580,+2.75,+29.290, +4.728,+0.934
1676891700,+2.75,+29.264, +4.818,+0.935
1676891820,+2.75,+29.264, +4.794,+0.935
1676891940,+2.75,+29.256, +4.760,+0.935
1676892060,+2.75,+29.247, +4.780,+0.935
1676892180,+2.75,+29.247, +4.740,+0.935
1676892300,+2.75,+29.247, +4.734,+0.935
1676892420,+2.75,+29.239, +4.678,+0.935
1676892540,+2.75,+29.239, +4.667,+0.934
1676892660,+2.75,+29.213, +4.653,+0.934
1676892780,+2.75,+29.222, +4.647,+0.934
1676892900,+2.75,+29.213, +4.708,+0.935
1676893020,+2.75,+29.204, +4.675,+0.935
1676893140,+2.75,+29.222, +4.672,+0.934
1676893260,+2.75,+29.196, +4.629,+0.935
1676893380,+2.75,+29.204, +4.607,+0.935
1676893500,+2.75,+29.179, +4.641,+0.934
1676893620,+2.75,+29.204, +4.618,+0.934
1676893740,+2.75,+29.179, +4.610,+0.934
1676893860,+2.75,+29.187, +4.601,+0.934
1676893980,+2.75,+29.187, +4.620,+0.935
1676894100,+2.75,+29.170, +4.646,+0.934
1676894220,+2.75,+29.161, +4.650,+0.935
1676894340,+2.75,+29.179, +4.634,+0.934
1676894460,+2.75,+29.170, +4.609,+0.934
1676894580,+2.75,+29.144, +4.641,+0.935
1676894700,+2.75,+29.161, +4.696,+0.934
1676894820,+2.75,+29.161, +4.668,+0.934
1676894940,+2.75,+29.144, +4.655,+0.934
1676895060,+2.75,+29.127, +4.630,+0.935
1676895180,+2.75,+29.119, +4.593,+0.935
1676895300,+2.75,+29.110, +4.595,+0.934
1676895420,+2.75,+29.119, +4.594,+0.934
1676895540,+2.75,+29.119, +4.647,+0.934
1676895660,+2.75,+29.119, +4.626,+0.934
1676895780,+2.75,+29.101, +4.631,+0.935
1676895900,+2.75,+29.101, +4.638,+0.934
1676896020,+2.75,+29.093, +4.614,+0.934
1676896140,+2.75,+29.093, +4.594,+0.934
1676896260,+2.75,+29.067, +4.621,+0.934
1676896380,+2.75,+29.067, +4.628,+0.934
1676896500,+2.75,+29.067, +4.676,+0.934
1676896620,+2.75,+29.059, +4.677,+0.935
1676896740,+2.75,+29.059, +4.701,+0.935
1676896860,+2.75,+29.050, +4.686,+0.935
1676896980,+2.75,+29.050, +4.672,+0.935
1676897100,+2.75,+29.041, +4.641,+0.934
1676897220,+2.75,+29.033, +4.657,+0.934
1676897340,+2.75,+29.024, +4.646,+0.934
1676897460,+2.75,+29.033, +4.620,+0.935
1676897580,+2.75,+29.007, +4.613,+0.934
1676897700,+2.75,+28.999, +4.616,+0.934
1676897820,+2.75,+28.999, +4.554,+0.934
1676897940,+2.75,+28.990, +4.547,+0.934
1676898060,+2.75,+28.999, +4.548,+0.935
1676898180,+2.75,+28.981, +4.516,+0.934
1676898300,+2.75,+28.990, +4.468,+0.934
1676898420,+2.75,+28.990, +4.451,+0.934
1676898540,+2.75,+28.973, +4.488,+0.934
1676898660,+2.75,+28.964, +4.443,+0.934
1676898780,+2.75,+28.973, +4.502,+0.935
1676898900,+2.75,+28.956, +4.469,+0.934
1676899020,+2.75,+28.964, +4.492,+0.935
1676899140,+2.75,+28.939, +4.471,+0.934
1676899260,+2.75,+28.939, +4.474,+0.935
1676899380,+2.75,+28.939, +4.426,+0.935
1676899500,+2.75,+28.947, +4.374,+0.934
1676899620,+2.75,+28.930, +4.381,+0.935
1676899740,+2.75,+28.939, +4.386,+0.934
1676899860,+2.75,+28.913, +4.412,+0.934
1676899980,+2.75,+28.913, +4.430,+0.934
1676900100,+2.75,+28.913, +4.416,+0.934
1676900220,+2.75,+28.904, +4.447,+0.934
1676900340,+2.75,+28.904, +4.442,+0.934
1676900460,+2.75,+28.896, +4.409,+0.934
1676900580,+2.75,+28.879, +4.448,+0.934
1676900700,+2.75,+28.870, +4.437,+0.934
1676900820,+2.75,+28.870, +4.396,+0.934
1676900940,+2.75,+28.861, +4.335,+0.934
1676901060,+2.75,+28.870, +4.274,+0.934
1676901180,+2.75,+28.870, +4.248,+0.934
1676901300,+2.75,+28.861, +4.261,+0.934
1676901420,+2.75,+28.836, +4.231,+0.934
1676901540,+2.75,+28.844, +4.238,+0.934
1676901660,+2.75,+28.853, +4.201,+0.934
1676901780,+2.75,+28.861, +4.196,+0.934
1676901900,+2.75,+28.836, +4.140,+0.934
1676902020,+2.75,+28.844, +4.077,+0.933
1676902140,+2.75,+28.836, +4.016,+0.933
1676902260,+2.75,+28.844, +3.962,+0.934
1676902380,+2.75,+28.836, +3.941,+0.933
1676902500,+2.75,+28.819, +3.923,+0.934
1676902620,+2.75,+28.836, +3.898,+0.933
1676902740,+2.75,+28.861, +3.900,+0.933
1676902860,+2.75,+28.827, +3.866,+0.934
1676902980,+2.75,+28.819, +3.865,+0.933
1676903100,+2.75,+28.819, +3.856,+0.934
1676903220,+2.75,+28.810, +3.876,+0.933
1676903340,+2.75,+28.810, +3.835,+0.934
1676903460,+2.75,+28.801, +3.872,+0.934
1676903580,+2.75,+28.793, +3.864,+0.934
1676903700,+2.75,+28.810, +3.835,+0.933
1676903820,+2.75,+28.776, +3.826,+0.934
1676903940,+2.75,+28.767, +3.824,+0.933
1676904060,+2.75,+28.776, +3.829,+0.934
1676904180,+2.75,+28.776, +3.812,+0.934
1676904300,+2.75,+28.776, +3.813,+0.933
1676904420,+2.75,+28.759, +3.754,+0.933
1676904540,+2.75,+28.750, +3.731,+0.933
1676904660,+2.75,+28.750, +3.709,+0.933
1676904780,+2.75,+28.750, +3.694,+0.933
1676904900,+2.75,+28.742, +3.644,+0.933
1676905020,+2.75,+28.733, +3.623,+0.933
1676905140,+2.75,+28.742, +3.597,+0.934
1676905260,+2.75,+28.724, +3.569,+0.933
1676905380,+2.75,+28.733, +3.535,+0.933
1676905500,+2.75,+28.742, +3.490,+0.933
1676905620,+2.75,+28.724, +3.435,+0.933
1676905740,+2.75,+28.724, +3.453,+0.933
1676905860,+2.75,+28.716, +3.421,+0.933
1676905980,+2.75,+28.716, +3.387,+0.933
1676906100,+2.75,+28.724, +3.398,+0.933
1676906220,+2.75,+28.699, +3.380,+0.933
1676906340,+2.75,+28.690, +3.379,+0.933
1676906460,+2.75,+28.682, +3.361,+0.933
1676906580,+2.75,+28.673, +3.339,+0.933
1676906700,+2.75,+28.682, +3.356,+0.933
1676906820,+2.75,+28.682, +3.334,+0.933
1676906940,+2.75,+28.682, +3.304,+0.933
1676907060,+2.75,+28.682, +3.261,+0.933
1676907180,+2.75,+28.665, +3.238,+0.933
1676907300,+2.75,+28.665, +3.223,+0.933
1676907420,+2.75,+28.673, +3.220,+0.932
1676907540,+2.75,+28.673, +3.191,+0.933
1676907660,+2.75,+28.665, +3.184,+0.933
1676907780,+2.75,+28.665, +3.159,+0.932
1676907900,+2.75,+28.682, +3.171,+0.933
1676908020,+2.75,+28.673, +3.130,+0.933
1676908140,+2.75,+28.665, +3.121,+0.933
1676908260,+2.75,+28.665, +3.127,+0.933
1676908380,+2.75,+28.656, +3.129,+0.933
1676908500,+2.75,+28.665, +3.133,+0.933
1676908620,+2.75,+28.647, +3.173,+0.933
1676908740,+2.75,+28.665, +3.189,+0.933
1676908860,+2.75,+28.647, +3.243,+0.933
1676908980,+2.75,+28.639, +3.272,+0.933
1676909100,+2.75,+28.639, +3.299,+0.933
1676909220,+2.75,+28.639, +3.336,+0.932
1676909340,+2.75,+28.630, +3.373,+0.933
1676909460,+2.75,+28.622, +3.417,+0.933
1676909580,+2.75,+28.613, +3.423,+0.933
1676909700,+2.75,+28.630, +3.433,+0.933
1676909820,+2.75,+28.605, +3.424,+0.933
1676909940,+2.75,+28.596, +3.422,+0.933
1676910060,+2.75,+28.596, +3.432,+0.933
1676910180,+2.75,+28.579, +3.470,+0.933
1676910300,+2.75,+28.570, +3.458,+0.933
1676910420,+2.75,+28.570, +3.448,+0.933
1676910540,+2.75,+28.545, +3.482,+0.933
1676910660,+2.75,+28.528, +3.487,+0.933
1676910780,+2.75,+28.519, +3.496,+0.933
1676910900,+2.75,+28.528, +3.504,+0.933
1676911020,+2.75,+28.511, +3.559,+0.933
1676911140,+2.75,+28.511, +3.590,+0.933
1676911260,+2.75,+28.502, +3.633,+0.933
1676911380,+2.75,+28.502, +3.682,+0.933
1676911500,+2.75,+28.494, +3.724,+0.933
1676911620,+2.75,+28.468, +3.764,+0.933
1676911740,+2.75,+28.485, +3.812,+0.933
1676911860,+2.75,+28.485, +3.869,+0.934
1676911980,+2.75,+28.468, +3.909,+0.933
1676912100,+2.75,+28.476, +3.983,+0.934
1676912220,+2.75,+28.451, +4.006,+0.933
1676912340,+2.75,+28.485, +4.071,+0.934
1676912460,+2.75,+28.451, +4.089,+0.933
1676912580,+2.75,+28.451, +4.131,+0.934
1676912700,+2.75,+28.451, +4.117,+0.933
1676912820,+2.75,+28.459, +4.334,+0.934
1676912940,+2.75,+28.459, +4.563,+0.934
1676913060,+2.75,+28.494, +4.815,+0.933
1676913180,+2.75,+28.502, +5.006,+0.934
1676913300,+2.75,+28.511, +5.106,+0.934
1676913420,+2.75,+28.502, +5.147,+0.933
1676913540,+2.75,+28.528, +5.215,+0.933
1676913660,+2.75,+28.519, +5.314,+0.933
1676913780,+2.75,+28.528, +5.455,+0.934
1676913900,+2.75,+28.562, +5.645,+0.934
1676914020,+2.75,+28.562, +5.803,+0.934
1676914140,+2.75,+28.596, +6.008,+0.934
1676914260,+2.75,+28.613, +6.203,+0.934
1676914380,+2.75,+28.613, +6.251,+0.935
1676914500,+2.75,+28.613, +6.320,+0.935
1676914620,+2.75,+28.630, +6.413,+0.934
1676914740,+2.75,+28.647, +6.513,+0.935
1676914860,+2.75,+28.665, +6.557,+0.934
1676914980,+2.75,+28.682, +6.495,+0.935
1676915100,+2.75,+28.690, +6.741,+0.936
1676915220,+2.75,+28.707, +6.769,+0.936
1676915340,+2.75,+28.699, +6.425,+0.936
1676915460,+2.75,+28.690, +6.226,+0.935
1676915580,+2.75,+28.699, +6.390,+0.936
1676915700,+2.75,+28.707, +6.269,+0.934
1676915820,+2.75,+28.690, +6.047,+0.935
1676915940,+2.75,+28.673, +5.965,+0.935
1676916060,+2.75,+28.673, +5.859,+0.935
1676916180,+2.75,+28.699, +6.470,+0.935
1676916300,+2.75,+28.699, +6.769,+0.935
1676916420,+2.75,+28.724, +7.229,+0.935
1676916540,+2.75,+28.707, +6.721,+0.935
1676916660,+2.75,+28.699, +6.468,+0.936
1676916780,+2.75,+28.750, +7.112,+0.935
1676916900,+2.75,+28.759, +7.755,+0.935
1676917020,+2.75,+28.767, +7.968,+0.936
1676917140,+2.75,+28.776, +8.219,+0.936
1676917260,+2.75,+28.793, +7.625,+0.937
1676917380,+2.75,+28.810, +8.027,+0.935
1676917500,+2.75,+28.793, +7.500,+0.937
1676917620,+2.75,+28.784, +7.024,+0.936
1676917740,+2.75,+28.801, +7.057,+0.936
1676917860,+2.75,+28.793, +7.801,+0.937
1676917980,+2.75,+28.844, +8.421,+0.937
1676918100,+2.75,+28.870, +8.792,+0.936
1676918220,+2.75,+28.896, +8.900,+0.935
1676918340,+2.75,+28.913, +8.951,+0.935
1676918460,+2.75,+28.887, +8.547,+0.936
1676918580,+2.75,+28.930, +8.746,+0.936
1676918700,+2.75,+28.981, +8.987,+0.935
1676918820,+2.75,+28.990, +9.266,+0.937
1676918940,+2.75,+29.024, +9.396,+0.936
1676919060,+2.75,+29.024, +9.408,+0.936
1676919180,+2.75,+29.041, +9.709,+0.936
1676919300,+2.75,+29.076, +9.834,+0.937
1676919420,+2.75,+29.067, +9.797,+0.935
1676919540,+2.75,+29.101, +9.566,+0.936
1676919660,+2.75,+29.084, +9.516,+0.936
1676919780,+2.75,+29.110, +9.527,+0.938
1676919900,+2.75,+29.119, +9.565,+0.936
1676920020,+2.75,+29.161,+10.081,+0.938
1676920140,+2.75,+29.179,+10.336,+0.937
1676920260,+2.75,+29.196,+10.417,+0.937
1676920380,+2.75,+29.239,+10.653,+0.938
1676920500,+2.75,+29.239,+10.764,+0.938
1676920620,+2.75,+29.256,+10.885,+0.938
1676920740,+2.75,+29.256,+11.020,+0.938
1676920860,+2.75,+29.264,+11.096,+0.939
1676920980,+2.75,+29.290,+10.846,+0.938
1676921100,+2.75,+29.325,+11.095,+0.938
1676921220,+2.75,+29.325,+11.147,+0.938
1676921340,+2.75,+29.350,+11.356,+0.939
1676921460,+2.75,+29.359,+11.329,+0.938
1676921580,+2.75,+29.402,+11.398,+0.939
1676921700,+2.75,+29.410,+11.292,+0.939
1676921820,+2.75,+29.393,+10.536,+0.938
1676921940,+2.75,+29.428,+11.117,+0.940
1676922060,+2.75,+29.462,+11.420,+0.938
1676922180,+2.75,+29.479,+11.621,+0.939
1676922300,+2.75,+29.488,+11.675,+0.939
1676922420,+2.75,+29.531,+11.840,+0.938
1676922540,+2.75,+29.522,+11.897,+0.939
1676922660,+2.75,+29.565,+11.999,+0.941
1676922780,+2.75,+29.539,+11.726,+0.940
1676922900,+2.75,+29.574,+11.799,+0.939
1676923020,+2.75,+29.574,+11.861,+0.940
1676923140,+2.75,+29.591,+11.846,+0.940
1676923260,+2.75,+29.625,+11.970,+0.940
1676923380,+2.75,+29.651,+12.255,+0.939
1676923500,+2.75,+29.669,+12.270,+0.941
1676923620,+2.75,+29.694,+12.366,+0.940
1676923740,+2.75,+29.746,+12.201,+0.938
1676923860,+2.75,+29.746,+11.722,+0.938
1676923980,+2.75,+29.746,+11.701,+0.941
1676924100,+2.75,+29.746,+12.172,+0.940
1676924220,+2.75,+29.763,+12.188,+0.940
1676924340,+2.75,+29.763,+12.291,+0.940
1676924460,+2.75,+29.772,+12.442,+0.941
1676924580,+2.75,+29.763,+12.038,+0.940
1676924700,+2.75,+29.772,+12.162,+0.940
1676924820,+2.75,+29.780,+12.278,+0.942
1676924940,+2.75,+29.780,+12.344,+0.940
1676925060,+2.75,+29.798,+12.504,+0.942
1676925180,+2.75,+29.841,+12.670,+0.939
1676925300,+2.75,+29.867,+12.708,+0.941
1676925420,+2.75,+29.884,+12.869,+0.940
1676925540,+2.75,+29.892,+12.851,+0.942
1676925660,+2.75,+29.910,+12.668,+0.940
1676925780,+2.75,+29.901,+12.207,+0.940
1676925900,+2.75,+29.892,+12.126,+0.940
1676926020,+2.75,+29.918,+12.160,+0.940
1676926140,+2.75,+29.936,+12.329,+0.939
1676926260,+2.75,+29.927,+12.415,+0.941
1676926380,+2.75,+29.970,+12.737,+0.941
1676926500,+2.75,+29.979,+12.767,+0.942
1676926620,+2.75,+29.979,+12.334,+0.940
1676926740,+2.75,+30.022,+12.468,+0.941
1676926860,+2.75,+30.048,+12.615,+0.939
1676926980,+2.75,+30.056,+12.607,+0.941
1676927100,+2.75,+30.091,+12.457,+0.941
1676927220,+2.75,+30.117,+12.913,+0.939
1676927340,+2.75,+30.143,+12.610,+0.940
1676927460,+2.75,+30.160,+12.834,+0.939
1676927580,+2.75,+30.177,+12.777,+0.940
1676927700,+2.75,+30.212,+12.849,+0.941
1676927820,+2.75,+30.212,+12.700,+0.940
1676927940,+2.75,+30.246,+12.752,+0.941
1676928060,+2.75,+30.255,+12.915,+0.942
1676928180,+2.75,+30.272,+12.740,+0.939
1676928300,+2.75,+30.307,+12.850,+0.939
1676928420,+2.75,+30.333,+13.203,+0.941
1676928540,+2.75,+30.333,+13.182,+0.940
1676928660,+2.75,+30.341,+12.919,+0.941
1676928780,+2.75,+30.359,+12.638,+0.940
1676928900,+2.75,+30.402,+12.721,+0.940
1676929020,+2.75,+30.393,+12.757,+0.942
1676929140,+2.75,+30.402,+12.587,+0.939
1676929260,+2.75,+30.436,+12.919,+0.940
1676929380,+2.75,+30.419,+12.806,+0.942
1676929500,+2.75,+30.454,+12.673,+0.942
1676929620,+2.75,+30.454,+12.144,+0.940
1676929740,+2.75,+30.480,+12.046,+0.940
1676929860,+2.75,+30.497,+12.242,+0.941
1676929980,+2.75,+30.523,+11.920,+0.940
1676930100,+2.75,+30.532,+12.308,+0.942
1676930220,+2.75,+30.540,+12.252,+0.941
1676930340,+2.75,+30.558,+12.131,+0.940
1676930460,+2.75,+30.575,+12.373,+0.939
1676930580,+2.75,+30.575,+12.212,+0.940
1676930700,+2.74,+30.601,+12.372,+0.939
1676930820,+2.74,+30.601,+12.205,+0.941
1676930940,+2.74,+30.610,+12.303,+0.940
1676931060,+2.74,+30.636,+12.443,+0.941
1676931180,+2.74,+30.636,+12.157,+0.940
1676931300,+2.74,+30.636,+12.316,+0.940
1676931420,+2.74,+30.653,+12.494,+0.940
1676931540,+2.74,+30.679,+12.292,+0.941
1676931660,+2.74,+30.679,+12.014,+0.941
1676931780,+2.74,+30.705,+12.315,+0.941
1676931900,+2.74,+30.722,+12.288,+0.942
1676932020,+2.74,+30.731,+12.496,+0.940
1676932140,+2.74,+30.722,+12.498,+0.939
1676932260,+2.74,+30.731,+12.489,+0.940
1676932380,+2.74,+30.757,+12.612,+0.941
1676932500,+2.74,+30.783,+12.428,+0.942
1676932620,+2.74,+30.800,+12.517,+0.941
1676932740,+2.74,+30.800,+12.384,+0.943
1676932860,+2.75,+30.818,+12.858,+0.940
1676932980,+2.75,+30.826,+12.457,+0.942
1676933100,+2.75,+30.852,+12.453,+0.941
1676933220,+2.75,+30.878,+12.368,+0.940
1676933340,+2.75,+30.896,+12.597,+0.940
1676933460,+2.75,+30.922,+12.490,+0.940
1676933580,+2.75,+30.913,+12.496,+0.941
1676933700,+2.75,+30.930,+12.177,+0.942
1676933820,+2.75,+30.956,+12.432,+0.940
1676933940,+2.75,+30.965,+12.554,+0.941
1676934060,+2.75,+30.982,+12.431,+0.939
1676934180,+2.75,+31.009,+12.347,+0.940
1676934300,+2.75,+31.000,+12.349,+0.940
1676934420,+2.75,+31.009,+12.337,+0.941
1676934540,+2.75,+31.026,+12.468,+0.941
1676934660,+2.75,+31.043,+12.614,+0.941
1676934780,+2.75,+31.069,+12.548,+0.941
1676934900,+2.75,+31.069,+12.306,+0.939
1676935020,+2.75,+31.087,+12.559,+0.940
1676935140,+2.75,+31.095,+12.765,+0.939
1676935260,+2.75,+31.113,+12.359,+0.941
1676935380,+2.75,+31.121,+12.741,+0.941
1676935500,+2.75,+31.156,+12.630,+0.939
1676935620,+2.75,+31.165,+12.716,+0.941
1676935740,+2.75,+31.156,+12.661,+0.941
1676935860,+2.75,+31.174,+12.765,+0.940
1676935980,+2.75,+31.182,+12.804,+0.940
1676936100,+2.75,+31.200,+12.762,+0.939
1676936220,+2.75,+31.208,+12.734,+0.941
1676936340,+2.75,+31.234,+12.631,+0.940
1676936460,+2.75,+31.226,+12.652,+0.940
1676936580,+2.75,+31.243,+12.781,+0.942
1676936700,+2.75,+31.252,+12.857,+0.941
1676936820,+2.75,+31.295,+12.936,+0.942
1676936940,+2.75,+31.261,+12.835,+0.940
1676937060,+2.75,+31.269,+12.499,+0.941
1676937180,+2.75,+31.278,+12.575,+0.941
1676937300,+2.75,+31.304,+12.661,+0.943
1676937420,+2.75,+31.313,+12.821,+0.940
1676937540,+2.75,+31.339,+12.734,+0.939
1676937660,+2.75,+31.321,+12.778,+0.940
1676937780,+2.75,+31.339,+12.871,+0.940
1676937900,+2.75,+31.356,+12.712,+0.940
1676938020,+2.75,+31.365,+12.580,+0.940
1676938140,+2.75,+31.382,+12.706,+0.942
1676938260,+2.75,+31.382,+12.833,+0.939
1676938380,+2.75,+31.409,+12.918,+0.941
1676938500,+2.75,+31.391,+12.783,+0.942
1676938620,+2.75,+31.409,+12.940,+0.940
1676938740,+2.75,+31.426,+12.876,+0.942
1676938860,+2.75,+31.443,+12.836,+0.941
1676938980,+2.75,+31.452,+12.684,+0.942
1676939100,+2.75,+31.461,+12.529,+0.939
1676939220,+2.75,+31.452,+12.686,+0.938
1676939340,+2.74,+31.469,+12.624,+0.940
1676939460,+2.74,+31.487,+12.552,+0.940
1676939580,+2.75,+31.496,+12.950,+0.940
1676939700,+2.74,+31.504,+12.924,+0.940
1676939820,+2.74,+31.504,+12.753,+0.941
1676939940,+2.74,+31.522,+12.880,+0.943
1676940060,+2.74,+31.530,+12.590,+0.940
1676940180,+2.74,+31.522,+12.791,+0.938
1676940300,+2.74,+31.557,+12.867,+0.942
1676940420,+2.74,+31.548,+12.630,+0.942
1676940540,+2.74,+31.548,+12.740,+0.942
1676940660,+2.74,+31.557,+12.816,+0.939
1676940780,+2.74,+31.548,+12.633,+0.942
1676940900,+2.74,+31.565,+12.818,+0.940
1676941020,+2.74,+31.574,+12.527,+0.940
1676941140,+2.74,+31.557,+12.824,+0.941
1676941260,+2.74,+31.574,+12.844,+0.940
1676941380,+2.74,+31.565,+12.782,+0.942
1676941500,+2.74,+31.591,+12.803,+0.942
1676941620,+2.74,+31.591,+12.871,+0.941
1676941740,+2.74,+31.600,+12.681,+0.939
1676941860,+2.74,+31.618,+12.917,+0.940
1676941980,+2.74,+31.600,+12.835,+0.939
1676942100,+2.74,+31.600,+12.741,+0.940
1676942220,+2.74,+31.609,+12.622,+0.942
1676942340,+2.74,+31.609,+12.750,+0.941
1676942460,+2.74,+31.626,+12.758,+0.941
1676942580,+2.74,+31.635,+12.743,+0.942
1676942700,+2.74,+31.626,+12.553,+0.941
1676942820,+2.74,+31.609,+12.543,+0.939
1676942940,+2.74,+31.635,+12.549,+0.942
1676943060,+2.74,+31.626,+12.551,+0.941
1676943180,+2.74,+31.626,+12.596,+0.939
1676943300,+2.74,+31.635,+12.489,+0.942
1676943420,+2.74,+31.653,+12.552,+0.940
1676943540,+2.74,+31.679,+12.628,+0.942
1676943660,+2.74,+31.661,+12.315,+0.942
1676943780,+2.74,+31.661,+12.305,+0.940
1676943900,+2.74,+31.679,+12.583,+0.942
1676944020,+2.74,+31.687,+12.512,+0.941
1676944140,+2.74,+31.679,+12.541,+0.941
1676944260,+2.74,+31.679,+12.645,+0.941
1676944380,+2.74,+31.705,+12.479,+0.942
1676944500,+2.74,+31.696,+12.636,+0.942
1676944620,+2.74,+31.696,+12.473,+0.941
1676944740,+2.74,+31.687,+12.582,+0.943
1676944860,+2.74,+31.670,+12.316,+0.942
1676944980,+2.74,+31.696,+12.298,+0.943
1676945100,+2.74,+31.687,+12.308,+0.943
1676945220,+2.74,+31.696,+12.136,+0.939
1676945340,+2.74,+31.696,+12.217,+0.941
1676945460,+2.74,+31.687,+12.254,+0.941
1676945580,+2.74,+31.679,+12.227,+0.940
1676945700,+2.74,+31.670,+11.929,+0.942
1676945820,+2.74,+31.635,+11.256,+0.941
1676945940,+2.74,+31.618,+11.748,+0.940
1676946060,+2.74,+31.600,+11.240,+0.941
1676946180,+2.74,+31.557,+10.646,+0.940
1676946300,+2.74,+31.522,+10.741,+0.942
1676946420,+2.74,+31.574,+10.541,+0.941
1676946540,+2.74,+31.626,+10.385,+0.940
1676946660,+2.74,+31.618,+10.789,+0.941
1676946780,+2.74,+31.618,+10.875,+0.940
1676946900,+2.74,+31.609,+10.947,+0.941
1676947020,+2.74,+31.574,+10.928,+0.941
1676947140,+2.74,+31.539,+10.874,+0.941
1676947260,+2.74,+31.548,+10.996,+0.942
1676947380,+2.74,+31.539,+11.222,+0.942
1676947500,+2.74,+31.539,+11.103,+0.940
1676947620,+2.74,+31.539,+11.118,+0.940
1676947740,+2.75,+31.487,+11.084,+0.939
1676947860,+2.74,+31.530,+11.234,+0.940
1676947980,+2.74,+31.496,+11.143,+0.941
1676948100,+2.74,+31.530,+11.237,+0.941
1676948220,+2.74,+31.496,+11.113,+0.940
1676948340,+2.74,+31.469,+11.030,+0.940
1676948460,+2.75,+31.443,+10.985,+0.942
1676948580,+2.75,+31.443,+10.927,+0.943
1676948700,+2.75,+31.417,+11.062,+0.943
1676948820,+2.75,+31.426,+11.079,+0.941
1676948940,+2.75,+31.382,+10.784,+0.941
1676949060,+2.75,+31.304,+10.765,+0.941
1676949180,+2.75,+31.330,+10.851,+0.943
1676949300,+2.75,+31.348,+10.826,+0.942
1676949420,+2.75,+31.330,+10.718,+0.940
1676949540,+2.75,+31.269,+10.657,+0.941
1676949660,+2.75,+31.217,+10.414,+0.941
1676949780,+2.75,+31.113,+10.265,+0.941
1676949900,+2.75,+31.191,+10.474,+0.941
1676950020,+2.75,+31.130,+10.406,+0.942
1676950140,+2.75,+31.148,+10.390,+0.942
1676950260,+2.75,+31.104,+10.339,+0.941
1676950380,+2.75,+31.148,+10.448,+0.940
1676950500,+2.75,+31.069,+10.290,+0.943
1676950620,+2.75,+31.087,+10.313,+0.941
1676950740,+2.75,+31.078,+10.267,+0.941
1676950860,+2.75,+31.087,+10.281,+0.942
1676950980,+2.75,+31.078,+10.171,+0.941
1676951100,+2.75,+31.009, +9.961,+0.940
1676951220,+2.75,+30.982, +9.849,+0.941
1676951340,+2.75,+30.939, +9.726,+0.942
1676951460,+2.75,+30.922, +9.609,+0.942
1676951580,+2.75,+30.896, +9.540,+0.941
1676951700,+2.74,+30.792, +9.286,+0.940
1676951820,+2.74,+30.792, +9.237,+0.942
1676951940,+2.74,+30.714, +9.104,+0.940
1676952060,+2.74,+30.696, +9.031,+0.942
1676952180,+2.74,+30.584, +8.821,+0.941
1676952300,+2.74,+30.584, +8.822,+0.941
1676952420,+2.74,+30.566, +8.828,+0.941
1676952540,+2.74,+30.549, +8.716,+0.941
1676952660,+2.75,+30.471, +8.489,+0.941
1676952780,+2.75,+30.480, +8.481,+0.940
1676952900,+2.75,+30.428, +8.356,+0.941
1676953020,+2.75,+30.341, +8.132,+0.939
1676953140,+2.75,+30.315, +7.920,+0.940
1676953260,+2.75,+30.238, +7.786,+0.939
1676953380,+2.75,+30.281, +7.873,+0.940
1676953500,+2.75,+30.289, +7.964,+0.940
1676953620,+2.75,+30.281, +7.796,+0.940
1676953740,+2.75,+30.255, +7.725,+0.940
1676953860,+2.75,+30.169, +7.520,+0.940
1676953980,+2.75,+30.151, +7.455,+0.940
1676954100,+2.75,+30.186, +7.607,+0.941
1676954220,+2.75,+30.160, +7.458,+0.940
1676954340,+2.75,+30.125, +7.408,+0.941
1676954460,+2.75,+30.194, +7.448,+0.939
1676954580,+2.75,+30.169, +7.382,+0.940
1676954700,+2.75,+30.203, +7.384,+0.939
1676954820,+2.75,+30.229, +7.333,+0.939
1676954940,+2.75,+30.194, +7.285,+0.939
1676955060,+2.75,+30.238, +7.319,+0.939
1676955180,+2.75,+30.177, +7.194,+0.940
1676955300,+2.75,+30.082, +6.994,+0.939
1676955420,+2.75,+30.117, +7.046,+0.940
1676955540,+2.75,+30.091, +6.981,+0.939
1676955660,+2.75,+30.108, +6.971,+0.939
1676955780,+2.75,+30.099, +6.961,+0.939
1676955900,+2.75,+30.065, +6.860,+0.939
1676956020,+2.75,+30.022, +6.859,+0.939
1676956140,+2.75,+30.065, +6.888,+0.939
1676956260,+2.75,+30.039, +6.839,+0.939
1676956380,+2.75,+30.005, +6.768,+0.938
1676956500,+2.75,+29.970, +6.682,+0.938
1676956620,+2.75,+29.979, +6.710,+0.939
1676956740,+2.75,+29.884, +6.522,+0.938
1676956860,+2.75,+29.936, +6.586,+0.939
1676956980,+2.75,+29.849, +6.487,+0.939
1676957100,+2.75,+29.944, +6.566,+0.938
1676957220,+2.75,+29.910, +6.476,+0.939
1676957340,+2.75,+29.944, +6.548,+0.939
1676957460,+2.75,+29.892, +6.449,+0.938
1676957580,+2.75,+29.867, +6.380,+0.938
1676957700,+2.75,+29.927, +6.467,+0.938
1676957820,+2.75,+29.927, +6.461,+0.939
1676957940,+2.75,+29.918, +6.431,+0.939
1676958060,+2.75,+29.987, +6.499,+0.938
1676958180,+2.75,+29.936, +6.437,+0.939
1676958300,+2.75,+29.884, +6.299,+0.938
1676958420,+2.75,+29.927, +6.360,+0.939
1676958540,+2.75,+29.961, +6.431,+0.938
1676958660,+2.75,+29.961, +6.369,+0.937
1676958780,+2.75,+29.936, +6.304,+0.937
1676958900,+2.75,+29.892, +6.219,+0.937
1676959020,+2.75,+29.944, +6.279,+0.938
1676959140,+2.75,+29.970, +6.368,+0.938
1676959260,+2.75,+29.970, +6.359,+0.938
1676959380,+2.75,+29.953, +6.344,+0.938
1676959500,+2.75,+29.953, +6.306,+0.938
1676959620,+2.75,+29.953, +6.292,+0.938
1676959740,+2.75,+29.961, +6.267,+0.938
1676959860,+2.75,+29.944, +6.212,+0.938
1676959980,+2.75,+29.918, +6.141,+0.937
1676960100,+2.75,+29.944, +6.169,+0.938
1676960220,+2.75,+29.953, +6.094,+0.937
1676960340,+2.75,+30.005, +6.116,+0.937
1676960460,+2.75,+30.022, +6.112,+0.937
1676960580,+2.75,+30.048, +6.044,+0.938
1676960700,+2.75,+30.074, +5.994,+0.938
1676960820,+2.75,+30.074, +5.935,+0.937
1676960940,+2.75,+30.099, +5.876,+0.937
1676961060,+2.75,+30.099, +5.859,+0.937
1676961180,+2.75,+30.099, +5.828,+0.937
1676961300,+2.75,+30.099, +5.853,+0.938
1676961420,+2.75,+30.082, +5.829,+0.937
1676961540,+2.75,+30.099, +5.830,+0.937
1676961660,+2.75,+30.099, +5.838,+0.937
1676961780,+2.75,+30.117, +5.899,+0.938
1676961900,+2.75,+30.099, +5.955,+0.937
1676962020,+2.75,+30.082, +5.975,+0.938
1676962140,+2.75,+30.082, +5.977,+0.938
1676962260,+2.75,+30.082, +6.071,+0.937
1676962380,+2.75,+30.091, +6.184,+0.938
1676962500,+2.75,+30.048, +6.174,+0.937
1676962620,+2.75,+30.065, +6.267,+0.938
1676962740,+2.75,+30.091, +6.297,+0.938
1676962860,+2.75,+30.091, +6.325,+0.938
1676962980,+2.75,+30.074, +6.338,+0.938
1676963100,+2.75,+30.082, +6.349,+0.938
1676963220,+2.75,+30.065, +6.275,+0.937
1676963340,+2.75,+30.082, +6.290,+0.937
1676963460,+2.75,+30.082, +6.268,+0.938
1676963580,+2.75,+30.074, +6.216,+0.937
