7450-735719
OS REV: 1.05 Sensor Cal: 1573748658
Time (sec),  BV (Volts),  T (deg C),  DO (mg/l),  Q ()
1648683540,+3.47,+30.510,+10.651,+0.983
1648683660,+3.48,+30.501,+10.288,+0.984
1648683780,+3.48,+30.458,+10.246,+0.984
1648683900,+3.48,+30.432,+10.139,+0.983
1648684020,+3.48,+30.423,+10.220,+0.984
1648684140,+3.48,+30.440,+10.186,+0.984
1648684260,+3.48,+30.432,+10.043,+0.983
1648684380,+3.48,+30.371,+10.110,+0.984
1648684500,+3.48,+30.337,+10.241,+0.983
1648684620,+3.48,+30.311,+10.190,+0.983
1648684740,+3.48,+30.302,+10.146,+0.983
1648684860,+3.48,+30.268,+10.176,+0.984
1648684980,+3.48,+30.259,+10.399,+0.984
1648685100,+3.48,+30.233,+10.671,+0.982
1648685220,+3.48,+30.216,+10.813,+0.981
1648685340,+3.48,+30.216,+11.000,+0.983
1648685460,+3.48,+30.233,+10.935,+0.983
1648685580,+3.48,+30.207,+11.047,+0.983
1648685700,+3.48,+30.224,+10.975,+0.982
1648685820,+3.48,+30.224,+11.494,+0.982
1648685940,+3.48,+30.276,+12.044,+0.983
1648686060,+3.48,+30.302,+11.876,+0.981
1648686180,+3.48,+30.319,+11.552,+0.984
1648686300,+3.48,+30.337,+12.006,+0.982
1648686420,+3.48,+30.371,+11.945,+0.983
1648686540,+3.48,+30.363,+10.862,+0.983
1648686660,+3.48,+30.389,+10.838,+0.983
1648686780,+3.48,+30.415,+11.411,+0.983
1648686900,+3.48,+30.423,+11.756,+0.982
1648687020,+3.48,+30.484,+12.219,+0.982
1648687140,+3.48,+30.510,+12.003,+0.982
1648687260,+3.48,+30.553,+12.100,+0.980
1648687380,+3.47,+30.588,+11.307,+0.983
1648687500,+3.47,+30.588,+11.303,+0.984
1648687620,+3.47,+30.614,+11.594,+0.983
1648687740,+3.47,+30.631,+11.368,+0.984
1648687860,+3.47,+30.614,+11.061,+0.983
1648687980,+3.47,+30.553,+10.505,+0.984
1648688100,+3.47,+30.631,+11.786,+0.983
1648688220,+3.47,+30.691,+12.309,+0.983
1648688340,+3.47,+30.657,+12.170,+0.982
1648688460,+3.47,+30.726,+12.397,+0.982
1648688580,+3.47,+30.674,+11.523,+0.983
1648688700,+3.47,+30.648,+10.573,+0.983
1648688820,+3.48,+30.674,+10.617,+0.984
1648688940,+3.48,+30.614,+10.228,+0.983
1648689060,+3.47,+30.639,+10.584,+0.984
1648689180,+3.48,+30.631,+10.391,+0.983
1648689300,+3.48,+30.639,+10.230,+0.984
1648689420,+3.47,+30.674,+10.388,+0.984
1648689540,+3.47,+30.639,+10.036,+0.983
1648689660,+3.48,+30.588, +9.878,+0.984
1648689780,+3.48,+30.562,+10.109,+0.984
1648689900,+3.48,+30.510,+10.190,+0.984
1648690020,+3.48,+30.475,+10.358,+0.984
1648690140,+3.48,+30.501,+10.452,+0.984
1648690260,+3.48,+30.492,+10.610,+0.982
1648690380,+3.48,+30.449,+10.250,+0.984
1648690500,+3.48,+30.466,+10.407,+0.984
1648690620,+3.48,+30.458,+10.089,+0.983
1648690740,+3.48,+30.406,+10.409,+0.983
1648690860,+3.48,+30.285,+10.127,+0.983
1648690980,+3.48,+30.302,+10.229,+0.983
1648691100,+3.48,+30.250, +9.704,+0.984
1648691220,+3.48,+30.207,+10.037,+0.983
1648691340,+3.48,+30.259,+10.640,+0.984
1648691460,+3.48,+30.207,+10.047,+0.984
1648691580,+3.48,+30.242,+10.506,+0.983
1648691700,+3.48,+30.199,+10.418,+0.983
1648691820,+3.48,+30.173,+10.548,+0.983
1648691940,+3.48,+30.121,+10.578,+0.984
1648692060,+3.48,+30.112,+10.641,+0.983
1648692180,+3.48,+30.138,+10.693,+0.982
1648692300,+3.48,+30.112,+10.446,+0.983
1648692420,+3.48,+30.086, +9.941,+0.983
1648692540,+3.48,+30.086,+10.002,+0.984
1648692660,+3.48,+30.104,+10.330,+0.983
1648692780,+3.48,+30.078,+10.114,+0.982
1648692900,+3.48,+30.078,+10.105,+0.984
1648693020,+3.48,+30.069,+10.147,+0.983
1648693140,+3.48,+30.000,+10.036,+0.984
1648693260,+3.48,+30.009,+10.176,+0.984
1648693380,+3.48,+30.060,+10.232,+0.984
1648693500,+3.48,+29.966, +9.914,+0.983
1648693620,+3.48,+30.009,+10.130,+0.984
1648693740,+3.48,+30.017, +9.971,+0.984
1648693860,+3.48,+30.000,+10.048,+0.983
1648693980,+3.48,+29.957, +9.704,+0.984
1648694100,+3.48,+29.914, +9.579,+0.983
1648694220,+3.48,+29.940, +9.884,+0.983
1648694340,+3.48,+29.897, +9.595,+0.984
1648694460,+3.48,+29.897, +9.793,+0.983
1648694580,+3.48,+29.888, +9.758,+0.982
1648694700,+3.48,+29.931,+10.253,+0.984
1648694820,+3.48,+29.836, +9.827,+0.983
1648694940,+3.48,+29.828, +9.617,+0.983
1648695060,+3.48,+29.845, +9.787,+0.984
1648695180,+3.48,+29.776, +9.512,+0.983
1648695300,+3.48,+29.785, +9.583,+0.983
1648695420,+3.48,+29.793, +9.738,+0.984
1648695540,+3.47,+29.750, +9.743,+0.983
1648695660,+3.47,+29.750, +9.669,+0.983
1648695780,+3.47,+29.767, +9.743,+0.983
1648695900,+3.47,+29.690, +9.446,+0.983
1648696020,+3.47,+29.690, +9.485,+0.983
1648696140,+3.47,+29.656, +9.593,+0.984
1648696260,+3.47,+29.647, +9.577,+0.982
1648696380,+3.47,+29.673, +9.643,+0.983
1648696500,+3.47,+29.595, +9.179,+0.983
1648696620,+3.47,+29.561, +9.235,+0.983
1648696740,+3.47,+29.570, +9.247,+0.984
1648696860,+3.47,+29.544, +9.151,+0.983
1648696980,+3.47,+29.518, +9.065,+0.983
1648697100,+3.47,+29.509, +9.385,+0.984
1648697220,+3.47,+29.544, +9.844,+0.984
1648697340,+3.47,+29.544, +9.221,+0.983
1648697460,+3.47,+29.475, +8.790,+0.984
1648697580,+3.48,+29.458, +8.864,+0.982
1648697700,+3.47,+29.449, +8.990,+0.983
1648697820,+3.47,+29.466, +8.779,+0.984
1648697940,+3.47,+29.415, +8.635,+0.983
1648698060,+3.47,+29.432, +8.698,+0.984
1648698180,+3.48,+29.406, +8.504,+0.983
1648698300,+3.47,+29.338, +8.213,+0.983
1648698420,+3.48,+29.355, +8.136,+0.983
1648698540,+3.48,+29.346, +8.267,+0.983
1648698660,+3.48,+29.277, +7.907,+0.982
1648698780,+3.48,+29.269, +7.888,+0.983
1648698900,+3.48,+29.303, +8.045,+0.982
1648699020,+3.48,+29.243, +7.607,+0.982
1648699140,+3.48,+29.200, +7.702,+0.982
1648699260,+3.48,+29.166, +7.641,+0.982
1648699380,+3.48,+29.269, +7.902,+0.983
1648699500,+3.48,+29.174, +7.525,+0.982
1648699620,+3.48,+29.166, +7.508,+0.982
1648699740,+3.48,+29.174, +7.643,+0.983
1648699860,+3.48,+29.149, +7.354,+0.982
1648699980,+3.48,+29.097, +7.360,+0.982
1648700100,+3.48,+29.054, +7.205,+0.982
1648700220,+3.48,+29.080, +7.473,+0.982
1648700340,+3.48,+29.106, +7.449,+0.982
1648700460,+3.48,+29.037, +7.101,+0.982
1648700580,+3.48,+29.106, +7.505,+0.982
1648700700,+3.48,+29.037, +7.236,+0.982
1648700820,+3.48,+29.037, +7.255,+0.983
1648700940,+3.48,+29.157, +7.439,+0.981
1648701060,+3.48,+29.020, +6.895,+0.982
1648701180,+3.48,+29.012, +7.122,+0.982
1648701300,+3.48,+29.097, +7.388,+0.983
1648701420,+3.48,+29.037, +7.095,+0.982
1648701540,+3.48,+29.029, +7.195,+0.982
1648701660,+3.48,+29.132, +7.438,+0.982
1648701780,+3.48,+29.123, +7.120,+0.982
1648701900,+3.48,+29.012, +6.871,+0.981
1648702020,+3.48,+29.114, +7.333,+0.982
1648702140,+3.48,+29.097, +7.059,+0.983
1648702260,+3.48,+29.046, +6.930,+0.982
1648702380,+3.48,+29.149, +7.369,+0.982
1648702500,+3.48,+29.106, +7.123,+0.982
1648702620,+3.48,+29.166, +7.367,+0.983
1648702740,+3.48,+29.192, +7.187,+0.982
1648702860,+3.48,+29.089, +6.903,+0.982
1648702980,+3.48,+29.149, +7.060,+0.981
1648703100,+3.48,+29.140, +7.094,+0.982
1648703220,+3.48,+29.080, +7.197,+0.982
1648703340,+3.48,+29.132, +7.133,+0.982
1648703460,+3.48,+29.080, +7.127,+0.981
1648703580,+3.48,+29.106, +7.011,+0.982
1648703700,+3.48,+29.140, +7.322,+0.983
1648703820,+3.48,+29.097, +7.010,+0.981
1648703940,+3.48,+29.123, +7.150,+0.982
1648704060,+3.48,+29.106, +7.205,+0.983
1648704180,+3.48,+29.166, +7.296,+0.983
1648704300,+3.48,+29.106, +7.066,+0.982
1648704420,+3.47,+29.174, +7.264,+0.981
1648704540,+3.48,+29.080, +6.951,+0.982
1648704660,+3.47,+29.183, +7.270,+0.982
1648704780,+3.47,+29.183, +7.161,+0.982
1648704900,+3.48,+29.097, +6.917,+0.981
1648705020,+3.48,+29.157, +7.182,+0.983
1648705140,+3.47,+29.149, +7.018,+0.982
1648705260,+3.48,+29.037, +6.801,+0.982
1648705380,+3.48,+29.097, +7.137,+0.982
1648705500,+3.48,+29.089, +6.996,+0.982
1648705620,+3.48,+29.157, +7.210,+0.982
1648705740,+3.48,+29.140, +7.089,+0.982
1648705860,+3.47,+29.192, +7.212,+0.982
1648705980,+3.47,+29.123, +7.015,+0.982
1648706100,+3.47,+29.149, +7.097,+0.982
1648706220,+3.48,+29.063, +6.893,+0.981
1648706340,+3.48,+29.132, +7.128,+0.982
1648706460,+3.47,+29.149, +7.102,+0.983
1648706580,+3.48,+29.132, +7.015,+0.982
1648706700,+3.47,+29.157, +6.999,+0.981
1648706820,+3.47,+29.140, +7.104,+0.982
1648706940,+3.47,+29.174, +7.255,+0.983
1648707060,+3.47,+29.166, +7.089,+0.982
1648707180,+3.47,+29.157, +7.087,+0.982
1648707300,+3.47,+29.097, +6.927,+0.982
1648707420,+3.48,+29.114, +7.066,+0.982
1648707540,+3.47,+29.209, +7.303,+0.983
1648707660,+3.47,+29.140, +7.044,+0.982
1648707780,+3.47,+29.123, +7.031,+0.982
1648707900,+3.48,+29.114, +7.000,+0.982
1648708020,+3.47,+29.174, +7.270,+0.982
1648708140,+3.47,+29.132, +6.955,+0.982
1648708260,+3.47,+29.157, +7.232,+0.982
1648708380,+3.47,+29.149, +7.063,+0.981
1648708500,+3.47,+29.140, +7.179,+0.982
1648708620,+3.47,+29.157, +7.194,+0.982
1648708740,+3.47,+29.149, +7.038,+0.982
1648708860,+3.48,+29.072, +7.032,+0.982
1648708980,+3.48,+29.089, +7.140,+0.982
1648709100,+3.48,+29.097, +7.151,+0.982
1648709220,+3.48,+29.054, +7.078,+0.982
1648709340,+3.48,+29.080, +7.168,+0.982
1648709460,+3.48,+29.089, +7.172,+0.982
1648709580,+3.48,+29.063, +7.020,+0.981
1648709700,+3.48,+29.020, +6.937,+0.982
1648709820,+3.48,+29.063, +7.205,+0.982
1648709940,+3.47,+29.132, +7.346,+0.982
1648710060,+3.48,+29.132, +7.298,+0.982
1648710180,+3.47,+29.192, +7.432,+0.982
1648710300,+3.47,+29.123, +7.219,+0.981
1648710420,+3.48,+29.097, +7.083,+0.982
1648710540,+3.47,+29.166, +7.339,+0.982
1648710660,+3.47,+29.217, +7.419,+0.983
1648710780,+3.47,+29.243, +7.385,+0.982
1648710900,+3.47,+29.260, +7.423,+0.982
1648711020,+3.47,+29.226, +7.380,+0.982
1648711140,+3.47,+29.183, +7.293,+0.982
1648711260,+3.47,+29.209, +7.349,+0.982
1648711380,+3.47,+29.183, +7.345,+0.983
1648711500,+3.47,+29.209, +7.344,+0.982
1648711620,+3.47,+29.217, +7.344,+0.982
1648711740,+3.47,+29.200, +7.302,+0.982
1648711860,+3.47,+29.174, +7.287,+0.982
1648711980,+3.47,+29.183, +7.272,+0.982
1648712100,+3.47,+29.157, +7.262,+0.982
1648712220,+3.47,+29.192, +7.238,+0.982
1648712340,+3.47,+29.157, +7.173,+0.982
1648712460,+3.48,+29.097, +7.168,+0.982
1648712580,+3.47,+29.166, +7.277,+0.982
1648712700,+3.47,+29.217, +7.314,+0.983
1648712820,+3.47,+29.200, +7.223,+0.981
1648712940,+3.47,+29.200, +7.281,+0.982
1648713060,+3.47,+29.209, +7.270,+0.981
1648713180,+3.47,+29.209, +7.245,+0.982
1648713300,+3.47,+29.183, +7.201,+0.981
1648713420,+3.48,+29.166, +7.200,+0.982
1648713540,+3.47,+29.166, +7.198,+0.982
1648713660,+3.48,+29.132, +7.134,+0.981
1648713780,+3.48,+29.123, +7.169,+0.982
1648713900,+3.48,+29.123, +7.141,+0.981
1648714020,+3.48,+29.097, +7.103,+0.981
1648714140,+3.48,+29.097, +7.118,+0.982
1648714260,+3.48,+29.123, +7.157,+0.982
1648714380,+3.48,+29.106, +7.153,+0.982
1648714500,+3.48,+29.123, +7.162,+0.982
1648714620,+3.48,+29.106, +7.151,+0.982
1648714740,+3.48,+29.114, +7.129,+0.982
1648714860,+3.48,+29.106, +7.135,+0.982
1648714980,+3.48,+29.114, +7.133,+0.982
1648715100,+3.48,+29.080, +7.124,+0.981
1648715220,+3.48,+29.089, +7.112,+0.981
1648715340,+3.48,+29.089, +7.138,+0.982
1648715460,+3.48,+29.097, +7.134,+0.982
1648715580,+3.48,+29.114, +7.121,+0.981
1648715700,+3.48,+29.140, +7.139,+0.981
1648715820,+3.48,+29.157, +7.119,+0.982
1648715940,+3.48,+29.149, +7.123,+0.982
1648716060,+3.48,+29.166, +7.090,+0.982
1648716180,+3.48,+29.140, +7.023,+0.981
1648716300,+3.48,+29.114, +7.042,+0.982
1648716420,+3.48,+29.123, +7.048,+0.982
1648716540,+3.48,+29.114, +7.032,+0.982
1648716660,+3.48,+29.114, +7.029,+0.982
1648716780,+3.48,+29.123, +7.047,+0.982
1648716900,+3.48,+29.149, +7.055,+0.982
1648717020,+3.48,+29.149, +7.017,+0.982
1648717140,+3.48,+29.106, +6.973,+0.981
1648717260,+3.48,+29.106, +6.985,+0.982
1648717380,+3.48,+29.080, +6.975,+0.982
1648717500,+3.48,+29.097, +6.999,+0.982
1648717620,+3.48,+29.097, +6.986,+0.982
1648717740,+3.48,+29.063, +6.999,+0.981
1648717860,+3.48,+29.097, +7.006,+0.982
1648717980,+3.48,+29.097, +6.970,+0.981
1648718100,+3.48,+29.089, +6.955,+0.982
1648718220,+3.48,+29.063, +6.966,+0.982
1648718340,+3.48,+29.072, +6.961,+0.982
1648718460,+3.48,+29.106, +6.975,+0.981
1648718580,+3.48,+29.123, +6.942,+0.981
1648718700,+3.48,+29.097, +6.932,+0.982
1648718820,+3.48,+29.080, +6.890,+0.982
1648718940,+3.48,+29.054, +6.880,+0.981
1648719060,+3.48,+29.080, +6.880,+0.981
1648719180,+3.48,+29.063, +6.876,+0.981
1648719300,+3.48,+29.029, +6.856,+0.981
1648719420,+3.48,+29.063, +6.860,+0.981
1648719540,+3.48,+29.020, +6.858,+0.981
1648719660,+3.48,+28.994, +6.856,+0.981
1648719780,+3.48,+29.020, +6.823,+0.981
1648719900,+3.48,+29.020, +6.828,+0.982
1648720020,+3.48,+28.994, +6.821,+0.981
1648720140,+3.48,+28.994, +6.795,+0.981
1648720260,+3.48,+29.003, +6.796,+0.982
1648720380,+3.48,+28.994, +6.775,+0.981
1648720500,+3.48,+28.986, +6.774,+0.981
1648720620,+3.48,+28.977, +6.786,+0.981
1648720740,+3.48,+28.977, +6.773,+0.981
1648720860,+3.48,+28.977, +6.774,+0.981
1648720980,+3.48,+28.969, +6.771,+0.981
1648721100,+3.48,+28.960, +6.756,+0.981
1648721220,+3.48,+28.960, +6.725,+0.982
1648721340,+3.48,+28.934, +6.733,+0.982
1648721460,+3.48,+28.909, +6.714,+0.981
1648721580,+3.48,+28.909, +6.717,+0.981
1648721700,+3.48,+28.943, +6.723,+0.982
1648721820,+3.48,+28.917, +6.710,+0.981
1648721940,+3.48,+28.883, +6.729,+0.981
1648722060,+3.48,+28.892, +6.700,+0.981
1648722180,+3.48,+28.900, +6.691,+0.981
1648722300,+3.48,+28.909, +6.693,+0.981
1648722420,+3.48,+28.900, +6.656,+0.981
1648722540,+3.48,+28.934, +6.657,+0.981
1648722660,+3.48,+28.892, +6.681,+0.981
1648722780,+3.48,+28.917, +6.637,+0.981
1648722900,+3.48,+28.926, +6.654,+0.982
1648723020,+3.48,+28.909, +6.625,+0.981
1648723140,+3.48,+28.960, +6.593,+0.982
1648723260,+3.48,+28.926, +6.609,+0.981
1648723380,+3.48,+28.892, +6.599,+0.981
1648723500,+3.48,+28.892, +6.604,+0.981
1648723620,+3.48,+28.849, +6.639,+0.981
1648723740,+3.48,+28.840, +6.623,+0.981
1648723860,+3.48,+28.840, +6.640,+0.982
1648723980,+3.48,+28.823, +6.621,+0.981
1648724100,+3.48,+28.857, +6.575,+0.981
1648724220,+3.48,+28.892, +6.548,+0.981
1648724340,+3.48,+28.874, +6.553,+0.981
1648724460,+3.48,+28.866, +6.563,+0.981
1648724580,+3.48,+28.832, +6.575,+0.981
1648724700,+3.48,+28.840, +6.537,+0.981
1648724820,+3.48,+28.832, +6.562,+0.981
1648724940,+3.48,+28.789, +6.579,+0.980
1648725060,+3.48,+28.797, +6.552,+0.981
1648725180,+3.48,+28.840, +6.471,+0.981
1648725300,+3.48,+28.849, +6.469,+0.981
1648725420,+3.48,+28.806, +6.518,+0.980
1648725540,+3.48,+28.815, +6.480,+0.980
1648725660,+3.48,+28.797, +6.519,+0.981
1648725780,+3.48,+28.772, +6.491,+0.980
1648725900,+3.48,+28.797, +6.422,+0.980
1648726020,+3.48,+28.806, +6.405,+0.980
1648726140,+3.48,+28.797, +6.454,+0.981
1648726260,+3.48,+28.772, +6.419,+0.980
1648726380,+3.48,+28.789, +6.351,+0.981
1648726500,+3.48,+28.797, +6.348,+0.980
1648726620,+3.48,+28.780, +6.377,+0.981
1648726740,+3.48,+28.746, +6.409,+0.980
1648726860,+3.48,+28.755, +6.389,+0.981
1648726980,+3.48,+28.755, +6.320,+0.981
1648727100,+3.48,+28.772, +6.320,+0.981
1648727220,+3.48,+28.763, +6.299,+0.980
1648727340,+3.48,+28.746, +6.293,+0.980
1648727460,+3.48,+28.729, +6.304,+0.980
1648727580,+3.48,+28.712, +6.301,+0.980
1648727700,+3.47,+28.712, +6.288,+0.980
1648727820,+3.48,+28.703, +6.270,+0.981
1648727940,+3.47,+28.661, +6.314,+0.981
1648728060,+3.48,+28.712, +6.222,+0.980
1648728180,+3.47,+28.686, +6.272,+0.981
1648728300,+3.47,+28.643, +6.319,+0.980
1648728420,+3.47,+28.652, +6.277,+0.981
1648728540,+3.47,+28.652, +6.236,+0.980
1648728660,+3.47,+28.678, +6.211,+0.981
1648728780,+3.47,+28.661, +6.212,+0.980
1648728900,+3.47,+28.635, +6.235,+0.980
1648729020,+3.47,+28.626, +6.252,+0.980
1648729140,+3.47,+28.592, +6.352,+0.980
1648729260,+3.47,+28.558, +6.332,+0.980
1648729380,+3.47,+28.584, +6.217,+0.980
1648729500,+3.47,+28.618, +6.163,+0.980
1648729620,+3.47,+28.618, +6.195,+0.981
1648729740,+3.47,+28.601, +6.247,+0.980
1648729860,+3.47,+28.549, +6.231,+0.980
1648729980,+3.47,+28.609, +6.116,+0.980
1648730100,+3.47,+28.626, +6.099,+0.980
1648730220,+3.47,+28.601, +6.136,+0.980
1648730340,+3.47,+28.575, +6.187,+0.980
1648730460,+3.47,+28.609, +6.077,+0.980
1648730580,+3.47,+28.626, +6.072,+0.980
1648730700,+3.47,+28.635, +6.071,+0.980
1648730820,+3.47,+28.618, +6.095,+0.980
1648730940,+3.47,+28.618, +6.066,+0.980
1648731060,+3.47,+28.609, +6.085,+0.980
1648731180,+3.47,+28.584, +6.076,+0.980
1648731300,+3.47,+28.592, +6.065,+0.981
1648731420,+3.47,+28.575, +6.055,+0.980
1648731540,+3.47,+28.524, +6.065,+0.980
1648731660,+3.47,+28.541, +5.989,+0.980
1648731780,+3.47,+28.541, +6.015,+0.980
1648731900,+3.47,+28.541, +6.046,+0.980
1648732020,+3.47,+28.549, +6.019,+0.981
1648732140,+3.47,+28.532, +6.000,+0.980
1648732260,+3.47,+28.532, +6.007,+0.980
1648732380,+3.47,+28.524, +5.950,+0.979
1648732500,+3.47,+28.524, +5.943,+0.980
1648732620,+3.47,+28.524, +5.975,+0.980
1648732740,+3.47,+28.524, +5.828,+0.980
1648732860,+3.47,+28.524, +5.866,+0.980
1648732980,+3.47,+28.515, +5.927,+0.980
1648733100,+3.47,+28.472, +5.914,+0.980
1648733220,+3.47,+28.481, +5.812,+0.980
1648733340,+3.47,+28.481, +5.902,+0.980
1648733460,+3.47,+28.498, +5.757,+0.980
1648733580,+3.47,+28.524, +5.784,+0.980
1648733700,+3.47,+28.524, +5.767,+0.980
1648733820,+3.47,+28.481, +5.630,+0.980
1648733940,+3.47,+28.507, +5.822,+0.980
1648734060,+3.47,+28.507, +5.818,+0.980
1648734180,+3.47,+28.515, +5.737,+0.979
1648734300,+3.47,+28.472, +5.691,+0.979
1648734420,+3.47,+28.464, +5.728,+0.979
1648734540,+3.47,+28.447, +5.727,+0.980
1648734660,+3.47,+28.464, +5.686,+0.980
1648734780,+3.47,+28.472, +5.779,+0.979
1648734900,+3.47,+28.455, +5.650,+0.980
1648735020,+3.47,+28.438, +5.631,+0.979
1648735140,+3.47,+28.421, +5.615,+0.980
1648735260,+3.47,+28.353, +5.724,+0.979
1648735380,+3.47,+28.396, +5.622,+0.980
1648735500,+3.47,+28.370, +5.595,+0.979
1648735620,+3.47,+28.353, +5.670,+0.980
1648735740,+3.47,+28.370, +5.593,+0.979
1648735860,+3.47,+28.336, +5.640,+0.979
1648735980,+3.47,+28.310, +5.653,+0.980
1648736100,+3.47,+28.310, +5.601,+0.980
1648736220,+3.47,+28.336, +5.464,+0.979
1648736340,+3.47,+28.344, +5.589,+0.979
1648736460,+3.47,+28.370, +5.522,+0.980
1648736580,+3.47,+28.344, +5.525,+0.980
1648736700,+3.47,+28.336, +5.489,+0.979
1648736820,+3.47,+28.319, +5.455,+0.980
1648736940,+3.47,+28.259, +5.535,+0.979
1648737060,+3.47,+28.302, +5.524,+0.980
1648737180,+3.47,+28.310, +5.403,+0.979
1648737300,+3.47,+28.276, +5.375,+0.980
1648737420,+3.47,+28.199, +5.393,+0.979
1648737540,+3.47,+28.182, +5.458,+0.979
1648737660,+3.47,+28.105, +5.564,+0.979
1648737780,+3.48,+28.131, +5.527,+0.979
1648737900,+3.47,+28.174, +5.492,+0.979
1648738020,+3.47,+28.191, +5.360,+0.979
1648738140,+3.47,+28.131, +5.440,+0.979
1648738260,+3.47,+28.097, +5.476,+0.979
1648738380,+3.47,+28.140, +5.367,+0.979
1648738500,+3.47,+28.182, +5.298,+0.979
1648738620,+3.47,+28.199, +5.257,+0.979
1648738740,+3.47,+28.199, +5.231,+0.980
1648738860,+3.47,+28.199, +5.278,+0.979
1648738980,+3.47,+28.199, +5.268,+0.979
1648739100,+3.47,+28.199, +5.270,+0.979
1648739220,+3.47,+28.208, +5.270,+0.979
1648739340,+3.47,+28.182, +5.181,+0.979
1648739460,+3.47,+28.199, +5.195,+0.979
1648739580,+3.47,+28.199, +5.108,+0.979
1648739700,+3.47,+28.182, +5.130,+0.979
1648739820,+3.47,+28.191, +5.167,+0.979
1648739940,+3.47,+28.199, +5.076,+0.979
1648740060,+3.47,+28.199, +5.058,+0.979
1648740180,+3.47,+28.191, +5.053,+0.979
1648740300,+3.47,+28.191, +5.017,+0.979
1648740420,+3.47,+28.165, +5.016,+0.979
1648740540,+3.47,+28.148, +4.933,+0.979
1648740660,+3.47,+28.165, +4.937,+0.979
1648740780,+3.47,+28.114, +4.899,+0.979
1648740900,+3.47,+28.131, +5.004,+0.979
1648741020,+3.47,+28.123, +4.853,+0.979
1648741140,+3.47,+28.140, +4.872,+0.979
1648741260,+3.47,+28.157, +4.871,+0.979
1648741380,+3.47,+28.123, +4.849,+0.979
1648741500,+3.47,+28.140, +4.852,+0.979
1648741620,+3.47,+28.131, +4.878,+0.979
1648741740,+3.47,+28.105, +4.835,+0.979
1648741860,+3.47,+28.105, +4.811,+0.979
1648741980,+3.47,+28.157, +4.817,+0.979
1648742100,+3.47,+28.123, +4.805,+0.979
1648742220,+3.47,+28.123, +4.877,+0.979
1648742340,+3.47,+28.123, +4.857,+0.979
1648742460,+3.47,+28.088, +4.765,+0.979
1648742580,+3.47,+28.071, +4.776,+0.979
1648742700,+3.47,+28.080, +4.755,+0.979
1648742820,+3.47,+28.105, +4.777,+0.978
1648742940,+3.47,+28.105, +4.751,+0.979
1648743060,+3.47,+28.105, +4.776,+0.979
1648743180,+3.47,+28.088, +4.752,+0.979
1648743300,+3.47,+28.063, +4.719,+0.979
1648743420,+3.47,+28.088, +4.816,+0.979
1648743540,+3.47,+28.071, +4.783,+0.979
1648743660,+3.47,+28.071, +4.752,+0.979
1648743780,+3.47,+28.080, +4.797,+0.979
1648743900,+3.47,+28.071, +4.759,+0.979
1648744020,+3.47,+28.063, +4.831,+0.979
1648744140,+3.47,+28.054, +4.776,+0.978
1648744260,+3.47,+28.029, +4.791,+0.979
1648744380,+3.47,+28.063, +4.768,+0.978
1648744500,+3.47,+28.071, +4.855,+0.979
1648744620,+3.47,+28.046, +4.799,+0.979
1648744740,+3.47,+28.046, +4.847,+0.979
1648744860,+3.47,+28.054, +4.810,+0.979
1648744980,+3.47,+28.046, +4.893,+0.979
1648745100,+3.48,+27.986, +4.785,+0.979
1648745220,+3.47,+28.029, +4.933,+0.978
1648745340,+3.47,+28.046, +4.962,+0.980
1648745460,+3.47,+28.003, +4.867,+0.979
1648745580,+3.47,+28.071, +4.925,+0.979
1648745700,+3.47,+28.054, +4.888,+0.978
1648745820,+3.47,+28.088, +4.917,+0.979
1648745940,+3.47,+28.097, +5.013,+0.979
1648746060,+3.47,+28.088, +5.032,+0.978
1648746180,+3.47,+28.071, +5.026,+0.979
1648746300,+3.47,+28.071, +5.042,+0.979
1648746420,+3.47,+28.071, +5.169,+0.979
1648746540,+3.47,+28.088, +5.202,+0.979
1648746660,+3.47,+28.088, +5.253,+0.979
1648746780,+3.47,+28.054, +5.147,+0.979
1648746900,+3.47,+28.046, +5.148,+0.978
1648747020,+3.47,+28.080, +5.270,+0.979
1648747140,+3.47,+28.097, +5.320,+0.979
1648747260,+3.47,+28.097, +5.377,+0.979
1648747380,+3.47,+28.114, +5.335,+0.979
1648747500,+3.47,+28.097, +5.352,+0.979
1648747620,+3.47,+28.105, +5.476,+0.979
1648747740,+3.47,+28.131, +5.418,+0.979
1648747860,+3.47,+28.131, +5.482,+0.979
1648747980,+3.47,+28.097, +5.348,+0.979
1648748100,+3.47,+28.114, +5.394,+0.979
1648748220,+3.47,+28.131, +5.410,+0.979
1648748340,+3.47,+28.140, +5.444,+0.979
1648748460,+3.47,+28.088, +5.326,+0.980
1648748580,+3.47,+28.105, +5.437,+0.979
1648748700,+3.47,+28.105, +5.386,+0.979
1648748820,+3.47,+28.131, +5.516,+0.979
1648748940,+3.47,+28.148, +5.577,+0.979
1648749060,+3.47,+28.097, +5.427,+0.979
1648749180,+3.47,+28.123, +5.499,+0.979
1648749300,+3.47,+28.131, +5.548,+0.980
1648749420,+3.47,+28.140, +5.510,+0.979
1648749540,+3.47,+28.123, +5.574,+0.980
1648749660,+3.47,+28.131, +5.577,+0.979
1648749780,+3.47,+28.148, +5.663,+0.979
1648749900,+3.47,+28.157, +5.536,+0.979
1648750020,+3.47,+28.216, +5.863,+0.979
1648750140,+3.47,+28.199, +5.702,+0.980
1648750260,+3.47,+28.199, +5.729,+0.979
1648750380,+3.47,+28.165, +5.728,+0.979
1648750500,+3.47,+28.216, +5.947,+0.980
1648750620,+3.47,+28.208, +5.919,+0.980
1648750740,+3.47,+28.250, +6.125,+0.980
1648750860,+3.47,+28.233, +6.050,+0.980
1648750980,+3.47,+28.242, +6.104,+0.980
1648751100,+3.47,+28.216, +6.104,+0.980
1648751220,+3.47,+28.250, +6.203,+0.980
1648751340,+3.47,+28.293, +6.252,+0.980
1648751460,+3.47,+28.285, +6.235,+0.980
1648751580,+3.47,+28.293, +6.289,+0.979
1648751700,+3.47,+28.327, +6.367,+0.980
1648751820,+3.47,+28.268, +6.314,+0.980
1648751940,+3.47,+28.319, +6.532,+0.979
1648752060,+3.47,+28.344, +6.609,+0.980
1648752180,+3.47,+28.344, +6.620,+0.980
1648752300,+3.47,+28.344, +6.558,+0.980
1648752420,+3.47,+28.336, +6.634,+0.980
1648752540,+3.47,+28.379, +6.835,+0.981
1648752660,+3.47,+28.379, +6.812,+0.981
1648752780,+3.47,+28.387, +6.784,+0.981
1648752900,+3.47,+28.430, +6.975,+0.982
1648753020,+3.47,+28.438, +6.949,+0.981
1648753140,+3.47,+28.396, +6.865,+0.981
1648753260,+3.47,+28.438, +6.911,+0.981
1648753380,+3.47,+28.447, +7.043,+0.981
1648753500,+3.47,+28.464, +7.076,+0.980
1648753620,+3.47,+28.361, +7.185,+0.981
1648753740,+3.47,+28.430, +7.208,+0.981
1648753860,+3.47,+28.464, +7.227,+0.981
1648753980,+3.47,+28.464, +7.200,+0.981
1648754100,+3.47,+28.507, +7.335,+0.982
1648754220,+3.47,+28.541, +7.479,+0.982
1648754340,+3.47,+28.455, +7.427,+0.981
1648754460,+3.47,+28.592, +7.541,+0.982
1648754580,+3.47,+28.609, +7.457,+0.981
1648754700,+3.47,+28.481, +7.377,+0.980
1648754820,+3.47,+28.566, +7.514,+0.982
1648754940,+3.47,+28.669, +7.674,+0.981
1648755060,+3.47,+28.686, +7.720,+0.981
1648755180,+3.47,+28.712, +7.587,+0.982
1648755300,+3.47,+28.797, +7.740,+0.982
1648755420,+3.47,+28.746, +7.505,+0.981
1648755540,+3.47,+28.849, +7.930,+0.982
1648755660,+3.47,+28.797, +7.895,+0.981
1648755780,+3.48,+28.823, +7.942,+0.982
1648755900,+3.47,+28.823, +7.655,+0.981
1648756020,+3.47,+28.892, +8.241,+0.982
1648756140,+3.47,+28.969, +8.230,+0.983
1648756260,+3.47,+28.917, +7.942,+0.981
1648756380,+3.47,+28.943, +8.099,+0.982
1648756500,+3.47,+28.943, +8.099,+0.981
1648756620,+3.47,+28.917, +7.995,+0.982
1648756740,+3.47,+28.986, +8.186,+0.982
1648756860,+3.47,+29.012, +8.131,+0.982
1648756980,+3.47,+29.046, +8.196,+0.983
1648757100,+3.47,+29.072, +8.386,+0.982
1648757220,+3.47,+29.114, +8.012,+0.982
1648757340,+3.47,+29.080, +7.798,+0.982
1648757460,+3.47,+29.183, +8.562,+0.983
1648757580,+3.47,+29.174, +8.262,+0.983
1648757700,+3.47,+29.226, +8.336,+0.983
1648757820,+3.47,+29.260, +8.468,+0.983
1648757940,+3.47,+29.320, +8.531,+0.983
1648758060,+3.47,+29.329, +8.469,+0.983
1648758180,+3.47,+29.295, +8.260,+0.983
1648758300,+3.47,+29.380, +8.616,+0.983
1648758420,+3.47,+29.346, +8.416,+0.984
1648758540,+3.47,+29.398, +8.556,+0.984
1648758660,+3.47,+29.380, +8.357,+0.983
1648758780,+3.47,+29.475, +8.749,+0.983
1648758900,+3.47,+29.484, +8.663,+0.983
1648759020,+3.47,+29.552, +8.936,+0.984
1648759140,+3.47,+29.578, +8.858,+0.983
1648759260,+3.47,+29.621, +8.834,+0.983
1648759380,+3.47,+29.630, +8.932,+0.983
1648759500,+3.47,+29.699, +9.092,+0.984
1648759620,+3.47,+29.690, +8.887,+0.983
1648759740,+3.47,+29.707, +9.077,+0.983
1648759860,+3.47,+29.776, +9.128,+0.984
1648759980,+3.47,+29.811, +9.244,+0.984
1648760100,+3.47,+29.828, +9.283,+0.985
1648760220,+3.47,+29.854, +9.282,+0.984
1648760340,+3.47,+29.871, +9.265,+0.983
1648760460,+3.47,+29.914, +9.540,+0.983
1648760580,+3.47,+29.948, +9.330,+0.983
1648760700,+3.48,+29.966, +9.541,+0.983
1648760820,+3.47,+30.026, +9.575,+0.984
1648760940,+3.47,+30.052, +9.600,+0.984
1648761060,+3.47,+30.069, +9.636,+0.982
1648761180,+3.47,+30.060, +9.650,+0.984
1648761300,+3.47,+30.086, +9.682,+0.984
1648761420,+3.47,+30.121, +9.702,+0.983
1648761540,+3.47,+30.129, +9.832,+0.983
1648761660,+3.47,+30.155, +9.824,+0.983
1648761780,+3.47,+30.181,+10.018,+0.983
1648761900,+3.47,+30.207, +9.938,+0.983
1648762020,+3.47,+30.233,+10.211,+0.983
1648762140,+3.47,+30.328,+10.248,+0.983
1648762260,+3.47,+30.371,+10.373,+0.983
1648762380,+3.47,+30.371,+10.341,+0.984
1648762500,+3.47,+30.371,+10.313,+0.983
1648762620,+3.47,+30.371,+10.295,+0.983
1648762740,+3.47,+30.406,+10.651,+0.982
1648762860,+3.47,+30.423,+10.736,+0.984
1648762980,+3.47,+30.432,+10.598,+0.983
1648763100,+3.47,+30.440,+10.881,+0.983
1648763220,+3.47,+30.449,+10.630,+0.984
1648763340,+3.47,+30.484,+10.904,+0.984
1648763460,+3.47,+30.544,+11.113,+0.984
1648763580,+3.47,+30.544,+10.750,+0.982
1648763700,+3.47,+30.588,+11.354,+0.982
1648763820,+3.47,+30.605,+11.368,+0.982
1648763940,+3.47,+30.588,+11.207,+0.982
1648764060,+3.47,+30.631,+11.199,+0.983
1648764180,+3.47,+30.674,+11.289,+0.983
1648764300,+3.47,+30.665,+11.038,+0.983
1648764420,+3.47,+30.657,+11.379,+0.983
1648764540,+3.47,+30.683,+11.222,+0.983
1648764660,+3.47,+30.709,+11.552,+0.983
1648764780,+3.47,+30.769,+11.618,+0.984
1648764900,+3.47,+30.804,+11.610,+0.982
1648765020,+3.47,+30.813,+11.807,+0.981
1648765140,+3.47,+30.847,+11.571,+0.983
1648765260,+3.47,+30.891,+11.394,+0.982
1648765380,+3.48,+30.908,+11.642,+0.981
1648765500,+3.47,+30.925,+11.430,+0.982
1648765620,+3.47,+30.908,+11.587,+0.983
1648765740,+3.47,+30.882,+11.581,+0.983
1648765860,+3.48,+30.917,+11.682,+0.983
1648765980,+3.47,+30.891,+11.435,+0.983
1648766100,+3.48,+30.917,+11.551,+0.983
1648766220,+3.48,+30.943,+11.558,+0.983
1648766340,+3.48,+30.952,+11.387,+0.983
1648766460,+3.48,+30.978,+11.750,+0.982
1648766580,+3.48,+30.978,+11.741,+0.983
1648766700,+3.48,+30.995,+11.912,+0.983
1648766820,+3.48,+30.978,+11.852,+0.982
1648766940,+3.48,+30.986,+11.820,+0.982
1648767060,+3.48,+31.012,+11.867,+0.983
1648767180,+3.48,+31.047,+11.964,+0.983
1648767300,+3.48,+31.064,+11.774,+0.983
1648767420,+3.48,+31.047,+12.103,+0.983
1648767540,+3.48,+31.056,+11.945,+0.983
1648767660,+3.48,+31.090,+11.589,+0.983
1648767780,+3.48,+31.116,+12.041,+0.982
1648767900,+3.48,+31.151,+12.120,+0.983
1648768020,+3.48,+31.169,+11.689,+0.983
1648768140,+3.48,+31.177,+12.121,+0.983
1648768260,+3.48,+31.177,+12.014,+0.984
1648768380,+3.48,+31.169,+12.072,+0.983
1648768500,+3.48,+31.203,+11.860,+0.983
1648768620,+3.48,+31.247,+12.148,+0.983
1648768740,+3.48,+31.255,+12.535,+0.982
1648768860,+3.48,+31.290,+12.114,+0.983
1648768980,+3.48,+31.255,+11.969,+0.982
1648769100,+3.48,+31.238,+12.006,+0.982
1648769220,+3.48,+31.221,+12.402,+0.982
1648769340,+3.48,+31.264,+12.275,+0.983
1648769460,+3.48,+31.264,+12.641,+0.982
1648769580,+3.48,+31.273,+12.341,+0.983
1648769700,+3.48,+31.282,+12.271,+0.982
1648769820,+3.48,+31.282,+12.534,+0.982
1648769940,+3.48,+31.351,+12.460,+0.982
