7450-646496
OS REV: 1.05 Sensor Cal: 1573749572
Time (sec),  BV (Volts),  T (deg C),  DO (mg/l),  Q ()
1648354320,+3.08,+30.212, +9.609,+0.955
1648354440,+3.08,+30.203, +9.671,+0.955
1648354560,+3.08,+30.194, +9.688,+0.955
1648354680,+3.08,+30.169, +9.664,+0.955
1648354800,+3.08,+30.160, +9.633,+0.954
1648354920,+3.08,+30.160, +9.631,+0.955
1648355040,+3.08,+30.134, +9.641,+0.955
1648355160,+3.08,+30.143, +9.640,+0.955
1648355280,+3.08,+30.134, +9.646,+0.955
1648355400,+3.08,+30.143, +9.558,+0.954
1648355520,+3.08,+30.134, +9.478,+0.955
1648355640,+3.08,+30.125, +9.368,+0.954
1648355760,+3.08,+30.143, +9.376,+0.955
1648355880,+3.08,+30.125, +9.365,+0.955
1648356000,+3.08,+30.117, +9.298,+0.954
1648356120,+3.08,+30.134, +9.335,+0.955
1648356240,+3.08,+30.117, +9.299,+0.954
1648356360,+3.08,+30.117, +9.298,+0.956
1648356480,+3.08,+30.108, +9.311,+0.955
1648356600,+3.08,+30.108, +9.372,+0.954
1648356720,+3.08,+30.108, +9.435,+0.956
1648356840,+3.08,+30.117, +9.412,+0.955
1648356960,+3.08,+30.099, +9.445,+0.955
1648357080,+3.08,+30.091, +9.410,+0.954
1648357200,+3.08,+30.091, +9.439,+0.954
1648357320,+3.08,+30.108, +9.421,+0.954
1648357440,+3.08,+30.082, +9.431,+0.954
1648357560,+3.08,+30.091, +9.469,+0.954
1648357680,+3.08,+30.082, +9.569,+0.954
1648357800,+3.08,+30.082, +9.667,+0.955
1648357920,+3.08,+30.082, +9.759,+0.955
1648358040,+3.08,+30.082, +9.771,+0.955
1648358160,+3.08,+30.065, +9.731,+0.955
1648358280,+3.08,+30.091, +9.742,+0.954
1648358400,+3.08,+30.048, +9.838,+0.956
1648358520,+3.08,+30.065, +9.854,+0.955
1648358640,+3.08,+30.056, +9.890,+0.956
1648358760,+3.08,+30.048, +9.842,+0.955
1648358880,+3.08,+30.048, +9.802,+0.955
1648359000,+3.08,+30.039, +9.787,+0.955
1648359120,+3.08,+30.039, +9.777,+0.955
1648359240,+3.08,+30.022, +9.775,+0.954
1648359360,+3.08,+30.013, +9.741,+0.956
1648359480,+3.08,+30.013, +9.696,+0.954
1648359600,+3.08,+30.005, +9.730,+0.956
1648359720,+3.08,+30.013, +9.772,+0.955
1648359840,+3.09,+30.005, +9.708,+0.954
1648359960,+3.09,+29.970, +9.674,+0.955
1648360080,+3.09,+29.961, +9.698,+0.955
1648360200,+3.08,+29.961, +9.741,+0.955
1648360320,+3.09,+29.961, +9.690,+0.954
1648360440,+3.09,+29.953, +9.683,+0.955
1648360560,+3.09,+29.936, +9.600,+0.955
1648360680,+3.09,+29.936, +9.621,+0.955
1648360800,+3.09,+29.918, +9.690,+0.956
1648360920,+3.09,+29.884, +9.670,+0.955
1648361040,+3.09,+29.901, +9.623,+0.955
1648361160,+3.09,+29.901, +9.570,+0.954
1648361280,+3.09,+29.892, +9.504,+0.954
1648361400,+3.09,+29.867, +9.462,+0.955
1648361520,+3.09,+29.875, +9.415,+0.955
1648361640,+3.08,+29.858, +9.412,+0.955
1648361760,+3.08,+29.849, +9.346,+0.954
1648361880,+3.08,+29.858, +9.320,+0.955
1648362000,+3.09,+29.849, +9.296,+0.956
1648362120,+3.09,+29.841, +9.215,+0.954
1648362240,+3.09,+29.832, +9.206,+0.955
1648362360,+3.09,+29.824, +9.154,+0.954
1648362480,+3.09,+29.832, +9.093,+0.954
1648362600,+3.09,+29.841, +9.082,+0.954
1648362720,+3.09,+29.824, +9.020,+0.954
1648362840,+3.09,+29.815, +8.976,+0.954
1648362960,+3.09,+29.789, +8.883,+0.954
1648363080,+3.09,+29.806, +8.848,+0.955
1648363200,+3.09,+29.780, +8.753,+0.955
1648363320,+3.09,+29.789, +8.644,+0.954
1648363440,+3.08,+29.746, +8.542,+0.954
1648363560,+3.08,+29.737, +8.477,+0.954
1648363680,+3.08,+29.746, +8.470,+0.954
1648363800,+3.08,+29.720, +8.397,+0.954
1648363920,+3.08,+29.712, +8.314,+0.954
1648364040,+3.08,+29.694, +8.290,+0.955
1648364160,+3.08,+29.694, +8.253,+0.954
1648364280,+3.08,+29.669, +8.204,+0.954
1648364400,+3.08,+29.677, +8.117,+0.954
1648364520,+3.08,+29.651, +8.072,+0.954
1648364640,+3.08,+29.660, +8.030,+0.953
1648364760,+3.08,+29.634, +8.004,+0.953
1648364880,+3.08,+29.625, +7.996,+0.954
1648365000,+3.08,+29.625, +7.936,+0.954
1648365120,+3.08,+29.600, +7.920,+0.954
1648365240,+3.08,+29.582, +7.903,+0.954
1648365360,+3.08,+29.582, +7.837,+0.953
1648365480,+3.08,+29.565, +7.833,+0.954
1648365600,+3.08,+29.548, +7.823,+0.953
1648365720,+3.08,+29.548, +7.812,+0.954
1648365840,+3.08,+29.548, +7.752,+0.953
1648365960,+3.08,+29.548, +7.741,+0.954
1648366080,+3.08,+29.539, +7.678,+0.953
1648366200,+3.08,+29.514, +7.634,+0.953
1648366320,+3.08,+29.488, +7.634,+0.953
1648366440,+3.08,+29.488, +7.625,+0.953
1648366560,+3.08,+29.479, +7.597,+0.953
1648366680,+3.08,+29.488, +7.571,+0.953
1648366800,+3.08,+29.479, +7.541,+0.953
1648366920,+3.08,+29.462, +7.483,+0.953
1648367040,+3.08,+29.436, +7.434,+0.953
1648367160,+3.08,+29.453, +7.364,+0.953
1648367280,+3.08,+29.419, +7.322,+0.952
1648367400,+3.08,+29.419, +7.285,+0.952
1648367520,+3.08,+29.410, +7.272,+0.953
1648367640,+3.08,+29.419, +7.225,+0.953
1648367760,+3.08,+29.428, +7.222,+0.953
1648367880,+3.08,+29.402, +7.198,+0.953
1648368000,+3.08,+29.393, +7.190,+0.953
1648368120,+3.08,+29.393, +7.149,+0.953
1648368240,+3.08,+29.385, +7.140,+0.953
1648368360,+3.08,+29.385, +7.126,+0.952
1648368480,+3.08,+29.376, +7.118,+0.952
1648368600,+3.08,+29.376, +7.132,+0.953
1648368720,+3.08,+29.350, +7.065,+0.953
1648368840,+3.08,+29.350, +7.034,+0.953
1648368960,+3.08,+29.359, +6.995,+0.952
1648369080,+3.08,+29.342, +7.002,+0.953
1648369200,+3.08,+29.359, +6.969,+0.952
1648369320,+3.08,+29.350, +6.934,+0.953
1648369440,+3.08,+29.350, +6.936,+0.953
1648369560,+3.08,+29.342, +6.934,+0.953
1648369680,+3.08,+29.350, +6.931,+0.953
1648369800,+3.08,+29.359, +6.901,+0.952
1648369920,+3.08,+29.342, +6.894,+0.953
1648370040,+3.08,+29.342, +6.858,+0.953
1648370160,+3.08,+29.316, +6.849,+0.953
1648370280,+3.08,+29.333, +6.833,+0.952
1648370400,+3.08,+29.316, +6.851,+0.953
1648370520,+3.08,+29.299, +6.845,+0.952
1648370640,+3.08,+29.290, +6.824,+0.953
1648370760,+3.08,+29.282, +6.815,+0.953
1648370880,+3.08,+29.273, +6.846,+0.952
1648371000,+3.08,+29.282, +6.819,+0.953
1648371120,+3.08,+29.273, +6.794,+0.953
1648371240,+3.08,+29.282, +6.748,+0.952
1648371360,+3.08,+29.264, +6.736,+0.953
1648371480,+3.08,+29.247, +6.779,+0.953
1648371600,+3.08,+29.273, +6.730,+0.953
1648371720,+3.08,+29.273, +6.670,+0.952
1648371840,+3.08,+29.256, +6.669,+0.953
1648371960,+3.08,+29.264, +6.690,+0.952
1648372080,+3.08,+29.264, +6.722,+0.952
1648372200,+3.08,+29.247, +6.647,+0.952
1648372320,+3.08,+29.239, +6.651,+0.953
1648372440,+3.08,+29.247, +6.605,+0.952
1648372560,+3.08,+29.239, +6.587,+0.953
1648372680,+3.08,+29.222, +6.566,+0.952
1648372800,+3.08,+29.230, +6.632,+0.953
1648372920,+3.08,+29.239, +6.563,+0.953
1648373040,+3.08,+29.239, +6.574,+0.952
1648373160,+3.08,+29.222, +6.529,+0.952
1648373280,+3.08,+29.222, +6.521,+0.952
1648373400,+3.08,+29.239, +6.503,+0.953
1648373520,+3.08,+29.239, +6.454,+0.952
1648373640,+3.08,+29.222, +6.527,+0.953
1648373760,+3.08,+29.196, +6.564,+0.952
1648373880,+3.08,+29.196, +6.631,+0.952
1648374000,+3.08,+29.161, +6.651,+0.952
1648374120,+3.08,+29.187, +6.638,+0.953
1648374240,+3.08,+29.179, +6.584,+0.952
1648374360,+3.08,+29.196, +6.569,+0.952
1648374480,+3.08,+29.179, +6.630,+0.952
1648374600,+3.08,+29.161, +6.571,+0.952
1648374720,+3.08,+29.161, +6.601,+0.952
1648374840,+3.08,+29.161, +6.614,+0.953
1648374960,+3.08,+29.144, +6.610,+0.953
1648375080,+3.08,+29.144, +6.607,+0.952
1648375200,+3.08,+29.144, +6.612,+0.952
1648375320,+3.08,+29.153, +6.593,+0.953
1648375440,+3.08,+29.127, +6.574,+0.952
1648375560,+3.08,+29.136, +6.535,+0.952
1648375680,+3.08,+29.110, +6.543,+0.952
1648375800,+3.08,+29.127, +6.524,+0.952
1648375920,+3.08,+29.110, +6.524,+0.952
1648376040,+3.08,+29.101, +6.516,+0.953
1648376160,+3.08,+29.093, +6.480,+0.951
1648376280,+3.08,+29.093, +6.488,+0.952
1648376400,+3.08,+29.101, +6.477,+0.952
1648376520,+3.08,+29.101, +6.404,+0.952
1648376640,+3.08,+29.093, +6.414,+0.952
1648376760,+3.08,+29.084, +6.389,+0.952
1648376880,+3.08,+29.084, +6.388,+0.952
1648377000,+3.08,+29.084, +6.382,+0.951
1648377120,+3.08,+29.067, +6.415,+0.952
1648377240,+3.08,+29.067, +6.436,+0.952
1648377360,+3.08,+29.067, +6.481,+0.952
1648377480,+3.08,+29.059, +6.460,+0.952
1648377600,+3.08,+29.059, +6.468,+0.952
1648377720,+3.08,+29.050, +6.472,+0.952
1648377840,+3.08,+29.041, +6.486,+0.952
1648377960,+3.08,+29.041, +6.493,+0.952
1648378080,+3.08,+29.024, +6.473,+0.952
1648378200,+3.08,+29.024, +6.447,+0.952
1648378320,+3.08,+29.007, +6.380,+0.952
1648378440,+3.08,+29.016, +6.379,+0.952
1648378560,+3.08,+29.024, +6.404,+0.952
1648378680,+3.08,+29.007, +6.427,+0.952
1648378800,+3.08,+28.999, +6.434,+0.952
1648378920,+3.08,+28.999, +6.380,+0.952
1648379040,+3.08,+28.999, +6.359,+0.952
1648379160,+3.08,+28.990, +6.313,+0.952
1648379280,+3.08,+28.981, +6.330,+0.952
1648379400,+3.08,+28.964, +6.324,+0.952
1648379520,+3.08,+28.981, +6.354,+0.953
1648379640,+3.08,+28.973, +6.305,+0.952
1648379760,+3.08,+28.990, +6.265,+0.952
1648379880,+3.08,+28.973, +6.268,+0.952
1648380000,+3.08,+28.973, +6.219,+0.952
1648380120,+3.08,+28.964, +6.175,+0.952
1648380240,+3.08,+28.964, +6.139,+0.952
1648380360,+3.08,+28.947, +6.174,+0.952
1648380480,+3.08,+28.956, +6.171,+0.952
1648380600,+3.08,+28.939, +6.148,+0.952
1648380720,+3.08,+28.947, +6.122,+0.952
1648380840,+3.08,+28.947, +6.117,+0.951
1648380960,+3.09,+28.930, +6.084,+0.952
1648381080,+3.08,+28.939, +6.055,+0.951
1648381200,+3.08,+28.947, +6.037,+0.951
1648381320,+3.08,+28.947, +6.018,+0.951
1648381440,+3.08,+28.939, +6.062,+0.952
1648381560,+3.08,+28.921, +6.027,+0.951
1648381680,+3.08,+28.930, +6.026,+0.951
1648381800,+3.08,+28.921, +5.998,+0.952
1648381920,+3.08,+28.921, +5.989,+0.951
1648382040,+3.08,+28.921, +5.945,+0.951
1648382160,+3.08,+28.904, +5.921,+0.951
1648382280,+3.08,+28.930, +5.904,+0.951
1648382400,+3.08,+28.913, +5.899,+0.952
1648382520,+3.08,+28.887, +5.924,+0.952
1648382640,+3.09,+28.913, +5.936,+0.952
1648382760,+3.09,+28.904, +5.901,+0.951
1648382880,+3.08,+28.896, +5.868,+0.951
1648383000,+3.08,+28.904, +5.855,+0.952
1648383120,+3.08,+28.904, +5.835,+0.951
1648383240,+3.08,+28.896, +5.844,+0.951
1648383360,+3.08,+28.879, +5.832,+0.951
1648383480,+3.08,+28.887, +5.799,+0.951
1648383600,+3.08,+28.896, +5.795,+0.951
1648383720,+3.09,+28.879, +5.772,+0.951
1648383840,+3.09,+28.853, +5.767,+0.951
1648383960,+3.08,+28.870, +5.763,+0.950
1648384080,+3.08,+28.853, +5.755,+0.951
1648384200,+3.08,+28.861, +5.726,+0.951
1648384320,+3.09,+28.836, +5.715,+0.951
1648384440,+3.09,+28.836, +5.657,+0.951
1648384560,+3.09,+28.844, +5.624,+0.951
1648384680,+3.09,+28.844, +5.626,+0.951
1648384800,+3.09,+28.810, +5.619,+0.950
1648384920,+3.09,+28.827, +5.607,+0.950
1648385040,+3.09,+28.819, +5.642,+0.951
1648385160,+3.09,+28.819, +5.592,+0.951
1648385280,+3.09,+28.810, +5.549,+0.951
1648385400,+3.09,+28.810, +5.620,+0.951
1648385520,+3.09,+28.819, +5.599,+0.951
1648385640,+3.09,+28.793, +5.555,+0.951
1648385760,+3.09,+28.793, +5.528,+0.951
1648385880,+3.09,+28.793, +5.478,+0.951
1648386000,+3.09,+28.810, +5.426,+0.951
1648386120,+3.09,+28.793, +5.418,+0.951
1648386240,+3.09,+28.801, +5.384,+0.951
1648386360,+3.09,+28.810, +5.342,+0.950
1648386480,+3.09,+28.810, +5.288,+0.951
1648386600,+3.09,+28.801, +5.264,+0.950
1648386720,+3.08,+28.801, +5.231,+0.950
1648386840,+3.09,+28.784, +5.218,+0.950
1648386960,+3.09,+28.801, +5.206,+0.950
1648387080,+3.08,+28.793, +5.174,+0.950
1648387200,+3.09,+28.793, +5.149,+0.951
1648387320,+3.09,+28.801, +5.085,+0.950
1648387440,+3.09,+28.793, +5.025,+0.950
1648387560,+3.09,+28.793, +5.010,+0.951
1648387680,+3.09,+28.784, +5.000,+0.950
1648387800,+3.09,+28.793, +5.009,+0.950
1648387920,+3.09,+28.793, +5.011,+0.950
1648388040,+3.08,+28.767, +5.015,+0.950
1648388160,+3.09,+28.759, +5.015,+0.950
1648388280,+3.09,+28.767, +4.974,+0.950
1648388400,+3.09,+28.742, +4.990,+0.950
1648388520,+3.09,+28.733, +4.981,+0.951
1648388640,+3.09,+28.716, +4.968,+0.950
1648388760,+3.09,+28.699, +4.949,+0.950
1648388880,+3.09,+28.699, +4.891,+0.950
1648389000,+3.08,+28.682, +4.856,+0.950
1648389120,+3.09,+28.682, +4.806,+0.950
1648389240,+3.08,+28.690, +4.780,+0.950
1648389360,+3.08,+28.665, +4.820,+0.950
1648389480,+3.08,+28.665, +4.774,+0.950
1648389600,+3.08,+28.639, +4.771,+0.950
1648389720,+3.08,+28.656, +4.717,+0.950
1648389840,+3.08,+28.647, +4.683,+0.950
1648389960,+3.08,+28.639, +4.655,+0.950
1648390080,+3.08,+28.639, +4.645,+0.950
1648390200,+3.08,+28.622, +4.670,+0.950
1648390320,+3.08,+28.605, +4.651,+0.950
1648390440,+3.08,+28.622, +4.612,+0.950
1648390560,+3.08,+28.588, +4.558,+0.950
1648390680,+3.08,+28.570, +4.503,+0.949
1648390800,+3.08,+28.588, +4.467,+0.950
1648390920,+3.08,+28.570, +4.454,+0.949
1648391040,+3.08,+28.579, +4.411,+0.950
1648391160,+3.08,+28.579, +4.390,+0.949
1648391280,+3.08,+28.588, +4.393,+0.950
1648391400,+3.08,+28.579, +4.366,+0.949
1648391520,+3.08,+28.562, +4.341,+0.949
1648391640,+3.08,+28.570, +4.347,+0.950
1648391760,+3.08,+28.570, +4.368,+0.950
1648391880,+3.08,+28.562, +4.408,+0.950
1648392000,+3.08,+28.545, +4.390,+0.950
1648392120,+3.08,+28.562, +4.383,+0.949
1648392240,+3.08,+28.545, +4.371,+0.950
1648392360,+3.08,+28.553, +4.425,+0.950
1648392480,+3.08,+28.528, +4.417,+0.950
1648392600,+3.08,+28.536, +4.376,+0.950
1648392720,+3.08,+28.545, +4.322,+0.950
1648392840,+3.08,+28.545, +4.269,+0.949
1648392960,+3.08,+28.545, +4.266,+0.950
1648393080,+3.08,+28.536, +4.258,+0.950
1648393200,+3.08,+28.528, +4.273,+0.950
1648393320,+3.08,+28.519, +4.300,+0.950
1648393440,+3.08,+28.502, +4.269,+0.950
1648393560,+3.08,+28.502, +4.227,+0.950
1648393680,+3.08,+28.528, +4.187,+0.949
1648393800,+3.08,+28.519, +4.161,+0.950
1648393920,+3.08,+28.511, +4.145,+0.950
1648394040,+3.08,+28.511, +4.119,+0.950
1648394160,+3.08,+28.494, +4.116,+0.950
1648394280,+3.08,+28.494, +4.074,+0.950
1648394400,+3.08,+28.511, +4.060,+0.949
1648394520,+3.08,+28.511, +4.024,+0.949
1648394640,+3.08,+28.485, +3.962,+0.949
1648394760,+3.08,+28.502, +3.925,+0.949
1648394880,+3.08,+28.494, +3.935,+0.949
1648395000,+3.08,+28.502, +3.922,+0.949
1648395120,+3.08,+28.494, +3.895,+0.949
1648395240,+3.08,+28.494, +3.823,+0.949
1648395360,+3.08,+28.476, +3.794,+0.949
1648395480,+3.08,+28.468, +3.800,+0.949
1648395600,+3.08,+28.494, +3.733,+0.949
1648395720,+3.08,+28.459, +3.668,+0.949
1648395840,+3.08,+28.476, +3.638,+0.949
1648395960,+3.08,+28.451, +3.673,+0.949
1648396080,+3.08,+28.442, +3.698,+0.949
1648396200,+3.08,+28.434, +3.667,+0.949
1648396320,+3.08,+28.434, +3.617,+0.949
1648396440,+3.08,+28.442, +3.553,+0.949
1648396560,+3.08,+28.408, +3.537,+0.949
1648396680,+3.08,+28.417, +3.503,+0.949
1648396800,+3.08,+28.400, +3.468,+0.949
1648396920,+3.08,+28.391, +3.425,+0.949
1648397040,+3.08,+28.382, +3.414,+0.949
1648397160,+3.08,+28.382, +3.409,+0.949
1648397280,+3.08,+28.357, +3.373,+0.949
1648397400,+3.08,+28.365, +3.316,+0.949
1648397520,+3.08,+28.382, +3.296,+0.949
1648397640,+3.08,+28.348, +3.287,+0.948
1648397760,+3.08,+28.340, +3.321,+0.949
1648397880,+3.08,+28.348, +3.347,+0.949
1648398000,+3.08,+28.348, +3.326,+0.949
1648398120,+3.08,+28.357, +3.301,+0.949
1648398240,+3.08,+28.348, +3.370,+0.949
1648398360,+3.08,+28.340, +3.375,+0.949
1648398480,+3.08,+28.348, +3.516,+0.949
1648398600,+3.08,+28.357, +3.583,+0.949
1648398720,+3.08,+28.340, +3.611,+0.949
1648398840,+3.08,+28.348, +3.680,+0.949
1648398960,+3.08,+28.348, +3.742,+0.949
1648399080,+3.08,+28.331, +3.757,+0.949
1648399200,+3.08,+28.340, +3.760,+0.949
1648399320,+3.08,+28.340, +3.778,+0.949
1648399440,+3.08,+28.340, +3.768,+0.949
1648399560,+3.08,+28.323, +3.782,+0.949
1648399680,+3.08,+28.323, +3.781,+0.949
1648399800,+3.08,+28.323, +3.782,+0.949
1648399920,+3.08,+28.340, +3.764,+0.949
1648400040,+3.08,+28.331, +3.755,+0.949
1648400160,+3.08,+28.331, +3.766,+0.949
1648400280,+3.08,+28.331, +3.754,+0.949
1648400400,+3.08,+28.340, +3.757,+0.949
1648400520,+3.08,+28.331, +3.831,+0.949
1648400640,+3.08,+28.340, +3.880,+0.949
1648400760,+3.08,+28.357, +3.893,+0.949
1648400880,+3.08,+28.331, +3.913,+0.949
1648401000,+3.08,+28.357, +3.938,+0.949
1648401120,+3.08,+28.323, +3.942,+0.949
1648401240,+3.08,+28.348, +3.918,+0.949
1648401360,+3.08,+28.340, +3.933,+0.949
1648401480,+3.08,+28.340, +3.969,+0.949
1648401600,+3.08,+28.357, +3.977,+0.949
1648401720,+3.08,+28.374, +3.978,+0.949
1648401840,+3.08,+28.357, +3.979,+0.949
1648401960,+3.08,+28.357, +3.969,+0.949
1648402080,+3.08,+28.348, +4.029,+0.949
1648402200,+3.08,+28.365, +4.091,+0.949
1648402320,+3.08,+28.365, +4.130,+0.949
1648402440,+3.08,+28.357, +4.168,+0.949
1648402560,+3.08,+28.348, +4.167,+0.949
1648402680,+3.08,+28.357, +4.142,+0.949
1648402800,+3.08,+28.357, +4.170,+0.949
1648402920,+3.08,+28.348, +4.215,+0.950
1648403040,+3.08,+28.374, +4.203,+0.949
1648403160,+3.08,+28.340, +4.178,+0.949
1648403280,+3.08,+28.348, +4.191,+0.949
1648403400,+3.08,+28.357, +4.207,+0.949
1648403520,+3.08,+28.357, +4.194,+0.949
1648403640,+3.08,+28.357, +4.189,+0.950
1648403760,+3.08,+28.365, +4.198,+0.950
1648403880,+3.08,+28.374, +4.227,+0.949
1648404000,+3.08,+28.357, +4.231,+0.950
1648404120,+3.08,+28.357, +4.223,+0.950
1648404240,+3.08,+28.357, +4.229,+0.949
1648404360,+3.08,+28.357, +4.246,+0.949
1648404480,+3.08,+28.357, +4.294,+0.950
1648404600,+3.08,+28.374, +4.330,+0.949
1648404720,+3.08,+28.357, +4.354,+0.950
1648404840,+3.08,+28.348, +4.373,+0.949
1648404960,+3.08,+28.365, +4.389,+0.950
1648405080,+3.08,+28.365, +4.392,+0.949
1648405200,+3.08,+28.365, +4.402,+0.949
1648405320,+3.08,+28.348, +4.424,+0.950
1648405440,+3.08,+28.357, +4.446,+0.950
1648405560,+3.08,+28.365, +4.446,+0.949
1648405680,+3.08,+28.365, +4.476,+0.949
1648405800,+3.08,+28.340, +4.481,+0.950
1648405920,+3.08,+28.365, +4.557,+0.950
1648406040,+3.08,+28.374, +4.689,+0.950
1648406160,+3.08,+28.382, +4.821,+0.949
1648406280,+3.08,+28.374, +4.866,+0.950
1648406400,+3.08,+28.408, +4.914,+0.950
1648406520,+3.08,+28.425, +4.996,+0.950
1648406640,+3.08,+28.451, +5.111,+0.951
1648406760,+3.08,+28.442, +5.119,+0.951
1648406880,+3.08,+28.476, +5.103,+0.950
1648407000,+3.08,+28.468, +5.106,+0.950
1648407120,+3.08,+28.502, +5.182,+0.951
1648407240,+3.08,+28.519, +5.317,+0.950
1648407360,+3.08,+28.545, +5.557,+0.951
1648407480,+3.08,+28.588, +5.724,+0.951
1648407600,+3.08,+28.613, +6.057,+0.951
1648407720,+3.08,+28.699, +6.577,+0.951
1648407840,+3.08,+28.767, +6.876,+0.951
1648407960,+3.08,+28.827, +7.159,+0.951
1648408080,+3.08,+28.870, +7.262,+0.951
1648408200,+3.08,+28.930, +6.973,+0.951
1648408320,+3.08,+28.956, +6.668,+0.951
1648408440,+3.08,+28.990, +7.182,+0.952
1648408560,+3.08,+29.033, +7.445,+0.952
1648408680,+3.08,+29.067, +7.763,+0.952
1648408800,+3.08,+29.093, +7.975,+0.951
1648408920,+3.08,+29.144, +8.091,+0.951
1648409040,+3.08,+29.187, +7.391,+0.951
1648409160,+3.08,+29.187, +6.558,+0.951
1648409280,+3.08,+29.230, +6.929,+0.952
1648409400,+3.08,+29.264, +6.889,+0.951
1648409520,+3.08,+29.222, +6.422,+0.952
1648409640,+3.08,+29.230, +6.704,+0.952
1648409760,+3.08,+29.256, +6.844,+0.952
1648409880,+3.08,+29.222, +6.582,+0.951
1648410000,+3.08,+29.256, +7.169,+0.952
1648410120,+3.08,+29.187, +7.107,+0.952
1648410240,+3.08,+29.161, +6.898,+0.952
1648410360,+3.08,+29.144, +6.729,+0.952
1648410480,+3.08,+29.144, +6.752,+0.952
1648410600,+3.08,+29.153, +6.856,+0.952
1648410720,+3.08,+29.144, +7.162,+0.952
1648410840,+3.08,+29.161, +7.040,+0.951
1648410960,+3.08,+29.127, +6.508,+0.951
1648411080,+3.08,+29.127, +6.438,+0.952
1648411200,+3.08,+29.127, +6.732,+0.951
1648411320,+3.08,+29.127, +6.759,+0.952
1648411440,+3.08,+29.127, +6.839,+0.952
1648411560,+3.08,+29.144, +6.924,+0.953
1648411680,+3.08,+29.153, +6.929,+0.952
1648411800,+3.08,+29.170, +7.002,+0.952
1648411920,+3.08,+29.187, +7.315,+0.953
1648412040,+3.08,+29.239, +7.497,+0.953
1648412160,+3.08,+29.230, +7.106,+0.953
1648412280,+3.08,+29.204, +7.010,+0.952
1648412400,+3.08,+29.204, +6.966,+0.952
1648412520,+3.08,+29.213, +7.042,+0.953
1648412640,+3.08,+29.204, +6.871,+0.952
1648412760,+3.08,+29.179, +6.796,+0.953
1648412880,+3.08,+29.187, +7.192,+0.953
1648413000,+3.08,+29.196, +7.343,+0.953
1648413120,+3.08,+29.196, +7.212,+0.952
1648413240,+3.08,+29.196, +7.100,+0.952
1648413360,+3.08,+29.230, +7.111,+0.953
1648413480,+3.08,+29.222, +7.346,+0.952
1648413600,+3.08,+29.196, +7.192,+0.952
1648413720,+3.08,+29.196, +7.248,+0.953
1648413840,+3.08,+29.170, +7.034,+0.952
1648413960,+3.08,+29.179, +6.855,+0.952
1648414080,+3.08,+29.161, +6.817,+0.953
1648414200,+3.08,+29.161, +6.735,+0.952
1648414320,+3.08,+29.136, +6.703,+0.952
1648414440,+3.08,+29.144, +6.966,+0.952
1648414560,+3.08,+29.153, +7.038,+0.952
1648414680,+3.08,+29.153, +6.953,+0.952
1648414800,+3.08,+29.127, +6.794,+0.952
1648414920,+3.08,+29.101, +6.443,+0.952
1648415040,+3.08,+29.101, +6.282,+0.952
1648415160,+3.08,+29.093, +6.161,+0.952
1648415280,+3.08,+29.067, +6.264,+0.952
1648415400,+3.08,+29.084, +6.442,+0.951
1648415520,+3.08,+29.119, +6.689,+0.952
1648415640,+3.08,+29.127, +7.070,+0.952
1648415760,+3.08,+29.110, +7.054,+0.952
1648415880,+3.08,+29.101, +6.735,+0.952
1648416000,+3.08,+29.093, +6.571,+0.952
1648416120,+3.08,+29.093, +6.502,+0.952
1648416240,+3.08,+29.084, +6.620,+0.952
1648416360,+3.08,+29.093, +6.698,+0.953
1648416480,+3.08,+29.110, +7.030,+0.952
1648416600,+3.08,+29.127, +7.022,+0.952
1648416720,+3.08,+29.136, +7.028,+0.953
1648416840,+3.08,+29.127, +6.945,+0.952
1648416960,+3.08,+29.136, +6.956,+0.953
1648417080,+3.08,+29.127, +6.810,+0.952
1648417200,+3.08,+29.144, +6.785,+0.953
1648417320,+3.08,+29.144, +7.102,+0.952
1648417440,+3.08,+29.179, +7.447,+0.954
1648417560,+3.08,+29.161, +7.310,+0.953
1648417680,+3.08,+29.179, +7.232,+0.953
1648417800,+3.08,+29.161, +6.952,+0.953
1648417920,+3.08,+29.161, +6.726,+0.952
1648418040,+3.08,+29.153, +6.669,+0.952
1648418160,+3.08,+29.153, +6.777,+0.952
1648418280,+3.08,+29.144, +6.913,+0.952
1648418400,+3.08,+29.153, +7.005,+0.953
1648418520,+3.08,+29.170, +7.062,+0.953
1648418640,+3.08,+29.153, +7.118,+0.953
1648418760,+3.08,+29.153, +7.224,+0.953
1648418880,+3.08,+29.170, +7.239,+0.952
1648419000,+3.08,+29.161, +7.283,+0.953
1648419120,+3.08,+29.170, +7.501,+0.954
1648419240,+3.08,+29.239, +7.983,+0.953
1648419360,+3.08,+29.282, +7.951,+0.953
1648419480,+3.08,+29.273, +7.642,+0.952
1648419600,+3.08,+29.256, +7.535,+0.953
1648419720,+3.08,+29.282, +7.604,+0.953
1648419840,+3.08,+29.273, +7.682,+0.953
1648419960,+3.08,+29.273, +7.426,+0.952
1648420080,+3.08,+29.264, +7.297,+0.953
1648420200,+3.08,+29.256, +7.212,+0.952
1648420320,+3.08,+29.273, +7.184,+0.953
1648420440,+3.08,+29.256, +7.249,+0.952
1648420560,+3.08,+29.273, +7.539,+0.953
1648420680,+3.08,+29.290, +7.849,+0.953
1648420800,+3.08,+29.402, +8.884,+0.954
1648420920,+3.08,+29.462, +8.960,+0.954
1648421040,+3.08,+29.428, +8.409,+0.953
1648421160,+3.08,+29.428, +8.231,+0.954
1648421280,+3.08,+29.419, +8.146,+0.952
1648421400,+3.08,+29.436, +8.087,+0.954
1648421520,+3.08,+29.428, +7.900,+0.953
1648421640,+3.08,+29.410, +7.833,+0.953
1648421760,+3.08,+29.419, +7.952,+0.954
1648421880,+3.08,+29.445, +8.450,+0.954
1648422000,+3.08,+29.548, +9.310,+0.955
1648422120,+3.08,+29.548, +9.172,+0.954
1648422240,+3.08,+29.625, +9.440,+0.955
1648422360,+3.08,+29.651, +9.533,+0.955
1648422480,+3.08,+29.686, +9.627,+0.954
1648422600,+3.08,+29.686, +9.340,+0.955
1648422720,+3.08,+29.729, +9.162,+0.955
1648422840,+3.08,+29.694, +9.174,+0.955
1648422960,+3.08,+29.737, +9.308,+0.955
1648423080,+3.08,+29.806,+10.058,+0.954
1648423200,+3.08,+29.763, +9.163,+0.956
1648423320,+3.08,+29.755, +8.870,+0.954
1648423440,+3.08,+29.729, +8.581,+0.954
1648423560,+3.08,+29.746, +8.925,+0.953
1648423680,+3.08,+29.841,+10.136,+0.954
1648423800,+3.08,+29.892,+10.059,+0.954
1648423920,+3.08,+29.892,+10.007,+0.955
1648424040,+3.08,+29.910, +9.772,+0.954
1648424160,+3.08,+29.944, +9.859,+0.955
1648424280,+3.08,+29.961, +9.798,+0.954
1648424400,+3.08,+30.022,+10.332,+0.954
1648424520,+3.08,+30.056,+10.204,+0.956
1648424640,+3.08,+30.065,+10.510,+0.955
1648424760,+3.08,+30.117,+10.846,+0.955
1648424880,+3.08,+30.186,+10.948,+0.955
1648425000,+3.08,+30.177,+10.180,+0.956
1648425120,+3.08,+30.229,+10.924,+0.954
1648425240,+3.08,+30.289,+11.311,+0.955
1648425360,+3.08,+30.315,+11.085,+0.955
1648425480,+3.08,+30.281,+10.605,+0.956
1648425600,+3.08,+30.315,+10.541,+0.955
1648425720,+3.08,+30.393,+11.401,+0.954
1648425840,+3.08,+30.436,+11.843,+0.954
1648425960,+3.08,+30.488,+12.071,+0.956
1648426080,+3.08,+30.532,+12.049,+0.957
1648426200,+3.08,+30.558,+11.532,+0.956
1648426320,+3.08,+30.532,+10.333,+0.955
1648426440,+3.08,+30.610,+11.147,+0.955
1648426560,+3.07,+30.714,+11.397,+0.955
1648426680,+3.08,+30.766,+11.429,+0.956
1648426800,+3.07,+30.757,+10.676,+0.955
1648426920,+3.07,+30.705,+10.227,+0.955
1648427040,+3.07,+30.679,+10.111,+0.956
1648427160,+3.07,+30.662,+10.421,+0.956
1648427280,+3.07,+30.670,+10.469,+0.955
1648427400,+3.08,+30.644,+10.600,+0.955
1648427520,+3.08,+30.627,+10.646,+0.955
1648427640,+3.08,+30.653,+10.562,+0.955
1648427760,+3.07,+30.644,+10.759,+0.956
1648427880,+3.08,+30.688,+10.886,+0.955
1648428000,+3.08,+30.688,+10.845,+0.954
1648428120,+3.07,+30.662,+10.863,+0.956
1648428240,+3.08,+30.627,+10.907,+0.956
1648428360,+3.07,+30.636,+10.952,+0.956
1648428480,+3.07,+30.636,+10.965,+0.956
1648428600,+3.08,+30.610,+10.824,+0.956
1648428720,+3.07,+30.610,+10.695,+0.956
1648428840,+3.08,+30.592,+10.563,+0.954
1648428960,+3.08,+30.592,+10.506,+0.956
1648429080,+3.08,+30.584,+10.459,+0.955
1648429200,+3.08,+30.592,+10.533,+0.954
1648429320,+3.08,+30.566,+10.616,+0.956
1648429440,+3.08,+30.584,+10.719,+0.955
1648429560,+3.08,+30.584,+10.724,+0.955
1648429680,+3.08,+30.575,+10.603,+0.955
1648429800,+3.08,+30.540,+10.481,+0.955
1648429920,+3.08,+30.549,+10.285,+0.956
1648430040,+3.08,+30.540,+10.134,+0.956
1648430160,+3.08,+30.506,+10.029,+0.955
1648430280,+3.08,+30.497, +9.991,+0.955
1648430400,+3.08,+30.497, +9.959,+0.956
1648430520,+3.08,+30.471, +9.969,+0.955
1648430640,+3.08,+30.471, +9.942,+0.954
1648430760,+3.08,+30.445,+10.052,+0.956
1648430880,+3.08,+30.445,+10.162,+0.955
1648431000,+3.08,+30.436,+10.372,+0.955
1648431120,+3.08,+30.436,+10.549,+0.956
1648431240,+3.08,+30.419,+10.822,+0.957
1648431360,+3.08,+30.480,+11.746,+0.956
1648431480,+3.08,+30.514,+12.379,+0.956
1648431600,+3.08,+30.549,+13.023,+0.956
1648431720,+3.08,+30.618,+13.088,+0.956
1648431840,+3.07,+30.679,+13.313,+0.954
1648431960,+3.07,+30.670,+13.164,+0.955
1648432080,+3.07,+30.705,+13.407,+0.954
1648432200,+3.07,+30.662,+12.649,+0.955
1648432320,+3.07,+30.662,+12.167,+0.956
1648432440,+3.07,+30.688,+12.766,+0.955
1648432560,+3.07,+30.688,+12.330,+0.957
1648432680,+3.07,+30.679,+11.845,+0.957
1648432800,+3.07,+30.636,+11.546,+0.954
1648432920,+3.07,+30.653,+11.943,+0.957
1648433040,+3.07,+30.627,+11.760,+0.956
1648433160,+3.07,+30.627,+12.098,+0.956
1648433280,+3.07,+30.662,+12.586,+0.957
1648433400,+3.07,+30.662,+12.497,+0.954
1648433520,+3.07,+30.662,+12.675,+0.955
1648433640,+3.07,+30.653,+12.423,+0.956
1648433760,+3.07,+30.670,+12.788,+0.957
1648433880,+3.07,+30.688,+12.710,+0.956
1648434000,+3.07,+30.679,+12.311,+0.955
1648434120,+3.07,+30.644,+11.857,+0.955
1648434240,+3.07,+30.618,+11.644,+0.955
1648434360,+3.08,+30.592,+11.559,+0.955
1648434480,+3.08,+30.566,+11.494,+0.955
1648434600,+3.08,+30.566,+11.814,+0.955
1648434720,+3.08,+30.523,+11.629,+0.956
1648434840,+3.08,+30.523,+11.593,+0.955
1648434960,+3.08,+30.480,+11.620,+0.956
1648435080,+3.08,+30.462,+11.579,+0.957
1648435200,+3.08,+30.454,+11.529,+0.955
1648435320,+3.08,+30.445,+12.019,+0.957
1648435440,+3.08,+30.454,+12.351,+0.955
1648435560,+3.08,+30.445,+12.488,+0.954
1648435680,+3.08,+30.428,+12.116,+0.956
1648435800,+3.08,+30.419,+11.500,+0.955
1648435920,+3.08,+30.402,+11.238,+0.954
1648436040,+3.08,+30.393,+11.171,+0.956
1648436160,+3.08,+30.419,+11.266,+0.956
1648436280,+3.08,+30.411,+11.345,+0.955
1648436400,+3.08,+30.436,+11.535,+0.955
1648436520,+3.08,+30.436,+11.651,+0.957
1648436640,+3.08,+30.454,+11.669,+0.955
1648436760,+3.08,+30.462,+11.700,+0.956
1648436880,+3.08,+30.454,+11.320,+0.955
1648437000,+3.08,+30.436,+11.066,+0.955
1648437120,+3.08,+30.454,+11.129,+0.956
1648437240,+3.08,+30.454,+11.126,+0.955
1648437360,+3.08,+30.471,+11.121,+0.956
1648437480,+3.08,+30.445,+11.009,+0.956
1648437600,+3.08,+30.436,+10.969,+0.955
1648437720,+3.08,+30.436,+10.878,+0.955
1648437840,+3.08,+30.402,+10.826,+0.955
1648437960,+3.08,+30.411,+10.684,+0.956
1648438080,+3.08,+30.385,+10.493,+0.955
1648438200,+3.08,+30.367,+10.353,+0.955
1648438320,+3.08,+30.367,+10.262,+0.955
1648438440,+3.08,+30.350,+10.230,+0.955
1648438560,+3.08,+30.341,+10.202,+0.956
1648438680,+3.08,+30.350,+10.202,+0.956
1648438800,+3.08,+30.341,+10.188,+0.955
1648438920,+3.08,+30.324,+10.187,+0.956
1648439040,+3.08,+30.315,+10.131,+0.954
1648439160,+3.08,+30.281,+10.085,+0.955
1648439280,+3.08,+30.289,+10.021,+0.955
1648439400,+3.08,+30.272,+10.012,+0.955
1648439520,+3.08,+30.246,+10.033,+0.955
1648439640,+3.08,+30.246, +9.964,+0.955
1648439760,+3.08,+30.220, +9.935,+0.955
1648439880,+3.08,+30.238, +9.832,+0.955
1648440000,+3.08,+30.212, +9.835,+0.955
1648440120,+3.08,+30.203, +9.825,+0.956
1648440240,+3.08,+30.194, +9.749,+0.956
1648440360,+3.08,+30.194, +9.611,+0.954
1648440480,+3.08,+30.186, +9.592,+0.955
1648440600,+3.08,+30.177, +9.473,+0.955
1648440720,+3.08,+30.177, +9.429,+0.956
