7450-646496
OS REV: 1.05 Sensor Cal: 1573749572
Time (sec),  BV (Volts),  T (deg C),  DO (mg/l),  Q ()
1647316080,+3.17,+30.679,+12.056,+0.962
1647316200,+3.17,+30.644,+12.093,+0.961
1647316320,+3.17,+30.662,+12.048,+0.960
1647316440,+3.17,+30.627,+12.101,+0.963
1647316560,+3.17,+30.618,+12.088,+0.962
1647316680,+3.17,+30.601,+12.064,+0.960
1647316800,+3.17,+30.575,+12.086,+0.962
1647316920,+3.17,+30.540,+11.985,+0.961
1647317040,+3.17,+30.558,+11.890,+0.962
1647317160,+3.17,+30.540,+11.862,+0.962
1647317280,+3.17,+30.523,+11.828,+0.962
1647317400,+3.17,+30.523,+11.747,+0.961
1647317520,+3.17,+30.523,+11.643,+0.961
1647317640,+3.17,+30.523,+11.552,+0.962
1647317760,+3.17,+30.506,+11.509,+0.962
1647317880,+3.17,+30.506,+11.441,+0.960
1647318000,+3.17,+30.523,+11.363,+0.962
1647318120,+3.17,+30.523,+11.285,+0.961
1647318240,+3.17,+30.497,+11.266,+0.961
1647318360,+3.17,+30.462,+11.200,+0.961
1647318480,+3.17,+30.436,+11.179,+0.962
1647318600,+3.17,+30.445,+11.124,+0.961
1647318720,+3.17,+30.428,+11.163,+0.961
1647318840,+3.17,+30.411,+11.184,+0.961
1647318960,+3.17,+30.411,+11.161,+0.961
1647319080,+3.17,+30.402,+11.190,+0.963
1647319200,+3.17,+30.359,+11.209,+0.962
1647319320,+3.17,+30.367,+11.132,+0.961
1647319440,+3.17,+30.367,+11.085,+0.961
1647319560,+3.17,+30.350,+11.079,+0.961
1647319680,+3.17,+30.333,+11.076,+0.962
1647319800,+3.17,+30.307,+11.007,+0.959
1647319920,+3.17,+30.307,+11.016,+0.962
1647320040,+3.17,+30.307,+10.977,+0.962
1647320160,+3.17,+30.281,+10.931,+0.961
1647320280,+3.17,+30.264,+10.945,+0.961
1647320400,+3.17,+30.255,+10.911,+0.960
1647320520,+3.17,+30.255,+10.944,+0.962
1647320640,+3.17,+30.238,+10.990,+0.962
1647320760,+3.17,+30.238,+11.027,+0.961
1647320880,+3.17,+30.212,+10.996,+0.961
1647321000,+3.17,+30.203,+11.008,+0.962
1647321120,+3.17,+30.194,+11.002,+0.961
1647321240,+3.17,+30.177,+11.026,+0.962
1647321360,+3.17,+30.177,+10.936,+0.961
1647321480,+3.17,+30.160,+10.888,+0.961
1647321600,+3.17,+30.143,+10.906,+0.962
1647321720,+3.17,+30.143,+10.886,+0.961
1647321840,+3.17,+30.125,+10.863,+0.962
1647321960,+3.17,+30.134,+10.801,+0.961
1647322080,+3.17,+30.117,+10.785,+0.961
1647322200,+3.17,+30.099,+10.692,+0.961
1647322320,+3.17,+30.108,+10.612,+0.961
1647322440,+3.17,+30.091,+10.555,+0.962
1647322560,+3.17,+30.074,+10.491,+0.960
1647322680,+3.17,+30.082,+10.438,+0.961
1647322800,+3.17,+30.056,+10.288,+0.961
1647322920,+3.17,+30.048,+10.219,+0.960
1647323040,+3.17,+30.013,+10.187,+0.961
1647323160,+3.17,+30.005,+10.144,+0.961
1647323280,+3.17,+30.005,+10.075,+0.960
1647323400,+3.17,+29.961,+10.064,+0.960
1647323520,+3.17,+29.953,+10.051,+0.960
1647323640,+3.17,+29.927,+10.020,+0.960
1647323760,+3.17,+29.936,+10.013,+0.960
1647323880,+3.17,+29.936,+10.004,+0.961
1647324000,+3.17,+29.936, +9.941,+0.960
1647324120,+3.17,+29.918, +9.911,+0.960
1647324240,+3.17,+29.927, +9.884,+0.960
1647324360,+3.17,+29.918, +9.886,+0.960
1647324480,+3.17,+29.918, +9.905,+0.962
1647324600,+3.17,+29.901, +9.891,+0.960
1647324720,+3.17,+29.892, +9.913,+0.960
1647324840,+3.17,+29.901, +9.910,+0.960
1647324960,+3.17,+29.910, +9.893,+0.960
1647325080,+3.17,+29.884, +9.917,+0.961
1647325200,+3.17,+29.884, +9.888,+0.960
1647325320,+3.17,+29.867, +9.833,+0.959
1647325440,+3.17,+29.867, +9.838,+0.960
1647325560,+3.17,+29.875, +9.784,+0.960
1647325680,+3.17,+29.875, +9.752,+0.960
1647325800,+3.17,+29.875, +9.737,+0.961
1647325920,+3.17,+29.875, +9.689,+0.959
1647326040,+3.17,+29.849, +9.694,+0.961
1647326160,+3.17,+29.867, +9.636,+0.959
1647326280,+3.17,+29.858, +9.610,+0.960
1647326400,+3.17,+29.849, +9.566,+0.960
1647326520,+3.17,+29.849, +9.536,+0.961
1647326640,+3.17,+29.841, +9.520,+0.961
1647326760,+3.17,+29.841, +9.502,+0.960
1647326880,+3.17,+29.841, +9.460,+0.960
1647327000,+3.17,+29.824, +9.432,+0.961
1647327120,+3.17,+29.832, +9.363,+0.961
1647327240,+3.17,+29.849, +9.331,+0.960
1647327360,+3.17,+29.832, +9.254,+0.960
1647327480,+3.17,+29.824, +9.222,+0.960
1647327600,+3.17,+29.824, +9.150,+0.960
1647327720,+3.17,+29.806, +9.131,+0.961
1647327840,+3.17,+29.798, +9.019,+0.960
1647327960,+3.17,+29.798, +8.931,+0.960
1647328080,+3.17,+29.798, +8.839,+0.961
1647328200,+3.17,+29.789, +8.736,+0.960
1647328320,+3.17,+29.789, +8.641,+0.959
1647328440,+3.17,+29.772, +8.615,+0.960
1647328560,+3.17,+29.763, +8.530,+0.959
1647328680,+3.17,+29.763, +8.497,+0.959
1647328800,+3.17,+29.772, +8.433,+0.959
1647328920,+3.17,+29.737, +8.423,+0.960
1647329040,+3.17,+29.729, +8.399,+0.959
1647329160,+3.17,+29.729, +8.357,+0.959
1647329280,+3.17,+29.720, +8.331,+0.960
1647329400,+3.17,+29.703, +8.305,+0.958
1647329520,+3.17,+29.694, +8.306,+0.960
1647329640,+3.17,+29.712, +8.264,+0.959
1647329760,+3.17,+29.712, +8.225,+0.959
1647329880,+3.17,+29.712, +8.177,+0.958
1647330000,+3.17,+29.703, +8.192,+0.959
1647330120,+3.17,+29.686, +8.161,+0.959
1647330240,+3.17,+29.686, +8.125,+0.958
1647330360,+3.17,+29.694, +8.122,+0.958
1647330480,+3.17,+29.686, +8.107,+0.959
1647330600,+3.17,+29.686, +8.073,+0.959
1647330720,+3.17,+29.669, +8.067,+0.959
1647330840,+3.17,+29.686, +8.046,+0.959
1647330960,+3.17,+29.669, +8.035,+0.959
1647331080,+3.17,+29.669, +8.020,+0.959
1647331200,+3.17,+29.669, +8.002,+0.959
1647331320,+3.17,+29.651, +7.993,+0.958
1647331440,+3.17,+29.669, +7.976,+0.958
1647331560,+3.17,+29.660, +7.995,+0.960
1647331680,+3.17,+29.643, +7.984,+0.959
1647331800,+3.17,+29.643, +7.970,+0.959
1647331920,+3.17,+29.643, +7.982,+0.959
1647332040,+3.17,+29.643, +7.983,+0.959
1647332160,+3.17,+29.625, +7.988,+0.959
1647332280,+3.17,+29.625, +7.974,+0.959
1647332400,+3.17,+29.617, +7.968,+0.959
1647332520,+3.17,+29.608, +7.938,+0.959
1647332640,+3.17,+29.600, +7.921,+0.959
1647332760,+3.17,+29.591, +7.918,+0.959
1647332880,+3.17,+29.582, +7.866,+0.958
1647333000,+3.17,+29.557, +7.868,+0.959
1647333120,+3.17,+29.565, +7.838,+0.959
1647333240,+3.17,+29.557, +7.811,+0.958
1647333360,+3.17,+29.548, +7.820,+0.959
1647333480,+3.17,+29.548, +7.791,+0.958
1647333600,+3.17,+29.539, +7.793,+0.958
1647333720,+3.17,+29.522, +7.767,+0.959
1647333840,+3.17,+29.514, +7.797,+0.959
1647333960,+3.17,+29.496, +7.798,+0.959
1647334080,+3.17,+29.522, +7.777,+0.959
1647334200,+3.17,+29.496, +7.743,+0.957
1647334320,+3.17,+29.496, +7.770,+0.959
1647334440,+3.17,+29.496, +7.742,+0.959
1647334560,+3.17,+29.479, +7.719,+0.959
1647334680,+3.17,+29.496, +7.699,+0.959
1647334800,+3.17,+29.453, +7.689,+0.959
1647334920,+3.17,+29.479, +7.680,+0.959
1647335040,+3.17,+29.453, +7.695,+0.959
1647335160,+3.17,+29.453, +7.708,+0.959
1647335280,+3.17,+29.471, +7.699,+0.958
1647335400,+3.17,+29.453, +7.712,+0.959
1647335520,+3.17,+29.453, +7.669,+0.957
1647335640,+3.17,+29.445, +7.688,+0.959
1647335760,+3.17,+29.436, +7.667,+0.959
1647335880,+3.17,+29.445, +7.625,+0.958
1647336000,+3.17,+29.436, +7.624,+0.958
1647336120,+3.17,+29.445, +7.587,+0.959
1647336240,+3.17,+29.419, +7.586,+0.958
1647336360,+3.17,+29.428, +7.543,+0.959
1647336480,+3.17,+29.419, +7.558,+0.958
1647336600,+3.17,+29.410, +7.575,+0.959
1647336720,+3.17,+29.419, +7.571,+0.958
1647336840,+3.17,+29.402, +7.598,+0.959
1647336960,+3.17,+29.393, +7.587,+0.958
1647337080,+3.17,+29.385, +7.575,+0.958
1647337200,+3.17,+29.393, +7.551,+0.958
1647337320,+3.17,+29.385, +7.536,+0.958
1647337440,+3.17,+29.376, +7.510,+0.958
1647337560,+3.17,+29.376, +7.508,+0.958
1647337680,+3.17,+29.376, +7.475,+0.958
1647337800,+3.17,+29.376, +7.456,+0.959
1647337920,+3.17,+29.376, +7.413,+0.958
1647338040,+3.17,+29.359, +7.403,+0.959
1647338160,+3.17,+29.342, +7.378,+0.958
1647338280,+3.17,+29.325, +7.383,+0.958
1647338400,+3.17,+29.316, +7.347,+0.958
1647338520,+3.17,+29.325, +7.320,+0.958
1647338640,+3.17,+29.316, +7.306,+0.958
1647338760,+3.17,+29.316, +7.282,+0.958
1647338880,+3.17,+29.316, +7.219,+0.957
1647339000,+3.17,+29.316, +7.213,+0.958
1647339120,+3.17,+29.299, +7.162,+0.958
1647339240,+3.17,+29.299, +7.151,+0.958
1647339360,+3.17,+29.264, +7.142,+0.958
1647339480,+3.17,+29.264, +7.132,+0.958
1647339600,+3.17,+29.264, +7.117,+0.958
1647339720,+3.17,+29.230, +7.114,+0.958
1647339840,+3.17,+29.230, +7.119,+0.959
1647339960,+3.17,+29.239, +7.053,+0.958
1647340080,+3.17,+29.213, +7.033,+0.958
1647340200,+3.17,+29.222, +7.015,+0.959
1647340320,+3.17,+29.204, +7.012,+0.959
1647340440,+3.17,+29.196, +6.972,+0.957
1647340560,+3.17,+29.222, +6.929,+0.958
1647340680,+3.17,+29.213, +6.928,+0.958
1647340800,+3.17,+29.187, +6.922,+0.958
1647340920,+3.17,+29.179, +6.922,+0.958
1647341040,+3.17,+29.179, +6.860,+0.958
1647341160,+3.17,+29.179, +6.830,+0.957
1647341280,+3.17,+29.170, +6.805,+0.957
1647341400,+3.17,+29.170, +6.813,+0.958
1647341520,+3.17,+29.161, +6.777,+0.957
1647341640,+3.17,+29.153, +6.768,+0.957
1647341760,+3.17,+29.144, +6.731,+0.957
1647341880,+3.17,+29.161, +6.697,+0.957
1647342000,+3.17,+29.153, +6.665,+0.957
1647342120,+3.17,+29.136, +6.678,+0.958
1647342240,+3.17,+29.136, +6.642,+0.958
1647342360,+3.17,+29.136, +6.650,+0.957
1647342480,+3.17,+29.110, +6.631,+0.957
1647342600,+3.17,+29.101, +6.623,+0.957
1647342720,+3.17,+29.093, +6.605,+0.957
1647342840,+3.17,+29.084, +6.565,+0.957
1647342960,+3.17,+29.084, +6.577,+0.957
1647343080,+3.17,+29.067, +6.560,+0.957
1647343200,+3.17,+29.059, +6.571,+0.957
1647343320,+3.17,+29.050, +6.522,+0.957
1647343440,+3.17,+29.059, +6.444,+0.957
1647343560,+3.17,+29.059, +6.439,+0.957
1647343680,+3.17,+29.041, +6.430,+0.957
1647343800,+3.17,+29.024, +6.421,+0.957
1647343920,+3.17,+29.033, +6.412,+0.957
1647344040,+3.17,+29.024, +6.393,+0.958
1647344160,+3.17,+29.024, +6.334,+0.957
1647344280,+3.17,+29.007, +6.359,+0.957
1647344400,+3.17,+29.024, +6.348,+0.957
1647344520,+3.17,+29.016, +6.277,+0.957
1647344640,+3.17,+29.007, +6.255,+0.957
1647344760,+3.17,+29.016, +6.266,+0.957
1647344880,+3.17,+28.999, +6.334,+0.956
1647345000,+3.17,+28.973, +6.358,+0.957
1647345120,+3.17,+28.973, +6.258,+0.957
1647345240,+3.17,+28.999, +6.232,+0.958
1647345360,+3.17,+28.964, +6.165,+0.956
1647345480,+3.17,+28.973, +6.131,+0.957
1647345600,+3.17,+28.981, +6.093,+0.956
1647345720,+3.17,+28.981, +5.945,+0.956
1647345840,+3.17,+28.999, +5.872,+0.956
1647345960,+3.17,+29.016, +5.806,+0.956
1647346080,+3.17,+28.999, +5.822,+0.956
1647346200,+3.17,+28.973, +5.813,+0.956
1647346320,+3.17,+28.973, +5.786,+0.957
1647346440,+3.17,+28.973, +5.782,+0.956
1647346560,+3.17,+28.990, +5.725,+0.956
1647346680,+3.17,+28.990, +5.688,+0.956
1647346800,+3.17,+28.990, +5.652,+0.956
1647346920,+3.17,+28.973, +5.588,+0.956
1647347040,+3.17,+28.990, +5.553,+0.956
1647347160,+3.17,+28.973, +5.608,+0.956
1647347280,+3.17,+28.973, +5.659,+0.956
1647347400,+3.17,+28.981, +5.501,+0.956
1647347520,+3.17,+28.973, +5.478,+0.956
1647347640,+3.17,+28.956, +5.500,+0.956
1647347760,+3.17,+28.964, +5.430,+0.956
1647347880,+3.17,+28.956, +5.417,+0.956
1647348000,+3.17,+28.981, +5.359,+0.956
1647348120,+3.17,+28.956, +5.395,+0.956
1647348240,+3.17,+28.973, +5.334,+0.956
1647348360,+3.17,+28.964, +5.293,+0.955
1647348480,+3.17,+28.964, +5.306,+0.956
1647348600,+3.17,+28.956, +5.258,+0.956
1647348720,+3.17,+28.947, +5.263,+0.956
1647348840,+3.17,+28.973, +5.217,+0.955
1647348960,+3.17,+28.939, +5.210,+0.955
1647349080,+3.17,+28.921, +5.232,+0.955
1647349200,+3.17,+28.939, +5.193,+0.955
1647349320,+3.17,+28.930, +5.146,+0.955
1647349440,+3.17,+28.921, +5.153,+0.955
1647349560,+3.17,+28.921, +5.153,+0.955
1647349680,+3.17,+28.921, +5.145,+0.956
1647349800,+3.17,+28.904, +5.149,+0.956
1647349920,+3.17,+28.921, +5.135,+0.955
1647350040,+3.17,+28.913, +5.138,+0.955
1647350160,+3.17,+28.896, +5.148,+0.955
1647350280,+3.17,+28.870, +5.125,+0.955
1647350400,+3.17,+28.879, +5.076,+0.955
1647350520,+3.17,+28.887, +5.080,+0.956
1647350640,+3.17,+28.879, +5.046,+0.955
1647350760,+3.17,+28.870, +4.997,+0.955
1647350880,+3.17,+28.870, +4.989,+0.955
1647351000,+3.17,+28.879, +4.970,+0.955
1647351120,+3.17,+28.870, +4.990,+0.955
1647351240,+3.17,+28.870, +4.974,+0.955
1647351360,+3.17,+28.861, +4.924,+0.955
1647351480,+3.17,+28.887, +4.908,+0.955
1647351600,+3.17,+28.870, +4.882,+0.955
1647351720,+3.17,+28.879, +4.845,+0.955
1647351840,+3.17,+28.853, +4.835,+0.955
1647351960,+3.17,+28.870, +4.812,+0.955
1647352080,+3.17,+28.853, +4.789,+0.956
1647352200,+3.17,+28.853, +4.772,+0.955
1647352320,+3.17,+28.853, +4.728,+0.955
1647352440,+3.17,+28.861, +4.701,+0.955
1647352560,+3.17,+28.844, +4.714,+0.955
1647352680,+3.17,+28.861, +4.686,+0.955
1647352800,+3.17,+28.844, +4.681,+0.955
1647352920,+3.17,+28.844, +4.650,+0.955
1647353040,+3.17,+28.853, +4.616,+0.955
1647353160,+3.17,+28.853, +4.595,+0.955
1647353280,+3.17,+28.827, +4.587,+0.955
1647353400,+3.17,+28.836, +4.566,+0.955
1647353520,+3.17,+28.861, +4.543,+0.955
1647353640,+3.17,+28.844, +4.521,+0.955
1647353760,+3.17,+28.819, +4.500,+0.955
1647353880,+3.17,+28.836, +4.462,+0.954
1647354000,+3.17,+28.836, +4.451,+0.955
1647354120,+3.17,+28.844, +4.434,+0.955
1647354240,+3.17,+28.836, +4.436,+0.955
1647354360,+3.17,+28.836, +4.405,+0.954
1647354480,+3.17,+28.844, +4.387,+0.955
1647354600,+3.17,+28.836, +4.375,+0.955
1647354720,+3.17,+28.836, +4.362,+0.955
1647354840,+3.17,+28.836, +4.344,+0.955
1647354960,+3.17,+28.819, +4.331,+0.954
1647355080,+3.17,+28.810, +4.324,+0.955
1647355200,+3.17,+28.793, +4.294,+0.954
1647355320,+3.17,+28.810, +4.211,+0.955
1647355440,+3.17,+28.810, +4.152,+0.955
1647355560,+3.17,+28.819, +4.121,+0.954
1647355680,+3.17,+28.819, +4.064,+0.954
1647355800,+3.17,+28.810, +4.042,+0.955
1647355920,+3.17,+28.801, +4.016,+0.954
1647356040,+3.17,+28.793, +3.983,+0.955
1647356160,+3.17,+28.784, +3.945,+0.954
1647356280,+3.17,+28.801, +3.915,+0.955
1647356400,+3.17,+28.801, +3.877,+0.954
1647356520,+3.17,+28.810, +3.868,+0.954
1647356640,+3.17,+28.784, +3.841,+0.954
1647356760,+3.17,+28.801, +3.813,+0.955
1647356880,+3.17,+28.801, +3.782,+0.954
1647357000,+3.17,+28.801, +3.757,+0.954
1647357120,+3.17,+28.801, +3.755,+0.954
1647357240,+3.17,+28.810, +3.717,+0.955
1647357360,+3.17,+28.793, +3.678,+0.954
1647357480,+3.17,+28.801, +3.638,+0.954
1647357600,+3.17,+28.810, +3.637,+0.954
1647357720,+3.17,+28.776, +3.632,+0.954
1647357840,+3.17,+28.784, +3.615,+0.954
1647357960,+3.17,+28.784, +3.590,+0.954
1647358080,+3.17,+28.801, +3.528,+0.954
1647358200,+3.17,+28.784, +3.518,+0.954
1647358320,+3.17,+28.767, +3.532,+0.954
1647358440,+3.17,+28.767, +3.513,+0.955
1647358560,+3.17,+28.776, +3.470,+0.954
1647358680,+3.17,+28.767, +3.442,+0.954
1647358800,+3.17,+28.767, +3.417,+0.954
1647358920,+3.17,+28.759, +3.375,+0.954
1647359040,+3.17,+28.750, +3.378,+0.954
1647359160,+3.17,+28.759, +3.341,+0.954
1647359280,+3.17,+28.750, +3.315,+0.954
1647359400,+3.17,+28.742, +3.321,+0.954
1647359520,+3.17,+28.733, +3.333,+0.954
1647359640,+3.17,+28.733, +3.277,+0.954
1647359760,+3.17,+28.750, +3.237,+0.954
1647359880,+3.17,+28.750, +3.226,+0.954
1647360000,+3.17,+28.742, +3.191,+0.954
1647360120,+3.17,+28.733, +3.188,+0.954
1647360240,+3.17,+28.724, +3.167,+0.954
1647360360,+3.17,+28.690, +3.234,+0.954
1647360480,+3.17,+28.647, +3.254,+0.954
1647360600,+3.17,+28.673, +3.167,+0.955
1647360720,+3.17,+28.707, +3.082,+0.954
1647360840,+3.17,+28.690, +3.083,+0.954
1647360960,+3.17,+28.682, +3.081,+0.954
1647361080,+3.17,+28.673, +3.054,+0.954
1647361200,+3.17,+28.673, +3.030,+0.954
1647361320,+3.17,+28.673, +3.060,+0.954
1647361440,+3.17,+28.630, +3.143,+0.954
1647361560,+3.17,+28.639, +3.104,+0.954
1647361680,+3.17,+28.656, +3.116,+0.954
1647361800,+3.17,+28.665, +3.074,+0.954
1647361920,+3.17,+28.647, +3.116,+0.954
1647362040,+3.17,+28.613, +3.237,+0.954
1647362160,+3.16,+28.570, +3.335,+0.954
1647362280,+3.16,+28.588, +3.206,+0.953
1647362400,+3.17,+28.605, +3.290,+0.954
1647362520,+3.16,+28.605, +3.341,+0.954
1647362640,+3.16,+28.605, +3.301,+0.954
1647362760,+3.17,+28.605, +3.299,+0.954
1647362880,+3.17,+28.639, +3.264,+0.954
1647363000,+3.17,+28.639, +3.236,+0.954
1647363120,+3.17,+28.613, +3.298,+0.954
1647363240,+3.17,+28.630, +3.332,+0.954
1647363360,+3.17,+28.622, +3.373,+0.954
1647363480,+3.17,+28.639, +3.337,+0.954
1647363600,+3.17,+28.596, +3.342,+0.954
1647363720,+3.17,+28.596, +3.393,+0.954
1647363840,+3.17,+28.622, +3.359,+0.954
1647363960,+3.17,+28.647, +3.262,+0.954
1647364080,+3.17,+28.656, +3.258,+0.954
1647364200,+3.17,+28.673, +3.349,+0.954
1647364320,+3.17,+28.656, +3.420,+0.954
1647364440,+3.17,+28.656, +3.452,+0.954
1647364560,+3.17,+28.647, +3.448,+0.953
1647364680,+3.17,+28.656, +3.472,+0.954
1647364800,+3.17,+28.656, +3.441,+0.954
1647364920,+3.17,+28.656, +3.472,+0.954
1647365040,+3.17,+28.665, +3.488,+0.954
1647365160,+3.17,+28.656, +3.533,+0.954
1647365280,+3.17,+28.647, +3.624,+0.953
1647365400,+3.17,+28.639, +3.689,+0.954
1647365520,+3.17,+28.647, +3.659,+0.954
1647365640,+3.17,+28.665, +3.588,+0.954
1647365760,+3.17,+28.647, +3.620,+0.954
1647365880,+3.17,+28.665, +3.567,+0.953
1647366000,+3.17,+28.690, +3.564,+0.954
1647366120,+3.17,+28.716, +3.564,+0.954
1647366240,+3.17,+28.733, +3.525,+0.954
1647366360,+3.17,+28.759, +3.505,+0.954
1647366480,+3.17,+28.759, +3.555,+0.954
1647366600,+3.17,+28.784, +3.558,+0.953
1647366720,+3.17,+28.776, +3.620,+0.954
1647366840,+3.17,+28.819, +3.619,+0.954
1647366960,+3.17,+28.836, +3.652,+0.954
1647367080,+3.17,+28.844, +3.653,+0.954
1647367200,+3.17,+28.853, +3.655,+0.954
1647367320,+3.17,+28.861, +3.635,+0.954
1647367440,+3.17,+28.879, +3.655,+0.954
1647367560,+3.17,+28.879, +3.671,+0.954
1647367680,+3.17,+28.879, +3.686,+0.954
1647367800,+3.17,+28.879, +3.663,+0.954
1647367920,+3.17,+28.904, +3.699,+0.954
1647368040,+3.17,+28.904, +3.725,+0.954
1647368160,+3.17,+28.921, +3.756,+0.954
1647368280,+3.17,+28.930, +3.790,+0.954
1647368400,+3.17,+28.921, +3.801,+0.954
1647368520,+3.17,+28.947, +3.819,+0.954
1647368640,+3.17,+28.956, +3.861,+0.954
1647368760,+3.17,+28.981, +3.919,+0.954
1647368880,+3.17,+28.990, +3.931,+0.954
1647369000,+3.17,+28.981, +3.958,+0.954
1647369120,+3.17,+29.007, +4.020,+0.954
1647369240,+3.17,+29.033, +4.054,+0.954
1647369360,+3.17,+29.041, +4.093,+0.954
1647369480,+3.17,+29.041, +4.130,+0.954
1647369600,+3.17,+29.033, +4.164,+0.955
1647369720,+3.17,+29.050, +4.186,+0.954
1647369840,+3.17,+29.050, +4.226,+0.954
1647369960,+3.17,+29.076, +4.267,+0.954
1647370080,+3.17,+29.076, +4.320,+0.954
1647370200,+3.17,+29.093, +4.376,+0.954
1647370320,+3.17,+29.119, +4.428,+0.954
1647370440,+3.17,+29.119, +4.471,+0.954
1647370560,+3.17,+29.127, +4.528,+0.954
1647370680,+3.17,+29.153, +4.590,+0.954
1647370800,+3.17,+29.179, +4.649,+0.954
1647370920,+3.17,+29.196, +4.672,+0.955
1647371040,+3.17,+29.196, +4.711,+0.955
1647371160,+3.17,+29.239, +4.741,+0.955
1647371280,+3.17,+29.256, +4.810,+0.955
1647371400,+3.17,+29.299, +4.911,+0.955
1647371520,+3.16,+29.325, +4.982,+0.955
1647371640,+3.16,+29.376, +5.066,+0.955
1647371760,+3.16,+29.368, +5.122,+0.955
1647371880,+3.16,+29.368, +5.181,+0.955
1647372000,+3.16,+29.316, +5.240,+0.956
1647372120,+3.16,+29.359, +5.254,+0.955
1647372240,+3.16,+29.393, +5.291,+0.954
1647372360,+3.16,+29.410, +5.443,+0.954
1647372480,+3.16,+29.419, +5.515,+0.954
1647372600,+3.16,+29.436, +5.550,+0.955
1647372720,+3.16,+29.488, +5.592,+0.955
1647372840,+3.16,+29.531, +5.649,+0.955
1647372960,+3.16,+29.565, +5.633,+0.955
1647373080,+3.16,+29.548, +5.709,+0.955
1647373200,+3.16,+29.557, +5.819,+0.955
1647373320,+3.16,+29.565, +5.870,+0.956
1647373440,+3.16,+29.531, +6.002,+0.955
1647373560,+3.16,+29.514, +6.098,+0.955
1647373680,+3.16,+29.514, +6.197,+0.956
1647373800,+3.16,+29.496, +6.277,+0.956
1647373920,+3.16,+29.531, +6.347,+0.956
1647374040,+3.16,+29.574, +6.367,+0.956
1647374160,+3.16,+29.660, +6.410,+0.956
1647374280,+3.16,+29.677, +6.523,+0.956
1647374400,+3.16,+29.677, +6.638,+0.956
1647374520,+3.16,+29.686, +6.690,+0.957
1647374640,+3.16,+29.669, +6.769,+0.956
1647374760,+3.16,+29.686, +6.862,+0.957
1647374880,+3.16,+29.703, +6.909,+0.956
1647375000,+3.16,+29.703, +6.876,+0.957
1647375120,+3.17,+29.729, +6.944,+0.956
1647375240,+3.16,+29.737, +6.999,+0.956
1647375360,+3.17,+29.772, +7.064,+0.957
1647375480,+3.17,+29.780, +7.108,+0.955
1647375600,+3.17,+29.780, +7.071,+0.957
1647375720,+3.17,+29.737, +6.983,+0.956
1647375840,+3.17,+29.729, +7.071,+0.957
1647375960,+3.17,+29.712, +7.183,+0.956
1647376080,+3.16,+29.720, +7.303,+0.957
1647376200,+3.17,+29.772, +7.384,+0.957
1647376320,+3.17,+29.789, +7.211,+0.956
1647376440,+3.17,+29.841, +7.339,+0.956
1647376560,+3.17,+29.875, +7.239,+0.956
1647376680,+3.17,+29.944, +7.408,+0.956
1647376800,+3.17,+29.979, +7.267,+0.957
1647376920,+3.17,+30.030, +7.388,+0.956
1647377040,+3.17,+30.099, +7.500,+0.956
1647377160,+3.17,+30.177, +7.643,+0.957
1647377280,+3.17,+30.169, +7.543,+0.956
1647377400,+3.17,+30.194, +7.400,+0.955
1647377520,+3.17,+30.194, +7.351,+0.956
1647377640,+3.17,+30.134, +7.188,+0.956
1647377760,+3.17,+30.143, +7.210,+0.955
1647377880,+3.17,+30.143, +7.218,+0.956
1647378000,+3.17,+30.151, +7.329,+0.956
1647378120,+3.17,+30.151, +7.377,+0.956
1647378240,+3.17,+30.186, +7.484,+0.956
1647378360,+3.17,+30.238, +7.525,+0.956
1647378480,+3.17,+30.264, +7.603,+0.956
1647378600,+3.16,+30.298, +7.608,+0.956
1647378720,+3.17,+30.324, +7.675,+0.957
1647378840,+3.16,+30.367, +7.770,+0.956
1647378960,+3.16,+30.367, +7.866,+0.957
1647379080,+3.16,+30.402, +8.008,+0.957
1647379200,+3.16,+30.428, +8.162,+0.957
1647379320,+3.16,+30.462, +8.219,+0.956
1647379440,+3.16,+30.506, +8.290,+0.957
1647379560,+3.16,+30.566, +8.348,+0.955
1647379680,+3.16,+30.618, +8.425,+0.956
1647379800,+3.16,+30.653, +8.496,+0.957
1647379920,+3.16,+30.688, +8.473,+0.957
1647380040,+3.16,+30.722, +8.516,+0.956
1647380160,+3.16,+30.740, +8.518,+0.956
1647380280,+3.16,+30.774, +8.550,+0.956
1647380400,+3.16,+30.783, +8.601,+0.956
1647380520,+3.16,+30.792, +8.640,+0.956
1647380640,+3.16,+30.809, +8.688,+0.956
1647380760,+3.16,+30.800, +8.655,+0.956
1647380880,+3.16,+30.844, +8.848,+0.955
1647381000,+3.17,+30.870, +8.900,+0.956
1647381120,+3.17,+30.896, +8.962,+0.956
1647381240,+3.17,+30.922, +9.061,+0.957
1647381360,+3.17,+30.948, +9.107,+0.956
1647381480,+3.17,+30.991, +9.191,+0.956
1647381600,+3.17,+31.017, +9.247,+0.957
1647381720,+3.17,+31.043, +9.290,+0.955
1647381840,+3.17,+31.061, +9.404,+0.956
1647381960,+3.17,+31.061, +9.457,+0.957
1647382080,+3.17,+31.078, +9.481,+0.956
1647382200,+3.17,+31.121, +9.518,+0.956
1647382320,+3.17,+31.113, +9.559,+0.956
1647382440,+3.17,+31.130, +9.573,+0.957
1647382560,+3.17,+31.156, +9.658,+0.957
1647382680,+3.16,+31.191, +9.673,+0.957
1647382800,+3.16,+31.234, +9.723,+0.955
1647382920,+3.16,+31.261, +9.803,+0.958
1647383040,+3.16,+31.304, +9.801,+0.957
1647383160,+3.16,+31.339, +9.843,+0.957
1647383280,+3.16,+31.348, +9.874,+0.956
1647383400,+3.16,+31.382, +9.912,+0.957
1647383520,+3.16,+31.417, +9.970,+0.955
1647383640,+3.16,+31.452,+10.041,+0.956
1647383760,+3.16,+31.478,+10.142,+0.957
1647383880,+3.16,+31.504,+10.194,+0.956
1647384000,+3.16,+31.574,+10.259,+0.956
1647384120,+3.16,+31.618,+10.312,+0.956
1647384240,+3.16,+31.609,+10.385,+0.955
1647384360,+3.16,+31.661,+10.489,+0.957
1647384480,+3.16,+31.714,+10.522,+0.956
1647384600,+3.16,+31.766,+10.565,+0.954
1647384720,+3.16,+31.783,+10.666,+0.956
1647384840,+3.16,+31.801,+10.757,+0.955
1647384960,+3.16,+31.827,+10.863,+0.955
1647385080,+3.16,+31.827,+11.101,+0.956
1647385200,+3.16,+31.827,+11.348,+0.956
1647385320,+3.16,+31.862,+11.429,+0.955
1647385440,+3.16,+31.906,+11.451,+0.957
1647385560,+3.16,+31.932,+11.406,+0.956
1647385680,+3.16,+31.976,+11.495,+0.956
1647385800,+3.16,+31.993,+11.510,+0.956
1647385920,+3.16,+32.002,+11.729,+0.956
1647386040,+3.16,+32.011,+11.715,+0.956
1647386160,+3.16,+32.011,+11.731,+0.955
1647386280,+3.16,+32.028,+11.790,+0.956
1647386400,+3.16,+32.063,+11.893,+0.955
1647386520,+3.16,+32.107,+11.845,+0.956
1647386640,+3.16,+32.151,+12.054,+0.957
1647386760,+3.16,+32.168,+12.119,+0.955
1647386880,+3.16,+32.168,+12.121,+0.956
1647387000,+3.16,+32.221,+11.986,+0.955
1647387120,+3.16,+32.282,+11.970,+0.955
1647387240,+3.16,+32.334,+12.055,+0.957
1647387360,+3.16,+32.387,+12.145,+0.956
1647387480,+3.16,+32.378,+12.162,+0.957
1647387600,+3.16,+32.343,+12.109,+0.955
1647387720,+3.16,+32.387,+12.058,+0.954
1647387840,+3.16,+32.440,+12.168,+0.957
1647387960,+3.16,+32.475,+12.148,+0.954
1647388080,+3.16,+32.475,+12.027,+0.955
1647388200,+3.16,+32.484,+11.926,+0.955
1647388320,+3.16,+32.475,+11.964,+0.955
1647388440,+3.16,+32.457,+12.029,+0.957
1647388560,+3.16,+32.457,+12.014,+0.956
1647388680,+3.16,+32.457,+12.081,+0.955
1647388800,+3.16,+32.501,+12.143,+0.956
1647388920,+3.16,+32.475,+12.291,+0.956
1647389040,+3.16,+32.413,+12.352,+0.956
1647389160,+3.16,+32.457,+12.375,+0.955
1647389280,+3.16,+32.475,+12.498,+0.957
1647389400,+3.16,+32.448,+12.577,+0.957
1647389520,+3.16,+32.457,+12.569,+0.957
1647389640,+3.16,+32.492,+12.564,+0.955
1647389760,+3.16,+32.510,+12.611,+0.954
1647389880,+3.16,+32.554,+12.654,+0.957
1647390000,+3.16,+32.598,+12.713,+0.956
1647390120,+3.16,+32.606,+12.791,+0.956
1647390240,+3.16,+32.589,+12.825,+0.955
1647390360,+3.16,+32.624,+12.890,+0.955
1647390480,+3.16,+32.615,+12.927,+0.955
1647390600,+3.16,+32.624,+13.028,+0.957
1647390720,+3.16,+32.650,+13.078,+0.956
1647390840,+3.16,+32.668,+13.004,+0.956
1647390960,+3.16,+32.659,+12.900,+0.955
1647391080,+3.16,+32.668,+13.069,+0.956
1647391200,+3.16,+32.703,+12.987,+0.954
1647391320,+3.16,+32.747,+13.033,+0.957
1647391440,+3.16,+32.809,+13.090,+0.955
1647391560,+3.16,+32.791,+13.307,+0.955
1647391680,+3.16,+32.809,+13.185,+0.954
1647391800,+3.16,+32.852,+13.145,+0.956
1647391920,+3.16,+32.861,+13.216,+0.956
1647392040,+3.16,+32.905,+13.412,+0.955
1647392160,+3.16,+32.879,+13.533,+0.956
1647392280,+3.16,+32.888,+12.834,+0.956
1647392400,+3.16,+32.826,+12.752,+0.957
1647392520,+3.16,+32.809,+12.921,+0.956
1647392640,+3.16,+32.844,+13.501,+0.956
1647392760,+3.16,+32.852,+13.637,+0.957
1647392880,+3.16,+32.800,+13.446,+0.957
1647393000,+3.16,+32.747,+13.803,+0.957
1647393120,+3.16,+32.738,+13.457,+0.956
1647393240,+3.16,+32.738,+13.813,+0.958
1647393360,+3.16,+32.677,+13.952,+0.957
1647393480,+3.16,+32.589,+14.041,+0.959
1647393600,+3.16,+32.642,+13.735,+0.955
1647393720,+3.16,+32.571,+13.899,+0.959
1647393840,+3.16,+32.580,+13.880,+0.958
1647393960,+3.16,+32.694,+13.992,+0.958
1647394080,+3.16,+32.756,+13.988,+0.957
1647394200,+3.16,+32.800,+14.017,+0.958
1647394320,+3.16,+32.852,+14.059,+0.958
1647394440,+3.16,+32.861,+14.026,+0.958
1647394560,+3.16,+32.870,+14.048,+0.958
1647394680,+3.16,+32.923,+14.106,+0.956
1647394800,+3.16,+32.949,+14.169,+0.957
1647394920,+3.16,+32.967,+14.048,+0.954
1647395040,+3.16,+32.958,+13.971,+0.957
1647395160,+3.16,+33.011,+14.031,+0.955
1647395280,+3.15,+32.976,+14.228,+0.959
1647395400,+3.16,+33.011,+14.267,+0.956
1647395520,+3.16,+33.046,+14.302,+0.957
1647395640,+3.16,+33.108,+14.365,+0.955
1647395760,+3.16,+33.125,+13.859,+0.957
1647395880,+3.16,+32.958,+11.363,+0.956
1647396000,+3.15,+33.011,+12.494,+0.956
1647396120,+3.16,+33.064,+13.212,+0.957
1647396240,+3.16,+33.055,+13.225,+0.956
1647396360,+3.16,+33.046,+13.541,+0.955
1647396480,+3.16,+33.011,+13.254,+0.957
1647396600,+3.15,+32.993,+13.471,+0.956
1647396720,+3.16,+32.940,+12.961,+0.959
1647396840,+3.16,+32.852,+13.065,+0.955
1647396960,+3.16,+32.800,+12.801,+0.956
1647397080,+3.16,+32.738,+12.441,+0.957
1647397200,+3.16,+32.712,+12.529,+0.958
1647397320,+3.16,+32.729,+12.561,+0.956
1647397440,+3.16,+32.809,+12.952,+0.957
1647397560,+3.16,+32.835,+13.326,+0.959
1647397680,+3.16,+32.888,+13.702,+0.959
1647397800,+3.15,+32.914,+13.800,+0.958
1647397920,+3.15,+32.932,+13.778,+0.960
1647398040,+3.15,+32.923,+13.786,+0.958
1647398160,+3.15,+32.905,+13.585,+0.958
1647398280,+3.15,+32.932,+13.643,+0.958
1647398400,+3.15,+32.888,+13.579,+0.959
1647398520,+3.15,+32.879,+13.698,+0.959
1647398640,+3.15,+32.870,+13.593,+0.957
1647398760,+3.16,+32.712,+13.057,+0.956
1647398880,+3.16,+32.677,+13.264,+0.960
1647399000,+3.16,+32.659,+13.256,+0.959
1647399120,+3.16,+32.501,+12.683,+0.959
1647399240,+3.16,+32.536,+13.163,+0.958
1647399360,+3.16,+32.545,+13.235,+0.958
1647399480,+3.16,+32.545,+13.094,+0.960
1647399600,+3.16,+32.571,+13.284,+0.959
1647399720,+3.16,+32.527,+13.216,+0.959
1647399840,+3.16,+32.554,+13.164,+0.959
1647399960,+3.16,+32.519,+13.119,+0.959
1647400080,+3.16,+32.484,+13.167,+0.958
1647400200,+3.16,+32.492,+13.234,+0.958
1647400320,+3.16,+32.519,+13.336,+0.960
1647400440,+3.16,+32.466,+13.237,+0.958
1647400560,+3.16,+32.466,+13.222,+0.959
1647400680,+3.16,+32.457,+13.232,+0.958
1647400800,+3.16,+32.431,+13.217,+0.960
1647400920,+3.16,+32.457,+13.225,+0.958
1647401040,+3.16,+32.466,+13.214,+0.960
1647401160,+3.16,+32.466,+13.302,+0.960
1647401280,+3.16,+32.457,+13.185,+0.960
1647401400,+3.16,+32.457,+13.203,+0.959
1647401520,+3.16,+32.492,+13.297,+0.960
1647401640,+3.16,+32.519,+13.304,+0.957
1647401760,+3.16,+32.519,+13.336,+0.958
1647401880,+3.16,+32.510,+13.267,+0.959
1647402000,+3.16,+32.527,+13.235,+0.959
1647402120,+3.16,+32.501,+13.149,+0.959
1647402240,+3.16,+32.484,+13.024,+0.959
1647402360,+3.16,+32.484,+12.891,+0.961
1647402480,+3.16,+32.370,+12.828,+0.958
