7450-646496
OS REV: 1.05 Sensor Cal: 1573749572
Time (sec),  BV (Volts),  T (deg C),  DO (mg/l),  Q ()
1682041380,+2.68,+23.954, +0.249,+0.868
1682041500,+2.68,+23.954, +0.248,+0.868
1682041620,+2.68,+23.971, +0.248,+0.868
1682041740,+2.68,+23.971, +0.249,+0.868
1682041860,+2.68,+23.963, +0.249,+0.868
1682041980,+2.68,+23.971, +0.248,+0.868
1682042100,+2.68,+23.988, +0.248,+0.868
1682042220,+2.68,+23.979, +0.248,+0.868
1682042340,+2.68,+23.988, +0.249,+0.868
1682042460,+2.68,+23.996, +0.249,+0.868
1682042580,+2.68,+23.988, +0.249,+0.868
1682042700,+2.68,+23.988, +0.249,+0.868
1682042820,+2.68,+23.988, +0.248,+0.868
1682042940,+2.68,+23.971, +0.249,+0.868
1682043060,+2.68,+23.971, +0.249,+0.868
1682043180,+2.68,+23.971, +0.249,+0.868
1682043300,+2.68,+23.963, +0.248,+0.868
1682043420,+2.68,+23.979, +0.249,+0.868
1682043540,+2.68,+23.979, +0.249,+0.868
1682043660,+2.68,+23.979, +0.249,+0.868
1682043780,+2.68,+23.988, +0.249,+0.868
1682043900,+2.68,+23.996, +0.249,+0.868
1682044020,+2.68,+23.996, +0.248,+0.868
1682044140,+2.68,+24.005, +0.248,+0.868
1682044260,+2.68,+24.021, +0.248,+0.868
1682044380,+2.68,+24.013, +0.248,+0.868
1682044500,+2.68,+23.996, +0.249,+0.869
1682044620,+2.68,+23.988, +0.248,+0.868
1682044740,+2.68,+24.005, +0.248,+0.868
1682044860,+2.68,+23.988, +0.249,+0.868
1682044980,+2.68,+24.005, +0.249,+0.868
1682045100,+2.68,+24.013, +0.248,+0.868
1682045220,+2.68,+24.013, +0.249,+0.868
1682045340,+2.68,+24.005, +0.249,+0.868
1682045460,+2.68,+23.996, +0.248,+0.868
1682045580,+2.68,+24.021, +0.249,+0.869
1682045700,+2.68,+23.988, +0.249,+0.868
1682045820,+2.68,+24.021, +0.248,+0.868
1682045940,+2.68,+24.013, +0.248,+0.868
1682046060,+2.68,+24.013, +0.248,+0.868
1682046180,+2.68,+24.005, +0.248,+0.868
1682046300,+2.68,+23.988, +0.248,+0.868
1682046420,+2.68,+23.988, +0.249,+0.868
1682046540,+2.68,+23.988, +0.249,+0.868
1682046660,+2.68,+23.996, +0.248,+0.868
1682046780,+2.68,+23.988, +0.248,+0.868
1682046900,+2.68,+23.988, +0.249,+0.868
1682047020,+2.68,+23.963, +0.249,+0.868
1682047140,+2.68,+23.979, +0.249,+0.868
1682047260,+2.68,+23.979, +0.249,+0.868
1682047380,+2.68,+23.988, +0.248,+0.868
1682047500,+2.68,+23.979, +0.249,+0.868
1682047620,+2.68,+23.988, +0.248,+0.868
1682047740,+2.68,+23.963, +0.248,+0.868
1682047860,+2.68,+23.971, +0.249,+0.868
1682047980,+2.68,+23.954, +0.248,+0.868
1682048100,+2.68,+23.954, +0.249,+0.868
1682048220,+2.68,+23.946, +0.248,+0.868
1682048340,+2.68,+23.963, +0.249,+0.868
1682048460,+2.68,+23.946, +0.249,+0.868
1682048580,+2.68,+23.946, +0.248,+0.868
1682048700,+2.68,+23.938, +0.248,+0.868
1682048820,+2.68,+23.938, +0.248,+0.868
1682048940,+2.68,+23.946, +0.248,+0.868
1682049060,+2.68,+23.938, +0.249,+0.868
1682049180,+2.68,+23.921, +0.249,+0.868
1682049300,+2.68,+23.921, +0.248,+0.868
1682049420,+2.68,+23.921, +0.249,+0.868
1682049540,+2.68,+23.896, +0.250,+0.868
1682049660,+2.68,+23.887, +0.248,+0.868
1682049780,+2.68,+23.879, +0.249,+0.868
1682049900,+2.68,+23.887, +0.249,+0.868
1682050020,+2.68,+23.854, +0.249,+0.868
1682050140,+2.68,+23.862, +0.250,+0.868
1682050260,+2.68,+23.837, +0.250,+0.868
1682050380,+2.68,+23.820, +0.250,+0.868
1682050500,+2.68,+23.820, +0.250,+0.868
1682050620,+2.68,+23.795, +0.249,+0.868
1682050740,+2.68,+23.803, +0.250,+0.868
1682050860,+2.68,+23.787, +0.249,+0.868
1682050980,+2.68,+23.762, +0.250,+0.868
1682051100,+2.68,+23.770, +0.250,+0.868
1682051220,+2.68,+23.753, +0.250,+0.868
1682051340,+2.68,+23.736, +0.249,+0.868
1682051460,+2.68,+23.728, +0.250,+0.868
1682051580,+2.68,+23.728, +0.250,+0.868
1682051700,+2.68,+23.711, +0.250,+0.868
1682051820,+2.68,+23.703, +0.249,+0.868
1682051940,+2.68,+23.695, +0.250,+0.868
1682052060,+2.68,+23.695, +0.250,+0.868
1682052180,+2.68,+23.678, +0.251,+0.868
1682052300,+2.68,+23.678, +0.249,+0.868
1682052420,+2.68,+23.653, +0.250,+0.868
1682052540,+2.68,+23.636, +0.251,+0.868
1682052660,+2.68,+23.644, +0.250,+0.868
1682052780,+2.68,+23.628, +0.250,+0.868
1682052900,+2.68,+23.611, +0.250,+0.868
1682053020,+2.68,+23.594, +0.250,+0.868
1682053140,+2.68,+23.594, +0.249,+0.868
1682053260,+2.68,+23.577, +0.250,+0.868
1682053380,+2.68,+23.577, +0.250,+0.868
1682053500,+2.68,+23.552, +0.251,+0.868
1682053620,+2.68,+23.544, +0.251,+0.868
1682053740,+2.68,+23.544, +0.251,+0.868
1682053860,+2.68,+23.535, +0.250,+0.868
1682053980,+2.68,+23.527, +0.250,+0.868
1682054100,+2.68,+23.510, +0.251,+0.868
1682054220,+2.68,+23.494, +0.250,+0.868
1682054340,+2.68,+23.485, +0.251,+0.868
1682054460,+2.68,+23.477, +0.251,+0.868
1682054580,+2.68,+23.485, +0.251,+0.868
1682054700,+2.68,+23.468, +0.251,+0.868
1682054820,+2.68,+23.460, +0.251,+0.868
1682054940,+2.68,+23.452, +0.251,+0.868
1682055060,+2.68,+23.443, +0.251,+0.868
1682055180,+2.68,+23.443, +0.251,+0.868
1682055300,+2.68,+23.452, +0.251,+0.868
1682055420,+2.68,+23.427, +0.251,+0.868
1682055540,+2.68,+23.427, +0.251,+0.868
1682055660,+2.68,+23.410, +0.251,+0.868
1682055780,+2.68,+23.427, +0.251,+0.868
1682055900,+2.68,+23.418, +0.251,+0.868
1682056020,+2.68,+23.418, +0.252,+0.868
1682056140,+2.68,+23.418, +0.251,+0.868
1682056260,+2.68,+23.401, +0.251,+0.868
1682056380,+2.68,+23.401, +0.251,+0.868
1682056500,+2.68,+23.401, +0.251,+0.868
1682056620,+2.68,+23.385, +0.252,+0.868
1682056740,+2.68,+23.385, +0.251,+0.868
1682056860,+2.68,+23.376, +0.251,+0.868
1682056980,+2.68,+23.360, +0.252,+0.868
1682057100,+2.68,+23.376, +0.250,+0.868
1682057220,+2.68,+23.360, +0.252,+0.868
1682057340,+2.68,+23.334, +0.252,+0.868
1682057460,+2.68,+23.351, +0.252,+0.868
1682057580,+2.68,+23.343, +0.252,+0.868
1682057700,+2.68,+23.343, +0.251,+0.868
1682057820,+2.68,+23.326, +0.250,+0.868
1682057940,+2.68,+23.309, +0.251,+0.868
1682058060,+2.68,+23.293, +0.251,+0.868
1682058180,+2.68,+23.301, +0.251,+0.868
1682058300,+2.68,+23.293, +0.251,+0.868
1682058420,+2.68,+23.293, +0.252,+0.868
1682058540,+2.68,+23.284, +0.252,+0.868
1682058660,+2.68,+23.276, +0.252,+0.868
1682058780,+2.68,+23.276, +0.252,+0.868
1682058900,+2.68,+23.259, +0.252,+0.868
1682059020,+2.68,+23.259, +0.252,+0.868
1682059140,+2.68,+23.259, +0.251,+0.868
1682059260,+2.68,+23.251, +0.252,+0.868
1682059380,+2.68,+23.234, +0.251,+0.868
1682059500,+2.68,+23.226, +0.252,+0.868
1682059620,+2.68,+23.226, +0.252,+0.868
1682059740,+2.68,+23.226, +0.251,+0.868
1682059860,+2.68,+23.192, +0.252,+0.868
1682059980,+2.68,+23.201, +0.253,+0.868
1682060100,+2.68,+23.192, +0.253,+0.868
1682060220,+2.68,+23.184, +0.252,+0.868
1682060340,+2.68,+23.192, +0.253,+0.868
1682060460,+2.68,+23.167, +0.252,+0.868
1682060580,+2.68,+23.175, +0.251,+0.868
1682060700,+2.68,+23.150, +0.252,+0.868
1682060820,+2.68,+23.142, +0.252,+0.868
1682060940,+2.68,+23.142, +0.252,+0.868
1682061060,+2.68,+23.108, +0.252,+0.868
1682061180,+2.68,+23.108, +0.252,+0.868
1682061300,+2.68,+23.108, +0.252,+0.868
1682061420,+2.68,+23.100, +0.252,+0.868
1682061540,+2.68,+23.092, +0.252,+0.868
1682061660,+2.68,+23.117, +0.251,+0.868
1682061780,+2.68,+23.092, +0.252,+0.868
1682061900,+2.68,+23.108, +0.252,+0.868
1682062020,+2.68,+23.108, +0.252,+0.868
1682062140,+2.68,+23.083, +0.252,+0.868
1682062260,+2.68,+23.075, +0.252,+0.868
1682062380,+2.68,+23.075, +0.252,+0.868
1682062500,+2.68,+23.075, +0.252,+0.868
1682062620,+2.68,+23.058, +0.252,+0.868
1682062740,+2.68,+23.067, +0.252,+0.868
1682062860,+2.68,+23.075, +0.252,+0.868
1682062980,+2.68,+23.083, +0.252,+0.868
1682063100,+2.68,+23.058, +0.252,+0.868
1682063220,+2.68,+23.058, +0.252,+0.868
1682063340,+2.68,+23.033, +0.253,+0.868
1682063460,+2.68,+23.033, +0.252,+0.868
1682063580,+2.68,+23.042, +0.253,+0.868
1682063700,+2.68,+23.050, +0.252,+0.868
1682063820,+2.68,+23.067, +0.252,+0.868
1682063940,+2.68,+23.067, +0.252,+0.868
1682064060,+2.68,+23.050, +0.252,+0.868
1682064180,+2.68,+23.033, +0.252,+0.868
1682064300,+2.68,+23.025, +0.252,+0.868
1682064420,+2.68,+23.033, +0.253,+0.868
1682064540,+2.68,+23.016, +0.253,+0.868
1682064660,+2.68,+23.025, +0.252,+0.868
1682064780,+2.68,+23.033, +0.252,+0.868
1682064900,+2.68,+23.025, +0.251,+0.868
1682065020,+2.68,+23.016, +0.252,+0.868
1682065140,+2.68,+23.008, +0.252,+0.868
1682065260,+2.68,+23.016, +0.252,+0.868
1682065380,+2.68,+23.008, +0.252,+0.868
1682065500,+2.68,+23.000, +0.252,+0.868
1682065620,+2.68,+23.016, +0.252,+0.868
1682065740,+2.68,+23.000, +0.252,+0.868
1682065860,+2.68,+23.008, +0.253,+0.868
1682065980,+2.68,+23.008, +0.252,+0.868
1682066100,+2.68,+22.983, +0.252,+0.868
1682066220,+2.68,+23.000, +0.251,+0.868
1682066340,+2.68,+23.000, +0.252,+0.868
1682066460,+2.68,+23.008, +0.251,+0.868
1682066580,+2.68,+23.025, +0.251,+0.868
1682066700,+2.68,+23.008, +0.251,+0.868
1682066820,+2.68,+22.991, +0.252,+0.868
1682066940,+2.68,+23.016, +0.252,+0.868
1682067060,+2.68,+22.975, +0.252,+0.868
1682067180,+2.68,+22.983, +0.252,+0.868
1682067300,+2.68,+22.991, +0.252,+0.868
1682067420,+2.68,+23.000, +0.252,+0.868
1682067540,+2.68,+23.000, +0.252,+0.868
1682067660,+2.68,+22.991, +0.252,+0.868
1682067780,+2.68,+22.975, +0.252,+0.868
1682067900,+2.68,+22.983, +0.252,+0.868
1682068020,+2.68,+22.991, +0.251,+0.868
1682068140,+2.68,+22.975, +0.252,+0.868
1682068260,+2.68,+22.983, +0.251,+0.868
1682068380,+2.68,+22.991, +0.252,+0.868
1682068500,+2.68,+22.983, +0.252,+0.868
1682068620,+2.68,+22.983, +0.251,+0.868
1682068740,+2.68,+22.958, +0.251,+0.868
1682068860,+2.68,+22.983, +0.252,+0.868
1682068980,+2.68,+22.975, +0.252,+0.868
1682069100,+2.68,+22.975, +0.252,+0.868
1682069220,+2.68,+22.966, +0.251,+0.868
1682069340,+2.68,+22.975, +0.252,+0.868
1682069460,+2.68,+22.966, +0.252,+0.868
1682069580,+2.68,+22.975, +0.252,+0.868
1682069700,+2.68,+22.975, +0.251,+0.868
1682069820,+2.68,+22.966, +0.252,+0.868
1682069940,+2.68,+22.991, +0.251,+0.868
1682070060,+2.68,+22.975, +0.252,+0.868
1682070180,+2.68,+22.966, +0.252,+0.868
1682070300,+2.68,+22.958, +0.251,+0.868
1682070420,+2.68,+22.958, +0.252,+0.868
1682070540,+2.68,+22.966, +0.252,+0.868
1682070660,+2.68,+22.958, +0.251,+0.868
1682070780,+2.68,+22.958, +0.252,+0.868
1682070900,+2.68,+22.958, +0.252,+0.868
1682071020,+2.68,+22.958, +0.252,+0.868
1682071140,+2.68,+22.958, +0.251,+0.868
1682071260,+2.68,+22.958, +0.252,+0.868
1682071380,+2.68,+22.966, +0.252,+0.868
1682071500,+2.68,+22.966, +0.251,+0.868
1682071620,+2.68,+22.950, +0.252,+0.868
1682071740,+2.68,+22.950, +0.251,+0.868
1682071860,+2.68,+22.958, +0.251,+0.868
1682071980,+2.68,+22.958, +0.252,+0.868
1682072100,+2.68,+22.950, +0.251,+0.868
1682072220,+2.68,+22.933, +0.252,+0.868
1682072340,+2.68,+22.941, +0.251,+0.868
1682072460,+2.68,+22.941, +0.251,+0.868
1682072580,+2.68,+22.941, +0.251,+0.868
1682072700,+2.68,+22.950, +0.251,+0.868
1682072820,+2.68,+22.950, +0.251,+0.868
1682072940,+2.68,+22.924, +0.252,+0.868
1682073060,+2.68,+22.941, +0.252,+0.868
1682073180,+2.68,+22.941, +0.251,+0.868
1682073300,+2.68,+22.933, +0.251,+0.868
1682073420,+2.68,+22.958, +0.251,+0.868
1682073540,+2.68,+22.950, +0.252,+0.868
1682073660,+2.68,+22.941, +0.251,+0.868
1682073780,+2.68,+22.958, +0.251,+0.868
1682073900,+2.68,+22.950, +0.251,+0.868
1682074020,+2.68,+22.941, +0.251,+0.868
1682074140,+2.68,+22.941, +0.251,+0.868
1682074260,+2.68,+22.950, +0.251,+0.868
1682074380,+2.68,+22.941, +0.252,+0.868
1682074500,+2.68,+22.950, +0.251,+0.868
1682074620,+2.68,+22.950, +0.251,+0.868
1682074740,+2.68,+22.933, +0.251,+0.868
1682074860,+2.68,+22.941, +0.251,+0.868
1682074980,+2.68,+22.950, +0.250,+0.868
1682075100,+2.68,+22.933, +0.251,+0.868
1682075220,+2.68,+22.958, +0.252,+0.868
1682075340,+2.68,+22.975, +0.250,+0.868
1682075460,+2.68,+22.966, +0.251,+0.868
1682075580,+2.68,+22.941, +0.251,+0.868
1682075700,+2.68,+22.958, +0.251,+0.868
1682075820,+2.68,+22.941, +0.251,+0.868
1682075940,+2.68,+22.941, +0.251,+0.868
1682076060,+2.68,+22.924, +0.251,+0.868
1682076180,+2.68,+22.941, +0.251,+0.868
1682076300,+2.68,+22.950, +0.250,+0.868
1682076420,+2.68,+22.950, +0.250,+0.868
1682076540,+2.68,+22.958, +0.251,+0.868
1682076660,+2.68,+22.941, +0.250,+0.868
1682076780,+2.68,+22.958, +0.250,+0.868
1682076900,+2.68,+22.941, +0.251,+0.868
1682077020,+2.68,+22.933, +0.251,+0.868
1682077140,+2.68,+22.950, +0.250,+0.868
1682077260,+2.68,+22.933, +0.250,+0.868
1682077380,+2.68,+22.933, +0.250,+0.868
1682077500,+2.68,+22.924, +0.250,+0.868
1682077620,+2.68,+22.933, +0.251,+0.868
1682077740,+2.68,+22.941, +0.250,+0.868
1682077860,+2.68,+22.941, +0.250,+0.868
1682077980,+2.68,+22.924, +0.250,+0.868
1682078100,+2.68,+22.941, +0.251,+0.868
1682078220,+2.68,+22.933, +0.250,+0.868
1682078340,+2.68,+22.924, +0.250,+0.868
1682078460,+2.68,+22.891, +0.251,+0.868
1682078580,+2.68,+22.908, +0.251,+0.868
1682078700,+2.68,+22.899, +0.251,+0.868
1682078820,+2.68,+22.924, +0.250,+0.868
1682078940,+2.68,+22.916, +0.251,+0.868
1682079060,+2.68,+22.924, +0.250,+0.868
1682079180,+2.68,+22.924, +0.250,+0.868
1682079300,+2.68,+22.916, +0.250,+0.868
1682079420,+2.68,+22.933, +0.250,+0.868
1682079540,+2.68,+22.899, +0.250,+0.868
1682079660,+2.68,+22.908, +0.250,+0.868
1682079780,+2.68,+22.899, +0.250,+0.868
1682079900,+2.68,+22.899, +0.250,+0.868
1682080020,+2.68,+22.908, +0.250,+0.868
1682080140,+2.68,+22.916, +0.250,+0.868
1682080260,+2.68,+22.916, +0.250,+0.868
1682080380,+2.68,+22.908, +0.250,+0.868
1682080500,+2.68,+22.916, +0.250,+0.868
1682080620,+2.68,+22.908, +0.250,+0.868
1682080740,+2.68,+22.908, +0.250,+0.868
1682080860,+2.68,+22.899, +0.250,+0.868
1682080980,+2.68,+22.899, +0.251,+0.868
1682081100,+2.68,+22.908, +0.251,+0.868
1682081220,+2.68,+22.899, +0.250,+0.868
1682081340,+2.68,+22.899, +0.250,+0.868
1682081460,+2.68,+22.883, +0.250,+0.868
1682081580,+2.68,+22.883, +0.249,+0.868
1682081700,+2.68,+22.883, +0.251,+0.868
1682081820,+2.68,+22.883, +0.250,+0.868
1682081940,+2.68,+22.883, +0.250,+0.868
1682082060,+2.68,+22.883, +0.249,+0.868
1682082180,+2.68,+22.866, +0.250,+0.868
1682082300,+2.68,+22.883, +0.250,+0.868
1682082420,+2.68,+22.858, +0.250,+0.868
1682082540,+2.68,+22.866, +0.249,+0.868
1682082660,+2.68,+22.858, +0.250,+0.868
1682082780,+2.68,+22.874, +0.250,+0.868
1682082900,+2.68,+22.858, +0.250,+0.868
1682083020,+2.68,+22.858, +0.250,+0.868
1682083140,+2.68,+22.866, +0.251,+0.868
1682083260,+2.68,+22.866, +0.250,+0.868
1682083380,+2.68,+22.883, +0.250,+0.868
1682083500,+2.68,+22.874, +0.250,+0.868
1682083620,+2.68,+22.874, +0.250,+0.868
1682083740,+2.68,+22.858, +0.249,+0.868
1682083860,+2.68,+22.858, +0.250,+0.868
1682083980,+2.68,+22.849, +0.250,+0.868
1682084100,+2.68,+22.858, +0.249,+0.868
1682084220,+2.68,+22.866, +0.249,+0.868
1682084340,+2.68,+22.866, +0.249,+0.868
1682084460,+2.68,+22.849, +0.250,+0.868
1682084580,+2.68,+22.866, +0.250,+0.868
1682084700,+2.68,+22.858, +0.249,+0.868
1682084820,+2.68,+22.883, +0.249,+0.868
1682084940,+2.68,+22.866, +0.250,+0.868
1682085060,+2.68,+22.866, +0.249,+0.868
1682085180,+2.68,+22.849, +0.249,+0.868
1682085300,+2.68,+22.849, +0.249,+0.868
1682085420,+2.68,+22.858, +0.249,+0.868
1682085540,+2.68,+22.849, +0.249,+0.868
1682085660,+2.68,+22.866, +0.250,+0.868
1682085780,+2.68,+22.832, +0.250,+0.868
1682085900,+2.68,+22.858, +0.250,+0.868
1682086020,+2.68,+22.849, +0.250,+0.868
1682086140,+2.68,+22.866, +0.250,+0.868
1682086260,+2.68,+22.858, +0.248,+0.868
1682086380,+2.68,+22.841, +0.249,+0.868
1682086500,+2.68,+22.858, +0.249,+0.868
1682086620,+2.68,+22.858, +0.250,+0.869
1682086740,+2.68,+22.849, +0.249,+0.868
1682086860,+2.68,+22.849, +0.249,+0.868
1682086980,+2.68,+22.849, +0.249,+0.868
1682087100,+2.68,+22.841, +0.249,+0.868
1682087220,+2.68,+22.858, +0.249,+0.868
1682087340,+2.68,+22.841, +0.249,+0.868
1682087460,+2.68,+22.858, +0.249,+0.868
1682087580,+2.68,+22.841, +0.249,+0.868
1682087700,+2.68,+22.841, +0.249,+0.868
1682087820,+2.68,+22.841, +0.249,+0.868
1682087940,+2.68,+22.824, +0.250,+0.868
1682088060,+2.68,+22.841, +0.249,+0.868
1682088180,+2.68,+22.858, +0.249,+0.868
1682088300,+2.68,+22.858, +0.249,+0.868
1682088420,+2.68,+22.849, +0.249,+0.869
1682088540,+2.68,+22.858, +0.249,+0.869
1682088660,+2.68,+22.866, +0.249,+0.868
1682088780,+2.68,+22.858, +0.248,+0.868
1682088900,+2.68,+22.841, +0.249,+0.868
1682089020,+2.68,+22.841, +0.249,+0.868
1682089140,+2.68,+22.832, +0.249,+0.868
1682089260,+2.68,+22.841, +0.249,+0.868
1682089380,+2.68,+22.841, +0.249,+0.868
1682089500,+2.68,+22.841, +0.249,+0.868
1682089620,+2.68,+22.841, +0.249,+0.869
1682089740,+2.68,+22.841, +0.250,+0.868
1682089860,+2.68,+22.849, +0.249,+0.868
1682089980,+2.68,+22.858, +0.249,+0.869
1682090100,+2.68,+22.858, +0.249,+0.869
1682090220,+2.68,+22.858, +0.248,+0.868
1682090340,+2.68,+22.841, +0.248,+0.869
1682090460,+2.68,+22.824, +0.249,+0.868
1682090580,+2.68,+22.832, +0.249,+0.869
1682090700,+2.68,+22.841, +0.249,+0.869
1682090820,+2.68,+22.841, +0.248,+0.868
1682090940,+2.68,+22.832, +0.248,+0.868
1682091060,+2.68,+22.832, +0.249,+0.869
1682091180,+2.68,+22.858, +0.248,+0.868
1682091300,+2.68,+22.841, +0.249,+0.869
1682091420,+2.68,+22.849, +0.248,+0.869
1682091540,+2.68,+22.824, +0.249,+0.869
1682091660,+2.68,+22.849, +0.249,+0.869
1682091780,+2.68,+22.824, +0.248,+0.868
1682091900,+2.68,+22.816, +0.248,+0.868
1682092020,+2.68,+22.824, +0.249,+0.868
1682092140,+2.68,+22.824, +0.248,+0.869
1682092260,+2.68,+22.841, +0.248,+0.868
1682092380,+2.68,+22.824, +0.249,+0.869
1682092500,+2.68,+22.832, +0.249,+0.869
1682092620,+2.68,+22.849, +0.248,+0.868
1682092740,+2.68,+22.824, +0.248,+0.869
1682092860,+2.68,+22.824, +0.248,+0.869
1682092980,+2.68,+22.832, +0.248,+0.869
1682093100,+2.68,+22.832, +0.249,+0.868
1682093220,+2.68,+22.832, +0.248,+0.869
1682093340,+2.68,+22.832, +0.248,+0.868
1682093460,+2.68,+22.824, +0.248,+0.868
1682093580,+2.68,+22.832, +0.248,+0.869
1682093700,+2.68,+22.832, +0.248,+0.868
1682093820,+2.68,+22.832, +0.248,+0.869
1682093940,+2.68,+22.832, +0.249,+0.869
1682094060,+2.68,+22.832, +0.248,+0.869
1682094180,+2.68,+22.832, +0.248,+0.868
1682094300,+2.68,+22.824, +0.248,+0.868
1682094420,+2.68,+22.816, +0.248,+0.869
1682094540,+2.68,+22.824, +0.247,+0.868
1682094660,+2.68,+22.866, +0.248,+0.869
1682094780,+2.68,+22.899, +0.246,+0.869
1682094900,+2.68,+22.958, +0.246,+0.869
1682095020,+2.68,+23.008, +0.245,+0.869
1682095140,+2.68,+23.083, +0.245,+0.869
1682095260,+2.68,+23.159, +0.244,+0.869
1682095380,+2.68,+23.217, +0.245,+0.869
1682095500,+2.68,+23.301, +0.244,+0.869
1682095620,+2.68,+23.351, +0.244,+0.869
1682095740,+2.68,+23.418, +0.243,+0.869
1682095860,+2.68,+23.477, +0.243,+0.869
1682095980,+2.68,+23.527, +0.242,+0.869
1682096100,+2.68,+23.946, +7.885,+0.899
1682096220,+2.68,+24.055, +7.921,+0.901
1682096340,+2.68,+23.938, +7.954,+0.902
1682096460,+2.68,+23.812, +8.009,+0.904
1682096580,+2.68,+24.936, +7.908,+0.903
1682096700,+2.68,+24.709, +7.971,+0.905
1682096820,+2.68,+24.424, +7.976,+0.905
1682096940,+2.68,+24.407, +7.979,+0.908
