7450-646496
OS REV: 1.05 Sensor Cal: 1573749572
Time (sec),  BV (Volts),  T (deg C),  DO (mg/l),  Q ()
1675579380,+2.78,+24.945, +7.969,+0.934
1675579500,+2.78,+25.189, +8.030,+0.936
1675579620,+2.78,+25.374, +8.012,+0.937
1675579740,+2.78,+25.441, +8.001,+0.937
1675579860,+2.78,+25.475, +7.998,+0.937
1675579980,+2.78,+25.466, +7.970,+0.936
1675580100,+2.78,+25.475, +7.987,+0.937
1675580220,+2.78,+25.449, +7.978,+0.936
1675580340,+2.78,+25.441, +7.985,+0.938
1675580460,+2.78,+25.424, +7.976,+0.937
1675580580,+2.78,+25.391, +7.978,+0.937
1675580700,+2.78,+25.374, +7.985,+0.937
1675580820,+2.78,+25.332, +7.995,+0.938
1675580940,+2.78,+25.315, +7.985,+0.938
1675581060,+2.78,+25.281, +7.988,+0.937
1675581180,+2.78,+25.256, +7.993,+0.938
1675581300,+2.78,+25.222, +7.989,+0.938
1675581420,+2.78,+25.197, +7.977,+0.936
1675581540,+2.78,+25.130, +8.014,+0.938
1675581660,+2.78,+25.121, +7.995,+0.937
1675581780,+2.78,+25.071, +8.013,+0.938
1675581900,+2.78,+25.037, +8.019,+0.938
1675582020,+2.78,+24.995, +8.028,+0.938
1675582140,+2.78,+24.945, +8.007,+0.936
1675582260,+2.78,+24.928, +8.016,+0.937
1675582380,+2.78,+24.903, +8.018,+0.937
1675582500,+2.78,+24.844, +8.026,+0.937
1675582620,+2.78,+24.802, +8.030,+0.936
1675582740,+2.78,+24.777, +8.032,+0.937
1675582860,+2.79,+24.743, +8.027,+0.936
1675582980,+2.78,+24.709, +8.057,+0.937
1675583100,+2.79,+24.693, +8.050,+0.937
1675583220,+2.79,+24.634, +8.045,+0.936
1675583340,+2.79,+24.600, +8.050,+0.936
1675583460,+2.79,+24.575, +8.063,+0.937
1675583580,+2.79,+24.525, +8.056,+0.936
1675583700,+2.79,+24.499, +8.069,+0.936
1675583820,+2.79,+24.466, +8.070,+0.937
1675583940,+2.79,+24.441, +8.067,+0.936
1675584060,+2.79,+24.416, +8.071,+0.937
1675584180,+2.79,+24.374, +8.065,+0.935
1675584300,+2.79,+24.340, +8.096,+0.937
1675584420,+2.78,+24.323, +8.095,+0.937
1675584540,+2.78,+24.290, +8.084,+0.936
1675584660,+2.78,+24.256, +8.095,+0.936
1675584780,+2.78,+24.223, +8.083,+0.935
1675584900,+2.78,+24.197, +8.101,+0.936
1675585020,+2.78,+24.155, +8.109,+0.937
1675585140,+2.78,+24.139, +8.111,+0.936
1675585260,+2.78,+24.088, +8.113,+0.936
1675585380,+2.78,+24.072, +8.103,+0.935
1675585500,+2.78,+24.046, +8.125,+0.937
1675585620,+2.78,+24.030, +8.122,+0.936
1675585740,+2.78,+23.988, +8.132,+0.937
1675585860,+2.78,+23.971, +8.127,+0.936
1675585980,+2.78,+23.938, +8.127,+0.935
1675586100,+2.78,+23.929, +8.126,+0.936
1675586220,+2.78,+23.921, +8.135,+0.936
1675586340,+2.78,+23.879, +8.134,+0.936
1675586460,+2.79,+23.854, +8.138,+0.936
1675586580,+2.79,+23.820, +8.145,+0.936
1675586700,+2.79,+23.812, +8.138,+0.936
1675586820,+2.79,+23.770, +8.157,+0.936
1675586940,+2.79,+23.762, +8.150,+0.936
1675587060,+2.79,+23.736, +8.149,+0.936
1675587180,+2.79,+23.720, +8.159,+0.936
1675587300,+2.79,+23.703, +8.147,+0.935
1675587420,+2.79,+23.669, +8.145,+0.935
1675587540,+2.79,+23.669, +8.179,+0.937
1675587660,+2.79,+23.636, +8.175,+0.936
1675587780,+2.79,+23.628, +8.150,+0.935
1675587900,+2.79,+23.594, +8.164,+0.935
1675588020,+2.79,+23.577, +8.161,+0.935
1675588140,+2.79,+23.552, +8.177,+0.936
1675588260,+2.79,+23.535, +8.165,+0.934
1675588380,+2.79,+23.510, +8.176,+0.935
1675588500,+2.79,+23.502, +8.168,+0.935
1675588620,+2.79,+23.477, +8.177,+0.935
1675588740,+2.79,+23.477, +8.182,+0.936
1675588860,+2.79,+23.443, +8.192,+0.936
1675588980,+2.79,+23.435, +8.177,+0.935
1675589100,+2.79,+23.401, +8.201,+0.936
1675589220,+2.79,+23.401, +8.177,+0.935
1675589340,+2.79,+23.376, +8.190,+0.936
1675589460,+2.79,+23.343, +8.207,+0.936
1675589580,+2.79,+23.334, +8.207,+0.936
1675589700,+2.79,+23.309, +8.199,+0.935
1675589820,+2.79,+23.293, +8.202,+0.935
1675589940,+2.79,+23.293, +8.189,+0.934
1675590060,+2.79,+23.267, +8.190,+0.934
1675590180,+2.79,+23.242, +8.211,+0.935
1675590300,+2.79,+23.234, +8.196,+0.935
1675590420,+2.79,+23.226, +8.211,+0.935
1675590540,+2.79,+23.209, +8.225,+0.936
1675590660,+2.78,+23.184, +8.213,+0.935
1675590780,+2.78,+23.175, +8.218,+0.935
1675590900,+2.78,+23.167, +8.214,+0.935
1675591020,+2.78,+23.142, +8.221,+0.935
1675591140,+2.78,+23.134, +8.215,+0.935
1675591260,+2.78,+23.108, +8.219,+0.935
1675591380,+2.78,+23.117, +8.205,+0.934
1675591500,+2.78,+23.100, +8.227,+0.935
1675591620,+2.78,+23.083, +8.213,+0.935
1675591740,+2.78,+23.067, +8.236,+0.936
1675591860,+2.78,+23.050, +8.228,+0.935
1675591980,+2.78,+23.042, +8.221,+0.935
1675592100,+2.78,+23.033, +8.219,+0.934
1675592220,+2.78,+23.016, +8.234,+0.935
1675592340,+2.78,+23.016, +8.232,+0.935
1675592460,+2.78,+23.008, +8.234,+0.935
1675592580,+2.78,+22.975, +8.243,+0.935
1675592700,+2.78,+22.966, +8.221,+0.934
1675592820,+2.78,+22.950, +8.243,+0.935
1675592940,+2.78,+22.958, +8.232,+0.935
1675593060,+2.79,+22.933, +8.243,+0.935
1675593180,+2.79,+22.924, +8.235,+0.935
1675593300,+2.78,+22.933, +8.229,+0.935
1675593420,+2.78,+22.908, +8.236,+0.934
1675593540,+2.79,+22.891, +8.242,+0.935
1675593660,+2.79,+22.874, +8.245,+0.935
1675593780,+2.79,+22.866, +8.243,+0.935
1675593900,+2.79,+22.866, +8.248,+0.935
1675594020,+2.79,+22.858, +8.240,+0.935
1675594140,+2.79,+22.841, +8.248,+0.935
1675594260,+2.79,+22.832, +8.244,+0.935
1675594380,+2.79,+22.816, +8.247,+0.935
1675594500,+2.79,+22.807, +8.236,+0.934
1675594620,+2.79,+22.791, +8.257,+0.935
1675594740,+2.79,+22.782, +8.239,+0.934
1675594860,+2.79,+22.791, +8.235,+0.934
1675594980,+2.79,+22.757, +8.245,+0.934
1675595100,+2.79,+22.749, +8.260,+0.935
1675595220,+2.79,+22.749, +8.260,+0.935
1675595340,+2.79,+22.740, +8.248,+0.934
1675595460,+2.79,+22.724, +8.253,+0.934
1675595580,+2.79,+22.724, +8.250,+0.934
1675595700,+2.79,+22.715, +8.245,+0.934
1675595820,+2.79,+22.707, +8.244,+0.934
1675595940,+2.79,+22.699, +8.250,+0.934
1675596060,+2.79,+22.690, +8.252,+0.934
1675596180,+2.79,+22.690, +8.253,+0.934
1675596300,+2.79,+22.682, +8.262,+0.935
1675596420,+2.79,+22.674, +8.255,+0.935
1675596540,+2.79,+22.665, +8.270,+0.935
1675596660,+2.79,+22.648, +8.272,+0.935
1675596780,+2.79,+22.632, +8.276,+0.935
1675596900,+2.79,+22.623, +8.260,+0.934
1675597020,+2.79,+22.623, +8.255,+0.934
1675597140,+2.79,+22.623, +8.269,+0.935
1675597260,+2.79,+22.623, +8.251,+0.934
1675597380,+2.79,+22.590, +8.271,+0.934
1675597500,+2.79,+22.607, +8.285,+0.935
1675597620,+2.79,+22.590, +8.269,+0.934
1675597740,+2.79,+22.598, +8.264,+0.934
1675597860,+2.79,+22.582, +8.271,+0.934
1675597980,+2.79,+22.565, +8.282,+0.935
1675598100,+2.79,+22.573, +8.269,+0.934
1675598220,+2.79,+22.548, +8.264,+0.933
1675598340,+2.79,+22.556, +8.275,+0.934
1675598460,+2.79,+22.556, +8.265,+0.934
1675598580,+2.79,+22.540, +8.267,+0.934
1675598700,+2.79,+22.540, +8.262,+0.934
1675598820,+2.79,+22.506, +8.268,+0.934
1675598940,+2.79,+22.515, +8.262,+0.933
1675599060,+2.79,+22.523, +8.276,+0.934
1675599180,+2.79,+22.498, +8.276,+0.934
1675599300,+2.79,+22.506, +8.279,+0.934
1675599420,+2.79,+22.506, +8.274,+0.934
1675599540,+2.79,+22.490, +8.265,+0.933
1675599660,+2.79,+22.498, +8.275,+0.934
1675599780,+2.79,+22.481, +8.278,+0.934
1675599900,+2.79,+22.481, +8.270,+0.934
1675600020,+2.79,+22.473, +8.276,+0.934
1675600140,+2.79,+22.473, +8.277,+0.934
1675600260,+2.79,+22.456, +8.274,+0.934
1675600380,+2.79,+22.448, +8.288,+0.934
1675600500,+2.79,+22.439, +8.289,+0.934
1675600620,+2.79,+22.456, +8.273,+0.934
1675600740,+2.79,+22.456, +8.274,+0.934
1675600860,+2.79,+22.439, +8.279,+0.934
1675600980,+2.79,+22.439, +8.266,+0.934
1675601100,+2.79,+22.423, +8.276,+0.933
1675601220,+2.79,+22.414, +8.289,+0.934
1675601340,+2.79,+22.414, +8.295,+0.935
1675601460,+2.79,+22.398, +8.286,+0.934
1675601580,+2.79,+22.414, +8.277,+0.934
1675601700,+2.79,+22.406, +8.286,+0.934
1675601820,+2.79,+22.406, +8.292,+0.935
1675601940,+2.79,+22.389, +8.277,+0.933
1675602060,+2.79,+22.381, +8.287,+0.934
1675602180,+2.79,+22.389, +8.282,+0.934
1675602300,+2.79,+22.381, +8.282,+0.934
1675602420,+2.79,+22.389, +8.281,+0.934
1675602540,+2.79,+22.373, +8.299,+0.935
1675602660,+2.79,+22.373, +8.289,+0.934
1675602780,+2.79,+22.381, +8.281,+0.934
1675602900,+2.79,+22.364, +8.289,+0.934
1675603020,+2.79,+22.347, +8.277,+0.933
1675603140,+2.79,+22.356, +8.278,+0.933
1675603260,+2.79,+22.356, +8.285,+0.934
1675603380,+2.79,+22.347, +8.302,+0.935
1675603500,+2.79,+22.331, +8.298,+0.934
1675603620,+2.79,+22.339, +8.275,+0.933
1675603740,+2.79,+22.339, +8.294,+0.934
1675603860,+2.79,+22.339, +8.280,+0.934
1675603980,+2.79,+22.339, +8.279,+0.934
1675604100,+2.79,+22.322, +8.297,+0.934
1675604220,+2.79,+22.331, +8.284,+0.934
1675604340,+2.79,+22.314, +8.286,+0.934
1675604460,+2.79,+22.297, +8.294,+0.934
1675604580,+2.79,+22.314, +8.292,+0.934
1675604700,+2.79,+22.322, +8.288,+0.934
1675604820,+2.79,+22.306, +8.290,+0.934
1675604940,+2.79,+22.306, +8.294,+0.934
1675605060,+2.79,+22.297, +8.281,+0.934
1675605180,+2.79,+22.289, +8.300,+0.935
1675605300,+2.79,+22.297, +8.285,+0.934
1675605420,+2.79,+22.297, +8.278,+0.933
1675605540,+2.79,+22.297, +8.279,+0.933
1675605660,+2.79,+22.281, +8.303,+0.935
1675605780,+2.79,+22.297, +8.285,+0.934
1675605900,+2.79,+22.289, +8.286,+0.934
1675606020,+2.79,+22.272, +8.297,+0.934
1675606140,+2.79,+22.264, +8.282,+0.933
1675606260,+2.79,+22.264, +8.283,+0.933
1675606380,+2.79,+22.264, +8.292,+0.934
1675606500,+2.79,+22.281, +8.277,+0.933
1675606620,+2.79,+22.264, +8.297,+0.934
1675606740,+2.79,+22.264, +8.294,+0.934
1675606860,+2.79,+22.264, +8.292,+0.934
1675606980,+2.79,+22.255, +8.295,+0.934
1675607100,+2.79,+22.255, +8.281,+0.933
1675607220,+2.79,+22.239, +8.293,+0.933
1675607340,+2.79,+22.239, +8.301,+0.934
1675607460,+2.79,+22.239, +8.280,+0.933
1675607580,+2.79,+22.247, +8.284,+0.933
1675607700,+2.79,+22.239, +8.284,+0.933
1675607820,+2.79,+22.230, +8.313,+0.935
1675607940,+2.79,+22.239, +8.297,+0.934
1675608060,+2.79,+22.222, +8.305,+0.934
1675608180,+2.79,+22.239, +8.301,+0.934
1675608300,+2.79,+22.230, +8.299,+0.934
1675608420,+2.79,+22.222, +8.298,+0.934
1675608540,+2.79,+22.230, +8.278,+0.933
1675608660,+2.79,+22.222, +8.294,+0.934
1675608780,+2.79,+22.205, +8.289,+0.933
1675608900,+2.79,+22.214, +8.273,+0.932
1675609020,+2.79,+22.205, +8.286,+0.933
1675609140,+2.79,+22.214, +8.299,+0.934
1675609260,+2.79,+22.205, +8.283,+0.933
1675609380,+2.79,+22.214, +8.284,+0.933
1675609500,+2.79,+22.205, +8.302,+0.934
1675609620,+2.79,+22.189, +8.291,+0.934
1675609740,+2.79,+22.180, +8.296,+0.934
1675609860,+2.79,+22.197, +8.288,+0.934
1675609980,+2.79,+22.197, +8.294,+0.934
1675610100,+2.79,+22.205, +8.293,+0.934
1675610220,+2.79,+22.189, +8.282,+0.933
1675610340,+2.79,+22.189, +8.287,+0.933
1675610460,+2.79,+22.189, +8.295,+0.934
1675610580,+2.79,+22.180, +8.283,+0.933
1675610700,+2.79,+22.172, +8.298,+0.934
1675610820,+2.79,+22.197, +8.277,+0.933
1675610940,+2.79,+22.172, +8.284,+0.933
1675611060,+2.79,+22.197, +8.288,+0.934
1675611180,+2.79,+22.172, +8.302,+0.934
1675611300,+2.79,+22.172, +8.290,+0.934
1675611420,+2.79,+22.180, +8.284,+0.934
1675611540,+2.79,+22.164, +8.292,+0.934
1675611660,+2.79,+22.155, +8.297,+0.934
1675611780,+2.79,+22.164, +8.290,+0.933
1675611900,+2.79,+22.164, +8.296,+0.934
1675612020,+2.79,+22.155, +8.287,+0.933
1675612140,+2.79,+22.180, +8.296,+0.934
1675612260,+2.79,+22.172, +8.299,+0.934
1675612380,+2.79,+22.155, +8.304,+0.935
1675612500,+2.79,+22.172, +8.295,+0.934
1675612620,+2.79,+22.155, +8.294,+0.934
1675612740,+2.79,+22.155, +8.288,+0.933
1675612860,+2.79,+22.155, +8.291,+0.934
1675612980,+2.79,+22.130, +8.291,+0.933
1675613100,+2.79,+22.130, +8.304,+0.934
1675613220,+2.79,+22.147, +8.301,+0.934
1675613340,+2.79,+22.147, +8.287,+0.933
1675613460,+2.79,+22.130, +8.287,+0.933
1675613580,+2.79,+22.138, +8.274,+0.932
1675613700,+2.79,+22.138, +8.289,+0.933
1675613820,+2.79,+22.122, +8.308,+0.934
1675613940,+2.79,+22.155, +8.285,+0.934
1675614060,+2.79,+22.130, +8.293,+0.934
1675614180,+2.79,+22.130, +8.289,+0.934
1675614300,+2.79,+22.130, +8.291,+0.934
1675614420,+2.79,+22.138, +8.290,+0.934
1675614540,+2.79,+22.122, +8.290,+0.934
1675614660,+2.79,+22.130, +8.278,+0.933
1675614780,+2.79,+22.113, +8.306,+0.934
1675614900,+2.79,+22.122, +8.297,+0.934
1675615020,+2.79,+22.122, +8.279,+0.933
1675615140,+2.79,+22.138, +8.293,+0.934
1675615260,+2.79,+22.130, +8.294,+0.934
1675615380,+2.79,+22.122, +8.292,+0.934
1675615500,+2.79,+22.122, +8.280,+0.933
1675615620,+2.79,+22.130, +8.289,+0.934
1675615740,+2.79,+22.113, +8.310,+0.935
1675615860,+2.79,+22.138, +8.271,+0.933
1675615980,+2.79,+22.113, +8.280,+0.933
1675616100,+2.79,+22.113, +8.280,+0.933
1675616220,+2.78,+22.105, +8.287,+0.933
1675616340,+2.79,+22.122, +8.307,+0.935
1675616460,+2.79,+22.113, +8.285,+0.933
1675616580,+2.79,+22.113, +8.287,+0.934
1675616700,+2.78,+22.097, +8.283,+0.933
1675616820,+2.79,+22.122, +8.292,+0.934
1675616940,+2.79,+22.122, +8.273,+0.933
1675617060,+2.79,+22.130, +8.289,+0.934
1675617180,+2.78,+22.113, +8.289,+0.934
1675617300,+2.78,+22.113, +8.283,+0.934
1675617420,+2.79,+22.113, +8.261,+0.932
1675617540,+2.78,+22.105, +8.286,+0.934
1675617660,+2.79,+22.105, +8.282,+0.933
1675617780,+2.79,+22.122, +8.273,+0.933
1675617900,+2.79,+22.105, +8.291,+0.934
1675618020,+2.79,+22.122, +8.286,+0.934
1675618140,+2.79,+22.105, +8.278,+0.933
1675618260,+2.79,+22.113, +8.274,+0.933
1675618380,+2.79,+22.130, +8.267,+0.933
1675618500,+2.78,+22.113, +8.268,+0.933
1675618620,+2.79,+22.105, +8.293,+0.934
1675618740,+2.79,+22.097, +8.293,+0.934
1675618860,+2.78,+22.105, +8.274,+0.933
1675618980,+2.78,+22.097, +8.286,+0.934
1675619100,+2.79,+22.105, +8.282,+0.934
1675619220,+2.78,+22.097, +8.265,+0.933
1675619340,+2.79,+22.105, +8.271,+0.933
1675619460,+2.79,+22.105, +8.275,+0.933
1675619580,+2.78,+22.113, +8.275,+0.934
1675619700,+2.79,+22.113, +8.273,+0.934
1675619820,+2.79,+22.105, +8.266,+0.933
1675619940,+2.78,+22.097, +8.275,+0.934
1675620060,+2.79,+22.097, +8.274,+0.934
1675620180,+2.78,+22.105, +8.271,+0.934
1675620300,+2.78,+22.105, +8.266,+0.934
1675620420,+2.78,+22.088, +8.269,+0.933
1675620540,+2.79,+22.097, +8.274,+0.934
1675620660,+2.79,+22.113, +8.270,+0.934
1675620780,+2.78,+22.080, +8.269,+0.933
1675620900,+2.78,+22.097, +8.271,+0.934
1675621020,+2.78,+22.097, +8.271,+0.934
1675621140,+2.78,+22.105, +8.272,+0.934
1675621260,+2.78,+22.097, +8.271,+0.934
1675621380,+2.78,+22.088, +8.261,+0.933
1675621500,+2.78,+22.080, +8.276,+0.934
1675621620,+2.78,+22.072, +8.269,+0.933
1675621740,+2.78,+22.072, +8.258,+0.933
1675621860,+2.78,+22.055, +8.270,+0.933
1675621980,+2.78,+22.072, +8.269,+0.934
1675622100,+2.78,+22.088, +8.259,+0.933
1675622220,+2.79,+22.063, +8.261,+0.933
1675622340,+2.78,+22.072, +8.263,+0.933
1675622460,+2.78,+22.072, +8.259,+0.933
1675622580,+2.79,+22.063, +8.273,+0.934
1675622700,+2.79,+22.088, +8.250,+0.933
1675622820,+2.78,+22.063, +8.254,+0.933
1675622940,+2.78,+22.088, +8.254,+0.933
1675623060,+2.78,+22.072, +8.254,+0.933
1675623180,+2.78,+22.072, +8.256,+0.933
1675623300,+2.79,+22.055, +8.263,+0.934
1675623420,+2.79,+22.072, +8.254,+0.933
1675623540,+2.78,+22.063, +8.260,+0.934
1675623660,+2.78,+22.055, +8.257,+0.933
1675623780,+2.79,+22.088, +8.245,+0.933
1675623900,+2.79,+22.063, +8.258,+0.934
1675624020,+2.78,+22.047, +8.264,+0.934
1675624140,+2.78,+22.055, +8.259,+0.934
1675624260,+2.79,+22.055, +8.252,+0.933
1675624380,+2.78,+22.063, +8.244,+0.933
1675624500,+2.79,+22.055, +8.248,+0.933
1675624620,+2.79,+22.038, +8.252,+0.933
1675624740,+2.78,+22.063, +8.249,+0.934
1675624860,+2.78,+22.055, +8.240,+0.933
1675624980,+2.79,+22.063, +8.254,+0.934
1675625100,+2.78,+22.047, +8.246,+0.933
1675625220,+2.78,+22.072, +8.239,+0.934
1675625340,+2.79,+22.055, +8.230,+0.933
1675625460,+2.79,+22.055, +8.240,+0.933
1675625580,+2.78,+22.063, +8.228,+0.933
1675625700,+2.78,+22.038, +8.244,+0.933
1675625820,+2.78,+22.030, +8.245,+0.934
1675625940,+2.78,+22.021, +8.243,+0.933
1675626060,+2.78,+22.038, +8.234,+0.933
1675626180,+2.78,+22.038, +8.226,+0.932
1675626300,+2.78,+22.047, +8.235,+0.933
1675626420,+2.78,+22.047, +8.239,+0.933
1675626540,+2.78,+22.030, +8.239,+0.933
1675626660,+2.78,+22.038, +8.246,+0.934
1675626780,+2.78,+22.055, +8.229,+0.933
1675626900,+2.78,+22.047, +8.241,+0.934
1675627020,+2.78,+22.030, +8.241,+0.934
1675627140,+2.78,+22.030, +8.239,+0.933
1675627260,+2.78,+22.021, +8.230,+0.933
1675627380,+2.78,+22.021, +8.238,+0.933
1675627500,+2.78,+22.013, +8.231,+0.933
1675627620,+2.78,+22.013, +8.224,+0.932
1675627740,+2.78,+22.005, +8.230,+0.933
1675627860,+2.79,+22.005, +8.234,+0.933
1675627980,+2.79,+22.013, +8.224,+0.933
1675628100,+2.78,+22.005, +8.237,+0.934
1675628220,+2.78,+22.021, +8.226,+0.933
1675628340,+2.79,+22.005, +8.240,+0.933
1675628460,+2.79,+22.005, +8.227,+0.933
1675628580,+2.79,+22.005, +8.220,+0.933
1675628700,+2.78,+21.996, +8.224,+0.933
1675628820,+2.79,+22.005, +8.223,+0.933
1675628940,+2.78,+21.988, +8.230,+0.933
1675629060,+2.78,+21.988, +8.224,+0.933
1675629180,+2.78,+22.005, +8.220,+0.933
1675629300,+2.79,+21.988, +8.220,+0.933
1675629420,+2.79,+21.988, +8.233,+0.934
1675629540,+2.79,+21.980, +8.229,+0.933
1675629660,+2.79,+21.980, +8.224,+0.933
1675629780,+2.79,+21.988, +8.224,+0.934
1675629900,+2.79,+21.971, +8.228,+0.933
1675630020,+2.78,+21.963, +8.217,+0.933
1675630140,+2.79,+21.963, +8.211,+0.933
1675630260,+2.79,+21.963, +8.218,+0.933
1675630380,+2.79,+21.955, +8.215,+0.933
1675630500,+2.78,+21.955, +8.222,+0.933
1675630620,+2.79,+21.955, +8.208,+0.933
1675630740,+2.79,+21.955, +8.208,+0.933
1675630860,+2.79,+21.946, +8.219,+0.933
1675630980,+2.79,+21.930, +8.226,+0.933
1675631100,+2.79,+21.946, +8.215,+0.933
1675631220,+2.79,+21.938, +8.199,+0.932
1675631340,+2.79,+21.930, +8.225,+0.934
1675631460,+2.79,+21.955, +8.214,+0.934
1675631580,+2.79,+21.946, +8.199,+0.932
1675631700,+2.79,+21.930, +8.211,+0.933
1675631820,+2.79,+21.930, +8.194,+0.932
1675631940,+2.79,+21.921, +8.209,+0.933
1675632060,+2.79,+21.938, +8.195,+0.933
1675632180,+2.79,+21.921, +8.205,+0.933
1675632300,+2.79,+21.904, +8.199,+0.933
1675632420,+2.79,+21.913, +8.207,+0.933
1675632540,+2.79,+21.913, +8.209,+0.933
1675632660,+2.79,+21.913, +8.203,+0.933
1675632780,+2.79,+21.913, +8.207,+0.933
1675632900,+2.79,+21.921, +8.198,+0.933
1675633020,+2.79,+21.913, +8.197,+0.933
1675633140,+2.79,+21.921, +8.204,+0.934
1675633260,+2.79,+21.921, +8.195,+0.933
1675633380,+2.79,+21.921, +8.186,+0.933
1675633500,+2.79,+21.896, +8.192,+0.933
1675633620,+2.79,+21.921, +8.180,+0.933
1675633740,+2.79,+21.921, +8.186,+0.933
1675633860,+2.79,+21.904, +8.197,+0.934
1675633980,+2.79,+21.896, +8.190,+0.933
1675634100,+2.79,+21.913, +8.189,+0.933
1675634220,+2.79,+21.904, +8.188,+0.933
1675634340,+2.79,+21.904, +8.184,+0.933
1675634460,+2.79,+21.913, +8.177,+0.933
1675634580,+2.79,+21.904, +8.175,+0.933
1675634700,+2.79,+21.904, +8.179,+0.933
1675634820,+2.79,+21.913, +8.168,+0.932
1675634940,+2.79,+21.913, +8.189,+0.934
1675635060,+2.78,+21.904, +8.176,+0.933
1675635180,+2.79,+21.921, +8.172,+0.933
1675635300,+2.79,+21.913, +8.167,+0.932
1675635420,+2.79,+21.904, +8.167,+0.932
1675635540,+2.79,+21.913, +8.168,+0.933
1675635660,+2.79,+21.921, +8.161,+0.932
1675635780,+2.79,+21.921, +8.181,+0.934
1675635900,+2.79,+21.913, +8.164,+0.933
1675636020,+2.79,+21.921, +8.165,+0.933
1675636140,+2.79,+21.930, +8.160,+0.933
1675636260,+2.79,+21.938, +8.168,+0.933
1675636380,+2.79,+21.938, +8.158,+0.933
1675636500,+2.79,+21.946, +8.158,+0.933
1675636620,+2.79,+21.946, +8.154,+0.933
1675636740,+2.79,+21.946, +8.152,+0.933
1675636860,+2.79,+21.963, +8.136,+0.932
1675636980,+2.79,+21.955, +8.150,+0.933
1675637100,+2.79,+21.963, +8.149,+0.933
1675637220,+2.79,+21.955, +8.141,+0.933
1675637340,+2.79,+21.971, +8.147,+0.933
1675637460,+2.78,+21.971, +8.149,+0.933
1675637580,+2.79,+21.963, +8.150,+0.933
1675637700,+2.79,+21.963, +8.147,+0.933
1675637820,+2.79,+21.980, +8.141,+0.933
1675637940,+2.79,+21.963, +8.151,+0.933
1675638060,+2.79,+21.980, +8.152,+0.934
1675638180,+2.79,+21.980, +8.136,+0.933
1675638300,+2.79,+21.988, +8.136,+0.933
1675638420,+2.79,+21.988, +8.143,+0.934
1675638540,+2.78,+21.971, +8.145,+0.934
1675638660,+2.78,+21.971, +8.140,+0.934
1675638780,+2.78,+21.980, +8.125,+0.933
1675638900,+2.79,+21.980, +8.135,+0.933
1675639020,+2.78,+21.996, +8.117,+0.933
1675639140,+2.79,+21.971, +8.141,+0.934
1675639260,+2.78,+21.971, +8.131,+0.933
1675639380,+2.78,+21.980, +8.138,+0.934
1675639500,+2.78,+21.988, +8.131,+0.934
1675639620,+2.78,+21.971, +8.125,+0.933
1675639740,+2.78,+21.963, +8.132,+0.934
1675639860,+2.79,+21.971, +8.119,+0.933
1675639980,+2.78,+21.963, +8.111,+0.932
1675640100,+2.78,+21.980, +8.117,+0.933
1675640220,+2.78,+21.971, +8.113,+0.933
1675640340,+2.79,+21.980, +8.099,+0.932
1675640460,+2.78,+21.971, +8.112,+0.933
1675640580,+2.79,+21.971, +8.100,+0.932
1675640700,+2.78,+21.971, +8.099,+0.933
1675640820,+2.79,+21.971, +8.111,+0.933
1675640940,+2.78,+21.980, +8.109,+0.933
1675641060,+2.79,+21.971, +8.109,+0.933
1675641180,+2.79,+21.971, +8.113,+0.934
1675641300,+2.78,+21.963, +8.099,+0.933
1675641420,+2.78,+21.963, +8.098,+0.932
1675641540,+2.79,+21.955, +8.108,+0.933
1675641660,+2.79,+21.971, +8.108,+0.933
1675641780,+2.79,+21.938, +8.100,+0.933
1675641900,+2.79,+21.971, +8.099,+0.933
1675642020,+2.78,+21.955, +8.100,+0.933
1675642140,+2.78,+21.971, +8.076,+0.932
1675642260,+2.79,+21.963, +8.094,+0.933
1675642380,+2.79,+21.963, +8.083,+0.933
1675642500,+2.78,+21.971, +8.086,+0.933
1675642620,+2.78,+21.963, +8.092,+0.933
1675642740,+2.78,+21.971, +8.091,+0.933
1675642860,+2.79,+21.955, +8.085,+0.933
1675642980,+2.79,+21.971, +8.082,+0.933
1675643100,+2.78,+21.971, +8.080,+0.933
1675643220,+2.79,+21.971, +8.081,+0.933
1675643340,+2.79,+21.971, +8.071,+0.932
1675643460,+2.78,+21.963, +8.077,+0.933
1675643580,+2.79,+21.963, +8.086,+0.934
1675643700,+2.79,+21.963, +8.069,+0.933
1675643820,+2.78,+21.971, +8.080,+0.933
1675643940,+2.78,+21.988, +8.051,+0.932
1675644060,+2.78,+21.980, +8.063,+0.933
1675644180,+2.78,+21.980, +8.054,+0.932
1675644300,+2.78,+21.980, +8.078,+0.934
1675644420,+2.78,+21.971, +8.059,+0.932
1675644540,+2.78,+21.963, +8.057,+0.932
1675644660,+2.78,+21.980, +8.060,+0.933
1675644780,+2.78,+21.980, +8.051,+0.933
1675644900,+2.78,+21.996, +8.056,+0.933
1675645020,+2.79,+21.988, +8.059,+0.933
1675645140,+2.78,+21.980, +8.068,+0.934
1675645260,+2.78,+21.996, +8.053,+0.933
1675645380,+2.78,+21.988, +8.056,+0.933
1675645500,+2.78,+21.988, +8.046,+0.933
1675645620,+2.78,+21.971, +8.057,+0.933
1675645740,+2.78,+21.980, +8.046,+0.933
1675645860,+2.78,+21.996, +8.045,+0.933
1675645980,+2.78,+22.005, +8.053,+0.934
1675646100,+2.78,+21.996, +8.032,+0.932
1675646220,+2.78,+21.980, +8.050,+0.934
1675646340,+2.78,+22.005, +8.034,+0.933
1675646460,+2.79,+21.996, +8.026,+0.933
1675646580,+2.78,+21.996, +8.035,+0.933
1675646700,+2.78,+21.996, +8.023,+0.933
1675646820,+2.78,+21.996, +8.028,+0.933
1675646940,+2.78,+21.996, +8.023,+0.933
1675647060,+2.78,+22.005, +8.025,+0.933
1675647180,+2.78,+21.996, +8.021,+0.933
1675647300,+2.78,+21.996, +8.021,+0.933
1675647420,+2.78,+22.005, +8.020,+0.933
1675647540,+2.78,+22.013, +8.022,+0.934
1675647660,+2.78,+22.005, +8.024,+0.934
1675647780,+2.78,+22.005, +8.012,+0.933
1675647900,+2.78,+22.005, +8.008,+0.932
1675648020,+2.78,+22.013, +8.008,+0.933
1675648140,+2.78,+22.013, +8.004,+0.933
1675648260,+2.78,+21.996, +8.006,+0.933
1675648380,+2.78,+22.005, +8.005,+0.933
1675648500,+2.78,+22.021, +7.987,+0.932
1675648620,+2.78,+22.005, +7.997,+0.933
1675648740,+2.78,+22.005, +7.999,+0.933
1675648860,+2.78,+22.013, +8.006,+0.934
1675648980,+2.78,+22.021, +7.998,+0.933
1675649100,+2.78,+22.005, +7.995,+0.933
1675649220,+2.78,+22.021, +7.982,+0.932
1675649340,+2.78,+22.021, +7.982,+0.933
1675649460,+2.78,+22.030, +7.988,+0.933
1675649580,+2.78,+22.005, +7.993,+0.933
1675649700,+2.78,+22.013, +7.982,+0.933
1675649820,+2.78,+22.021, +7.986,+0.933
1675649940,+2.78,+22.005, +7.972,+0.932
1675650060,+2.78,+22.013, +7.971,+0.932
1675650180,+2.78,+22.021, +7.976,+0.933
1675650300,+2.78,+22.013, +7.977,+0.933
1675650420,+2.78,+22.030, +7.983,+0.933
1675650540,+2.78,+22.021, +7.967,+0.933
1675650660,+2.78,+22.013, +7.982,+0.933
1675650780,+2.78,+22.013, +7.986,+0.934
1675650900,+2.78,+22.021, +7.969,+0.933
1675651020,+2.78,+22.013, +7.969,+0.933
1675651140,+2.79,+22.013, +7.960,+0.933
1675651260,+2.78,+22.030, +7.958,+0.933
1675651380,+2.78,+22.021, +7.966,+0.933
1675651500,+2.78,+22.013, +7.955,+0.932
1675651620,+2.78,+22.021, +7.944,+0.932
1675651740,+2.78,+22.030, +7.951,+0.933
1675651860,+2.78,+22.021, +7.954,+0.933
1675651980,+2.78,+21.996, +7.950,+0.932
1675652100,+2.78,+22.013, +7.960,+0.933
1675652220,+2.78,+22.021, +7.959,+0.934
1675652340,+2.78,+22.038, +7.935,+0.933
1675652460,+2.78,+22.013, +7.951,+0.933
1675652580,+2.78,+22.005, +7.938,+0.932
1675652700,+2.78,+22.013, +7.953,+0.934
1675652820,+2.78,+22.005, +7.936,+0.932
1675652940,+2.78,+22.021, +7.921,+0.932
1675653060,+2.78,+22.013, +7.939,+0.933
1675653180,+2.78,+22.013, +7.935,+0.933
1675653300,+2.78,+22.030, +7.923,+0.933
1675653420,+2.78,+22.021, +7.940,+0.934
1675653540,+2.78,+22.021, +7.930,+0.933
1675653660,+2.78,+22.021, +7.928,+0.933
1675653780,+2.78,+22.013, +7.919,+0.932
1675653900,+2.78,+22.021, +7.918,+0.933
1675654020,+2.78,+22.038, +7.935,+0.934
1675654140,+2.78,+22.038, +7.910,+0.933
1675654260,+2.78,+22.030, +7.928,+0.934
1675654380,+2.78,+22.021, +7.918,+0.933
1675654500,+2.78,+22.013, +7.920,+0.933
1675654620,+2.78,+22.030, +7.917,+0.934
1675654740,+2.78,+22.021, +7.913,+0.933
1675654860,+2.78,+22.005, +7.919,+0.933
1675654980,+2.78,+22.013, +7.900,+0.932
1675655100,+2.78,+22.005, +7.912,+0.933
1675655220,+2.78,+22.005, +7.912,+0.933
1675655340,+2.78,+22.030, +7.905,+0.933
1675655460,+2.78,+22.030, +7.891,+0.932
1675655580,+2.78,+22.030, +7.905,+0.933
1675655700,+2.78,+22.038, +7.895,+0.933
1675655820,+2.78,+22.030, +7.886,+0.932
1675655940,+2.78,+22.021, +7.888,+0.933
1675656060,+2.78,+22.038, +7.887,+0.933
1675656180,+2.78,+22.038, +7.882,+0.933
1675656300,+2.78,+22.021, +7.884,+0.933
1675656420,+2.78,+22.030, +7.886,+0.933
1675656540,+2.78,+22.030, +7.890,+0.933
1675656660,+2.78,+22.030, +7.869,+0.932
1675656780,+2.78,+22.038, +7.882,+0.933
1675656900,+2.78,+22.038, +7.874,+0.933
1675657020,+2.78,+22.038, +7.881,+0.934
1675657140,+2.78,+22.021, +7.879,+0.933
1675657260,+2.78,+22.030, +7.878,+0.934
1675657380,+2.78,+22.005, +7.881,+0.933
1675657500,+2.78,+22.021, +7.870,+0.933
1675657620,+2.78,+22.030, +7.870,+0.933
1675657740,+2.78,+22.030, +7.853,+0.932
1675657860,+2.78,+22.030, +7.850,+0.932
1675657980,+2.78,+22.021, +7.855,+0.932
1675658100,+2.78,+22.038, +7.850,+0.932
1675658220,+2.78,+22.030, +7.845,+0.932
1675658340,+2.78,+22.030, +7.834,+0.932
1675658460,+2.78,+22.021, +7.856,+0.933
1675658580,+2.78,+22.038, +7.846,+0.933
1675658700,+2.78,+22.013, +7.846,+0.932
1675658820,+2.78,+22.021, +7.849,+0.933
1675658940,+2.78,+22.021, +7.844,+0.933
1675659060,+2.78,+22.021, +7.840,+0.932
1675659180,+2.78,+22.030, +7.835,+0.933
1675659300,+2.78,+22.021, +7.839,+0.933
1675659420,+2.78,+22.013, +7.828,+0.932
1675659540,+2.78,+22.013, +7.828,+0.932
1675659660,+2.78,+22.021, +7.816,+0.932
1675659780,+2.78,+22.030, +7.835,+0.933
1675659900,+2.78,+22.021, +7.830,+0.933
1675660020,+2.78,+22.021, +7.835,+0.933
1675660140,+2.78,+22.021, +7.828,+0.933
1675660260,+2.78,+22.038, +7.812,+0.933
1675660380,+2.78,+22.038, +7.810,+0.933
1675660500,+2.78,+22.021, +7.818,+0.933
1675660620,+2.78,+22.030, +7.815,+0.933
1675660740,+2.78,+22.038, +7.798,+0.932
1675660860,+2.78,+22.030, +7.816,+0.933
1675660980,+2.78,+22.021, +7.813,+0.933
1675661100,+2.78,+22.021, +7.818,+0.933
1675661220,+2.78,+22.038, +7.809,+0.933
1675661340,+2.78,+22.038, +7.796,+0.933
1675661460,+2.78,+22.030, +7.803,+0.933
1675661580,+2.78,+22.038, +7.797,+0.932
1675661700,+2.78,+22.038, +7.792,+0.933
1675661820,+2.78,+22.030, +7.795,+0.933
1675661940,+2.78,+22.038, +7.775,+0.932
1675662060,+2.78,+22.047, +7.792,+0.934
1675662180,+2.78,+22.038, +7.790,+0.933
1675662300,+2.78,+22.021, +7.798,+0.934
1675662420,+2.78,+22.047, +7.777,+0.933
1675662540,+2.78,+22.030, +7.781,+0.933
1675662660,+2.78,+22.047, +7.771,+0.933
1675662780,+2.78,+22.038, +7.769,+0.932
1675662900,+2.78,+22.038, +7.774,+0.933
1675663020,+2.78,+22.030, +7.773,+0.933
1675663140,+2.78,+22.038, +7.763,+0.933
1675663260,+2.78,+22.055, +7.761,+0.933
1675663380,+2.78,+22.063, +7.755,+0.933
1675663500,+2.78,+22.038, +7.768,+0.933
1675663620,+2.78,+22.038, +7.756,+0.933
1675663740,+2.78,+22.047, +7.759,+0.933
1675663860,+2.78,+22.047, +7.752,+0.933
1675663980,+2.78,+22.038, +7.757,+0.933
1675664100,+2.78,+22.038, +7.749,+0.933
1675664220,+2.78,+22.047, +7.756,+0.934
1675664340,+2.78,+22.055, +7.750,+0.933
1675664460,+2.78,+22.055, +7.729,+0.932
1675664580,+2.78,+22.063, +7.748,+0.934
1675664700,+2.78,+22.055, +7.738,+0.933
1675664820,+2.78,+22.047, +7.733,+0.933
1675664940,+2.78,+22.047, +7.736,+0.933
1675665060,+2.78,+22.063, +7.717,+0.932
1675665180,+2.78,+22.047, +7.726,+0.933
1675665300,+2.78,+22.055, +7.728,+0.933
1675665420,+2.78,+22.047, +7.726,+0.933
1675665540,+2.78,+22.038, +7.726,+0.933
1675665660,+2.78,+22.047, +7.724,+0.933
1675665780,+2.78,+22.055, +7.705,+0.933
