7450-646496
OS REV: 1.05 Sensor Cal: 1573749572
Time (sec),  BV (Volts),  T (deg C),  DO (mg/l),  Q ()
1648859640,+3.06,+29.892, +9.033,+0.953
1648859760,+3.06,+29.884, +9.031,+0.953
1648859880,+3.06,+29.901, +9.090,+0.953
1648860000,+3.06,+29.918, +9.134,+0.953
1648860120,+3.06,+29.936, +9.259,+0.953
1648860240,+3.06,+29.953, +9.293,+0.953
1648860360,+3.06,+29.961, +9.328,+0.953
1648860480,+3.06,+29.987, +9.348,+0.952
1648860600,+3.06,+29.996, +9.366,+0.953
1648860720,+3.06,+30.005, +9.397,+0.952
1648860840,+3.06,+30.005, +9.363,+0.953
1648860960,+3.06,+30.013, +9.442,+0.952
1648861080,+3.06,+30.039, +9.440,+0.953
1648861200,+3.06,+30.039, +9.469,+0.952
1648861320,+3.06,+30.056, +9.515,+0.952
1648861440,+3.06,+30.065, +9.480,+0.952
1648861560,+3.06,+30.082, +9.503,+0.953
1648861680,+3.06,+30.065, +9.523,+0.953
1648861800,+3.06,+30.091, +9.582,+0.953
1648861920,+3.06,+30.108, +9.653,+0.953
1648862040,+3.06,+30.108, +9.549,+0.952
1648862160,+3.06,+30.177, +9.632,+0.953
1648862280,+3.06,+30.186, +9.688,+0.953
1648862400,+3.05,+30.220, +9.682,+0.951
1648862520,+3.05,+30.246, +9.799,+0.953
1648862640,+3.05,+30.246, +9.718,+0.953
1648862760,+3.05,+30.264, +9.741,+0.953
1648862880,+3.05,+30.272, +9.723,+0.953
1648863000,+3.05,+30.315, +9.776,+0.953
1648863120,+3.05,+30.359, +9.782,+0.953
1648863240,+3.05,+30.376, +9.754,+0.953
1648863360,+3.05,+30.402, +9.811,+0.953
1648863480,+3.05,+30.419, +9.568,+0.952
1648863600,+3.05,+30.367, +9.406,+0.953
1648863720,+3.05,+30.402, +9.749,+0.953
1648863840,+3.05,+30.411, +9.677,+0.953
1648863960,+3.05,+30.428, +9.813,+0.952
1648864080,+3.05,+30.376, +9.817,+0.953
1648864200,+3.05,+30.307, +9.646,+0.953
1648864320,+3.05,+30.324, +9.863,+0.953
1648864440,+3.05,+30.315, +9.854,+0.953
1648864560,+3.05,+30.341, +9.913,+0.953
1648864680,+3.05,+30.385,+10.019,+0.954
1648864800,+3.05,+30.385,+10.037,+0.952
1648864920,+3.05,+30.393,+10.170,+0.952
1648865040,+3.05,+30.428,+10.213,+0.953
1648865160,+3.05,+30.445,+10.299,+0.954
1648865280,+3.05,+30.428,+10.226,+0.952
1648865400,+3.05,+30.471,+10.333,+0.953
1648865520,+3.05,+30.454,+10.425,+0.955
1648865640,+3.05,+30.454,+10.326,+0.953
1648865760,+3.05,+30.480,+10.503,+0.954
1648865880,+3.05,+30.480,+10.478,+0.953
1648866000,+3.05,+30.497,+10.454,+0.953
1648866120,+3.05,+30.480,+10.313,+0.953
1648866240,+3.05,+30.480,+10.440,+0.953
1648866360,+3.05,+30.436,+10.245,+0.954
1648866480,+3.05,+30.428,+10.261,+0.953
1648866600,+3.05,+30.393,+10.230,+0.953
1648866720,+3.05,+30.419,+10.277,+0.953
1648866840,+3.05,+30.376,+10.291,+0.954
1648866960,+3.05,+30.350,+10.183,+0.953
1648867080,+3.05,+30.333,+10.178,+0.955
1648867200,+3.05,+30.341,+10.131,+0.954
1648867320,+3.05,+30.341,+10.134,+0.953
1648867440,+3.05,+30.341,+10.071,+0.953
1648867560,+3.05,+30.324,+10.054,+0.953
1648867680,+3.05,+30.315,+10.044,+0.954
1648867800,+3.05,+30.289, +9.996,+0.954
1648867920,+3.05,+30.289, +9.919,+0.954
1648868040,+3.05,+30.289, +9.828,+0.953
1648868160,+3.05,+30.272, +9.760,+0.954
1648868280,+3.05,+30.255, +9.708,+0.954
1648868400,+3.05,+30.246, +9.704,+0.953
1648868520,+3.05,+30.238, +9.699,+0.954
1648868640,+3.05,+30.229, +9.663,+0.953
1648868760,+3.05,+30.220, +9.560,+0.953
1648868880,+3.05,+30.220, +9.505,+0.953
1648869000,+3.05,+30.220, +9.415,+0.953
1648869120,+3.06,+30.203, +9.408,+0.954
1648869240,+3.06,+30.194, +9.314,+0.953
1648869360,+3.05,+30.169, +9.341,+0.953
1648869480,+3.06,+30.160, +9.157,+0.953
1648869600,+3.06,+30.143, +9.179,+0.955
1648869720,+3.06,+30.143, +9.111,+0.953
1648869840,+3.06,+30.125, +8.947,+0.953
1648869960,+3.06,+30.108, +8.907,+0.953
1648870080,+3.06,+30.091, +8.777,+0.954
1648870200,+3.06,+30.082, +8.640,+0.952
1648870320,+3.06,+30.074, +8.612,+0.953
1648870440,+3.06,+30.065, +8.629,+0.953
1648870560,+3.06,+30.022, +8.344,+0.952
1648870680,+3.06,+30.022, +8.367,+0.953
1648870800,+3.06,+30.022, +8.338,+0.952
1648870920,+3.06,+30.022, +8.342,+0.953
1648871040,+3.06,+30.022, +8.225,+0.952
1648871160,+3.06,+29.987, +8.188,+0.952
1648871280,+3.06,+29.979, +8.154,+0.953
1648871400,+3.06,+29.979, +8.158,+0.952
1648871520,+3.06,+29.970, +8.041,+0.952
1648871640,+3.06,+29.987, +8.032,+0.952
1648871760,+3.06,+29.979, +7.960,+0.952
1648871880,+3.06,+29.987, +8.118,+0.953
1648872000,+3.06,+29.987, +8.005,+0.952
1648872120,+3.06,+29.970, +7.985,+0.952
1648872240,+3.06,+29.953, +7.930,+0.952
1648872360,+3.06,+29.970, +8.043,+0.952
1648872480,+3.06,+29.970, +8.118,+0.952
1648872600,+3.06,+29.979, +8.005,+0.951
1648872720,+3.06,+29.936, +7.718,+0.952
1648872840,+3.06,+29.944, +7.781,+0.952
1648872960,+3.06,+29.944, +7.862,+0.952
1648873080,+3.06,+29.970, +8.229,+0.953
1648873200,+3.06,+29.970, +8.125,+0.952
1648873320,+3.06,+29.910, +7.812,+0.952
1648873440,+3.06,+29.901, +7.770,+0.951
1648873560,+3.06,+29.892, +7.615,+0.951
1648873680,+3.06,+29.875, +7.645,+0.951
1648873800,+3.06,+29.910, +7.610,+0.951
1648873920,+3.06,+29.892, +7.587,+0.952
1648874040,+3.06,+29.901, +7.796,+0.952
1648874160,+3.06,+29.892, +7.597,+0.951
1648874280,+3.06,+29.884, +7.569,+0.950
1648874400,+3.06,+29.892, +7.583,+0.951
1648874520,+3.06,+29.910, +7.640,+0.952
1648874640,+3.06,+29.901, +7.666,+0.952
1648874760,+3.06,+29.875, +7.549,+0.952
1648874880,+3.06,+29.867, +7.475,+0.951
1648875000,+3.06,+29.867, +7.451,+0.952
1648875120,+3.06,+29.849, +7.375,+0.951
1648875240,+3.06,+29.841, +7.346,+0.952
1648875360,+3.06,+29.858, +7.308,+0.951
1648875480,+3.06,+29.841, +7.318,+0.952
1648875600,+3.06,+29.815, +7.325,+0.952
1648875720,+3.06,+29.832, +7.288,+0.951
1648875840,+3.06,+29.824, +7.282,+0.952
1648875960,+3.06,+29.806, +7.227,+0.951
1648876080,+3.06,+29.824, +7.309,+0.951
1648876200,+3.06,+29.806, +7.311,+0.951
1648876320,+3.06,+29.806, +7.364,+0.951
1648876440,+3.06,+29.789, +7.386,+0.952
1648876560,+3.06,+29.780, +7.489,+0.953
1648876680,+3.06,+29.780, +7.520,+0.952
1648876800,+3.06,+29.806, +7.500,+0.952
1648876920,+3.06,+29.798, +7.664,+0.953
1648877040,+3.06,+29.798, +7.655,+0.951
1648877160,+3.06,+29.780, +7.690,+0.952
1648877280,+3.06,+29.789, +7.666,+0.951
1648877400,+3.06,+29.798, +7.843,+0.952
1648877520,+3.06,+29.789, +7.939,+0.953
1648877640,+3.06,+29.780, +7.861,+0.952
1648877760,+3.06,+29.763, +7.859,+0.952
1648877880,+3.05,+29.729, +7.834,+0.953
1648878000,+3.05,+29.737, +7.893,+0.952
1648878120,+3.05,+29.746, +7.911,+0.952
1648878240,+3.05,+29.729, +7.955,+0.951
1648878360,+3.05,+29.737, +8.108,+0.952
1648878480,+3.05,+29.712, +8.066,+0.952
1648878600,+3.05,+29.737, +8.056,+0.953
1648878720,+3.05,+29.729, +8.089,+0.952
1648878840,+3.05,+29.703, +8.093,+0.953
1648878960,+3.05,+29.712, +8.070,+0.952
1648879080,+3.05,+29.729, +8.034,+0.952
1648879200,+3.05,+29.694, +8.074,+0.952
1648879320,+3.05,+29.694, +8.097,+0.953
1648879440,+3.05,+29.694, +8.086,+0.952
1648879560,+3.05,+29.677, +8.072,+0.952
1648879680,+3.05,+29.660, +8.054,+0.952
1648879800,+3.05,+29.660, +8.060,+0.952
1648879920,+3.05,+29.669, +8.137,+0.952
1648880040,+3.05,+29.660, +8.268,+0.952
1648880160,+3.05,+29.651, +8.196,+0.952
1648880280,+3.05,+29.643, +8.222,+0.952
1648880400,+3.05,+29.625, +8.267,+0.952
1648880520,+3.05,+29.625, +8.269,+0.952
1648880640,+3.05,+29.617, +8.283,+0.953
1648880760,+3.05,+29.617, +8.256,+0.952
1648880880,+3.05,+29.617, +8.293,+0.952
1648881000,+3.05,+29.625, +8.267,+0.953
1648881120,+3.05,+29.625, +8.293,+0.953
1648881240,+3.05,+29.634, +8.294,+0.952
1648881360,+3.05,+29.625, +8.256,+0.952
1648881480,+3.05,+29.634, +8.251,+0.953
1648881600,+3.05,+29.634, +8.274,+0.952
1648881720,+3.05,+29.634, +8.243,+0.952
1648881840,+3.05,+29.625, +8.239,+0.953
1648881960,+3.05,+29.634, +8.151,+0.952
1648882080,+3.05,+29.625, +8.081,+0.952
1648882200,+3.05,+29.617, +8.068,+0.953
1648882320,+3.05,+29.600, +8.016,+0.952
1648882440,+3.05,+29.600, +7.961,+0.952
1648882560,+3.05,+29.600, +7.981,+0.953
1648882680,+3.05,+29.591, +8.002,+0.952
1648882800,+3.05,+29.582, +8.083,+0.952
1648882920,+3.05,+29.565, +8.173,+0.952
1648883040,+3.05,+29.582, +8.511,+0.953
1648883160,+3.05,+29.548, +8.551,+0.952
1648883280,+3.05,+29.574, +8.663,+0.952
1648883400,+3.05,+29.565, +8.762,+0.954
1648883520,+3.05,+29.557, +8.603,+0.952
1648883640,+3.05,+29.565, +8.631,+0.953
1648883760,+3.05,+29.565, +8.645,+0.953
1648883880,+3.05,+29.565, +8.628,+0.953
1648884000,+3.05,+29.600, +8.666,+0.953
1648884120,+3.05,+29.574, +8.661,+0.953
1648884240,+3.05,+29.608, +8.646,+0.952
1648884360,+3.05,+29.600, +8.660,+0.953
1648884480,+3.05,+29.582, +8.640,+0.953
1648884600,+3.05,+29.591, +8.589,+0.952
1648884720,+3.05,+29.582, +8.553,+0.954
1648884840,+3.05,+29.565, +8.449,+0.953
1648884960,+3.05,+29.582, +8.413,+0.952
1648885080,+3.05,+29.565, +8.331,+0.952
1648885200,+3.05,+29.557, +8.301,+0.953
1648885320,+3.05,+29.565, +8.240,+0.952
1648885440,+3.05,+29.565, +8.151,+0.952
1648885560,+3.05,+29.582, +8.050,+0.952
1648885680,+3.05,+29.565, +7.982,+0.952
1648885800,+3.05,+29.574, +7.858,+0.953
1648885920,+3.05,+29.582, +7.734,+0.951
1648886040,+3.05,+29.574, +7.707,+0.952
1648886160,+3.05,+29.565, +7.692,+0.951
1648886280,+3.05,+29.565, +7.668,+0.952
1648886400,+3.05,+29.539, +7.638,+0.953
1648886520,+3.05,+29.539, +7.585,+0.952
1648886640,+3.05,+29.548, +7.506,+0.952
1648886760,+3.05,+29.514, +7.538,+0.952
1648886880,+3.05,+29.505, +7.562,+0.952
1648887000,+3.05,+29.496, +7.529,+0.952
1648887120,+3.05,+29.488, +7.487,+0.952
1648887240,+3.05,+29.479, +7.454,+0.952
1648887360,+3.05,+29.471, +7.479,+0.952
1648887480,+3.05,+29.445, +7.416,+0.951
1648887600,+3.05,+29.428, +7.571,+0.952
1648887720,+3.05,+29.402, +7.616,+0.951
1648887840,+3.05,+29.385, +7.545,+0.951
1648887960,+3.05,+29.376, +7.551,+0.953
1648888080,+3.05,+29.376, +7.557,+0.953
1648888200,+3.05,+29.385, +7.480,+0.951
1648888320,+3.05,+29.342, +7.475,+0.952
1648888440,+3.05,+29.325, +7.510,+0.952
1648888560,+3.05,+29.316, +7.515,+0.951
1648888680,+3.05,+29.307, +7.560,+0.951
1648888800,+3.05,+29.307, +7.589,+0.952
1648888920,+3.05,+29.273, +7.579,+0.951
1648889040,+3.05,+29.282, +7.643,+0.951
1648889160,+3.05,+29.247, +7.724,+0.952
1648889280,+3.05,+29.239, +7.726,+0.952
1648889400,+3.05,+29.239, +7.685,+0.952
1648889520,+3.05,+29.230, +7.685,+0.952
1648889640,+3.05,+29.222, +7.642,+0.951
1648889760,+3.05,+29.196, +7.608,+0.952
1648889880,+3.05,+29.187, +7.589,+0.952
1648890000,+3.05,+29.187, +7.549,+0.952
1648890120,+3.06,+29.161, +7.501,+0.951
1648890240,+3.05,+29.161, +7.473,+0.951
1648890360,+3.05,+29.179, +7.439,+0.951
1648890480,+3.06,+29.153, +7.411,+0.952
1648890600,+3.05,+29.170, +7.381,+0.952
1648890720,+3.05,+29.153, +7.338,+0.951
1648890840,+3.06,+29.144, +7.285,+0.952
1648890960,+3.06,+29.136, +7.268,+0.952
1648891080,+3.06,+29.127, +7.205,+0.951
1648891200,+3.06,+29.119, +7.189,+0.952
1648891320,+3.06,+29.119, +7.200,+0.952
1648891440,+3.06,+29.127, +7.162,+0.951
1648891560,+3.05,+29.127, +7.116,+0.952
1648891680,+3.05,+29.119, +7.104,+0.952
1648891800,+3.06,+29.101, +7.136,+0.951
1648891920,+3.06,+29.093, +7.101,+0.952
1648892040,+3.06,+29.084, +7.048,+0.951
1648892160,+3.06,+29.059, +7.025,+0.951
1648892280,+3.06,+29.059, +7.020,+0.951
1648892400,+3.06,+29.041, +7.020,+0.951
1648892520,+3.06,+29.024, +7.020,+0.951
1648892640,+3.06,+29.033, +7.002,+0.951
1648892760,+3.06,+29.033, +7.010,+0.951
1648892880,+3.06,+29.016, +7.001,+0.951
1648893000,+3.06,+29.007, +6.986,+0.951
1648893120,+3.06,+29.007, +6.976,+0.952
1648893240,+3.06,+28.999, +6.890,+0.951
1648893360,+3.06,+29.007, +6.866,+0.952
1648893480,+3.06,+29.024, +6.811,+0.951
1648893600,+3.06,+29.007, +6.757,+0.951
1648893720,+3.06,+29.041, +6.695,+0.951
1648893840,+3.06,+29.024, +6.698,+0.950
1648893960,+3.06,+29.024, +6.706,+0.951
1648894080,+3.06,+28.999, +6.723,+0.951
1648894200,+3.06,+28.999, +6.696,+0.951
1648894320,+3.06,+28.981, +6.706,+0.951
1648894440,+3.06,+28.964, +6.730,+0.951
1648894560,+3.06,+28.981, +6.711,+0.951
1648894680,+3.06,+28.956, +6.689,+0.951
1648894800,+3.06,+28.964, +6.686,+0.951
1648894920,+3.06,+28.947, +6.662,+0.951
1648895040,+3.06,+28.930, +6.643,+0.951
1648895160,+3.06,+28.930, +6.596,+0.951
1648895280,+3.06,+28.947, +6.556,+0.951
1648895400,+3.06,+28.921, +6.576,+0.952
1648895520,+3.06,+28.939, +6.497,+0.951
1648895640,+3.06,+28.939, +6.421,+0.951
1648895760,+3.06,+28.973, +6.277,+0.951
1648895880,+3.06,+28.973, +6.286,+0.951
1648896000,+3.06,+28.964, +6.297,+0.950
1648896120,+3.06,+28.956, +6.290,+0.951
1648896240,+3.06,+28.939, +6.307,+0.951
1648896360,+3.06,+28.921, +6.305,+0.951
1648896480,+3.06,+28.930, +6.255,+0.951
1648896600,+3.06,+28.930, +6.225,+0.951
1648896720,+3.06,+28.939, +6.121,+0.950
1648896840,+3.06,+28.947, +6.064,+0.951
1648896960,+3.06,+28.956, +6.008,+0.950
1648897080,+3.06,+28.956, +6.018,+0.950
1648897200,+3.06,+28.964, +5.995,+0.950
1648897320,+3.06,+28.947, +5.984,+0.950
1648897440,+3.06,+28.930, +5.970,+0.950
1648897560,+3.06,+28.930, +5.978,+0.950
1648897680,+3.06,+28.913, +5.997,+0.951
1648897800,+3.06,+28.921, +6.001,+0.950
1648897920,+3.06,+28.913, +5.993,+0.950
1648898040,+3.06,+28.896, +5.993,+0.950
1648898160,+3.06,+28.879, +6.026,+0.950
1648898280,+3.06,+28.844, +6.074,+0.950
1648898400,+3.06,+28.844, +6.046,+0.950
1648898520,+3.06,+28.827, +6.059,+0.950
1648898640,+3.06,+28.801, +6.044,+0.950
1648898760,+3.06,+28.819, +6.043,+0.950
1648898880,+3.06,+28.801, +6.004,+0.950
1648899000,+3.06,+28.810, +5.964,+0.950
1648899120,+3.06,+28.819, +5.903,+0.950
1648899240,+3.06,+28.810, +5.860,+0.950
1648899360,+3.06,+28.827, +5.864,+0.950
1648899480,+3.06,+28.819, +5.868,+0.950
1648899600,+3.06,+28.827, +5.845,+0.950
1648899720,+3.06,+28.810, +5.813,+0.950
1648899840,+3.06,+28.810, +5.767,+0.949
1648899960,+3.06,+28.801, +5.798,+0.950
1648900080,+3.06,+28.819, +5.786,+0.950
1648900200,+3.06,+28.801, +5.763,+0.950
1648900320,+3.06,+28.801, +5.691,+0.950
1648900440,+3.06,+28.801, +5.679,+0.950
1648900560,+3.06,+28.793, +5.675,+0.950
1648900680,+3.06,+28.784, +5.676,+0.950
1648900800,+3.06,+28.776, +5.723,+0.949
1648900920,+3.06,+28.742, +5.766,+0.950
1648901040,+3.06,+28.733, +5.792,+0.950
1648901160,+3.06,+28.716, +5.800,+0.950
1648901280,+3.06,+28.690, +5.830,+0.950
1648901400,+3.06,+28.682, +5.831,+0.951
1648901520,+3.06,+28.673, +5.806,+0.950
1648901640,+3.06,+28.673, +5.792,+0.950
1648901760,+3.06,+28.673, +5.709,+0.950
1648901880,+3.06,+28.699, +5.661,+0.950
1648902000,+3.06,+28.707, +5.576,+0.950
1648902120,+3.06,+28.733, +5.447,+0.949
1648902240,+3.06,+28.742, +5.436,+0.950
1648902360,+3.06,+28.776, +5.357,+0.949
1648902480,+3.06,+28.776, +5.297,+0.949
1648902600,+3.06,+28.776, +5.321,+0.949
1648902720,+3.06,+28.784, +5.251,+0.949
1648902840,+3.06,+28.793, +5.208,+0.949
1648902960,+3.06,+28.793, +5.208,+0.949
1648903080,+3.06,+28.784, +5.189,+0.949
1648903200,+3.06,+28.793, +5.191,+0.950
1648903320,+3.06,+28.793, +5.172,+0.949
1648903440,+3.06,+28.793, +5.173,+0.949
1648903560,+3.06,+28.776, +5.158,+0.949
1648903680,+3.06,+28.784, +5.177,+0.950
1648903800,+3.06,+28.776, +5.147,+0.949
1648903920,+3.06,+28.767, +5.137,+0.949
1648904040,+3.06,+28.759, +5.179,+0.949
1648904160,+3.06,+28.724, +5.246,+0.950
1648904280,+3.06,+28.699, +5.244,+0.948
1648904400,+3.06,+28.699, +5.256,+0.950
1648904520,+3.06,+28.673, +5.317,+0.949
1648904640,+3.05,+28.622, +5.363,+0.950
1648904760,+3.05,+28.622, +5.326,+0.949
1648904880,+3.05,+28.613, +5.367,+0.949
1648905000,+3.05,+28.596, +5.378,+0.949
1648905120,+3.05,+28.588, +5.335,+0.949
1648905240,+3.05,+28.605, +5.315,+0.949
1648905360,+3.05,+28.570, +5.339,+0.949
1648905480,+3.05,+28.562, +5.351,+0.949
1648905600,+3.05,+28.562, +5.333,+0.949
1648905720,+3.05,+28.553, +5.349,+0.950
1648905840,+3.05,+28.519, +5.392,+0.950
1648905960,+3.05,+28.519, +5.341,+0.950
1648906080,+3.05,+28.494, +5.333,+0.949
1648906200,+3.05,+28.519, +5.320,+0.949
1648906320,+3.05,+28.502, +5.306,+0.949
1648906440,+3.05,+28.485, +5.331,+0.949
1648906560,+3.05,+28.494, +5.302,+0.949
1648906680,+3.05,+28.476, +5.318,+0.949
1648906800,+3.05,+28.451, +5.347,+0.949
1648906920,+3.05,+28.434, +5.372,+0.949
1648907040,+3.05,+28.417, +5.371,+0.950
1648907160,+3.05,+28.425, +5.370,+0.949
1648907280,+3.05,+28.408, +5.354,+0.949
1648907400,+3.05,+28.400, +5.346,+0.950
1648907520,+3.05,+28.391, +5.332,+0.950
1648907640,+3.05,+28.408, +5.306,+0.949
1648907760,+3.05,+28.382, +5.279,+0.949
1648907880,+3.05,+28.391, +5.288,+0.949
1648908000,+3.05,+28.382, +5.269,+0.949
1648908120,+3.05,+28.382, +5.264,+0.949
1648908240,+3.05,+28.391, +5.269,+0.949
1648908360,+3.05,+28.348, +5.282,+0.949
1648908480,+3.05,+28.357, +5.278,+0.949
1648908600,+3.05,+28.340, +5.284,+0.949
1648908720,+3.05,+28.331, +5.272,+0.949
1648908840,+3.05,+28.331, +5.265,+0.949
1648908960,+3.05,+28.314, +5.253,+0.950
1648909080,+3.05,+28.306, +5.248,+0.949
1648909200,+3.05,+28.314, +5.207,+0.949
1648909320,+3.05,+28.314, +5.155,+0.949
1648909440,+3.05,+28.314, +5.163,+0.949
1648909560,+3.05,+28.306, +5.135,+0.949
1648909680,+3.05,+28.323, +5.088,+0.949
1648909800,+3.05,+28.314, +5.046,+0.949
1648909920,+3.05,+28.323, +5.035,+0.949
1648910040,+3.05,+28.306, +5.045,+0.949
1648910160,+3.05,+28.331, +5.035,+0.949
1648910280,+3.05,+28.314, +5.014,+0.949
1648910400,+3.05,+28.340, +4.991,+0.949
1648910520,+3.05,+28.348, +4.975,+0.949
1648910640,+3.05,+28.323, +4.928,+0.949
1648910760,+3.05,+28.365, +4.892,+0.948
1648910880,+3.05,+28.348, +4.901,+0.949
1648911000,+3.05,+28.357, +4.876,+0.949
1648911120,+3.05,+28.374, +4.812,+0.949
1648911240,+3.05,+28.357, +4.903,+0.949
1648911360,+3.05,+28.348, +4.935,+0.949
1648911480,+3.05,+28.348, +4.906,+0.948
1648911600,+3.05,+28.357, +4.919,+0.949
1648911720,+3.05,+28.348, +4.894,+0.949
1648911840,+3.05,+28.365, +4.884,+0.949
1648911960,+3.05,+28.365, +4.857,+0.949
1648912080,+3.05,+28.357, +4.835,+0.949
1648912200,+3.05,+28.340, +4.797,+0.949
1648912320,+3.05,+28.348, +4.762,+0.948
1648912440,+3.05,+28.323, +4.745,+0.949
1648912560,+3.05,+28.348, +4.733,+0.949
1648912680,+3.05,+28.365, +4.732,+0.949
1648912800,+3.05,+28.348, +4.693,+0.949
1648912920,+3.05,+28.357, +4.668,+0.949
1648913040,+3.05,+28.348, +4.661,+0.949
1648913160,+3.05,+28.348, +4.640,+0.949
1648913280,+3.05,+28.323, +4.595,+0.949
1648913400,+3.05,+28.340, +4.604,+0.949
1648913520,+3.05,+28.365, +4.602,+0.949
1648913640,+3.05,+28.357, +4.583,+0.949
1648913760,+3.05,+28.348, +4.576,+0.949
1648913880,+3.05,+28.348, +4.556,+0.949
1648914000,+3.05,+28.348, +4.503,+0.949
1648914120,+3.05,+28.340, +4.431,+0.949
1648914240,+3.05,+28.340, +4.376,+0.949
1648914360,+3.05,+28.340, +4.364,+0.948
1648914480,+3.05,+28.348, +4.360,+0.949
1648914600,+3.05,+28.348, +4.321,+0.948
1648914720,+3.05,+28.357, +4.289,+0.949
1648914840,+3.05,+28.348, +4.269,+0.948
1648914960,+3.05,+28.357, +4.275,+0.949
1648915080,+3.05,+28.340, +4.254,+0.949
1648915200,+3.05,+28.357, +4.182,+0.948
1648915320,+3.05,+28.374, +4.159,+0.948
1648915440,+3.05,+28.357, +4.119,+0.948
1648915560,+3.05,+28.348, +4.056,+0.948
1648915680,+3.05,+28.348, +4.060,+0.948
1648915800,+3.05,+28.348, +4.073,+0.948
1648915920,+3.05,+28.340, +4.095,+0.948
1648916040,+3.05,+28.357, +4.071,+0.948
1648916160,+3.05,+28.340, +4.052,+0.948
1648916280,+3.05,+28.348, +4.049,+0.949
1648916400,+3.05,+28.348, +4.046,+0.948
1648916520,+3.05,+28.340, +4.027,+0.948
1648916640,+3.05,+28.357, +4.007,+0.948
1648916760,+3.05,+28.340, +4.018,+0.949
1648916880,+3.05,+28.340, +4.000,+0.948
1648917000,+3.05,+28.331, +3.991,+0.948
1648917120,+3.05,+28.340, +3.977,+0.948
1648917240,+3.05,+28.348, +3.934,+0.948
1648917360,+3.05,+28.340, +3.909,+0.948
1648917480,+3.05,+28.314, +3.887,+0.948
1648917600,+3.05,+28.331, +3.877,+0.949
1648917720,+3.05,+28.348, +3.835,+0.948
1648917840,+3.05,+28.340, +3.822,+0.948
1648917960,+3.05,+28.365, +3.792,+0.948
1648918080,+3.05,+28.374, +3.747,+0.948
1648918200,+3.05,+28.365, +3.717,+0.948
1648918320,+3.05,+28.374, +3.740,+0.948
1648918440,+3.05,+28.382, +3.733,+0.948
1648918560,+3.05,+28.374, +3.716,+0.948
1648918680,+3.05,+28.382, +3.689,+0.948
1648918800,+3.05,+28.382, +3.667,+0.948
1648918920,+3.05,+28.382, +3.649,+0.948
1648919040,+3.05,+28.391, +3.627,+0.948
1648919160,+3.05,+28.434, +3.578,+0.948
1648919280,+3.05,+28.425, +3.566,+0.948
1648919400,+3.05,+28.442, +3.565,+0.948
1648919520,+3.05,+28.451, +3.567,+0.948
1648919640,+3.05,+28.451, +3.597,+0.948
1648919760,+3.05,+28.459, +3.604,+0.948
1648919880,+3.05,+28.459, +3.612,+0.948
1648920000,+3.05,+28.459, +3.601,+0.948
1648920120,+3.05,+28.459, +3.624,+0.948
1648920240,+3.05,+28.459, +3.682,+0.948
1648920360,+3.05,+28.451, +3.719,+0.948
1648920480,+3.05,+28.468, +3.783,+0.948
1648920600,+3.05,+28.468, +3.912,+0.948
1648920720,+3.05,+28.451, +3.863,+0.948
1648920840,+3.05,+28.459, +3.768,+0.948
1648920960,+3.05,+28.459, +3.749,+0.948
1648921080,+3.05,+28.468, +3.854,+0.948
1648921200,+3.05,+28.476, +3.843,+0.948
1648921320,+3.05,+28.476, +3.908,+0.948
1648921440,+3.05,+28.476, +3.940,+0.949
1648921560,+3.05,+28.476, +3.889,+0.948
1648921680,+3.05,+28.485, +3.841,+0.948
1648921800,+3.05,+28.494, +3.767,+0.948
1648921920,+3.05,+28.485, +3.727,+0.948
1648922040,+3.05,+28.476, +3.652,+0.948
1648922160,+3.05,+28.485, +3.722,+0.948
1648922280,+3.05,+28.468, +3.693,+0.948
1648922400,+3.05,+28.468, +3.700,+0.949
1648922520,+3.05,+28.485, +3.741,+0.948
1648922640,+3.05,+28.468, +3.776,+0.948
1648922760,+3.05,+28.451, +3.773,+0.948
1648922880,+3.05,+28.468, +3.868,+0.948
1648923000,+3.05,+28.468, +3.814,+0.948
1648923120,+3.05,+28.476, +3.876,+0.948
1648923240,+3.05,+28.468, +3.856,+0.948
1648923360,+3.05,+28.451, +3.786,+0.948
1648923480,+3.05,+28.451, +3.807,+0.948
1648923600,+3.05,+28.459, +3.842,+0.948
1648923720,+3.05,+28.442, +3.772,+0.948
1648923840,+3.05,+28.442, +3.875,+0.948
1648923960,+3.05,+28.459, +3.839,+0.948
1648924080,+3.05,+28.425, +3.836,+0.948
1648924200,+3.05,+28.451, +3.838,+0.948
1648924320,+3.05,+28.451, +3.861,+0.948
1648924440,+3.05,+28.434, +3.848,+0.948
1648924560,+3.05,+28.417, +3.860,+0.949
1648924680,+3.05,+28.425, +3.872,+0.949
1648924800,+3.05,+28.425, +3.900,+0.948
1648924920,+3.05,+28.425, +3.918,+0.948
1648925040,+3.05,+28.417, +3.891,+0.948
1648925160,+3.05,+28.400, +3.896,+0.948
1648925280,+3.05,+28.408, +3.914,+0.949
1648925400,+3.05,+28.408, +3.913,+0.948
1648925520,+3.05,+28.400, +3.930,+0.948
1648925640,+3.05,+28.408, +3.962,+0.948
1648925760,+3.05,+28.382, +3.974,+0.948
1648925880,+3.05,+28.417, +4.020,+0.948
1648926000,+3.05,+28.417, +4.046,+0.948
1648926120,+3.05,+28.417, +4.168,+0.949
1648926240,+3.05,+28.459, +4.273,+0.948
1648926360,+3.05,+28.451, +4.274,+0.948
1648926480,+3.05,+28.468, +4.214,+0.948
1648926600,+3.05,+28.485, +4.200,+0.948
1648926720,+3.05,+28.485, +4.269,+0.948
1648926840,+3.05,+28.494, +4.289,+0.949
1648926960,+3.05,+28.502, +4.344,+0.948
1648927080,+3.05,+28.528, +4.465,+0.949
1648927200,+3.05,+28.570, +4.637,+0.949
1648927320,+3.05,+28.570, +4.518,+0.948
1648927440,+3.05,+28.588, +4.560,+0.948
1648927560,+3.05,+28.579, +4.540,+0.949
1648927680,+3.05,+28.596, +4.607,+0.949
1648927800,+3.05,+28.622, +4.631,+0.949
1648927920,+3.05,+28.639, +4.683,+0.948
1648928040,+3.06,+28.690, +4.796,+0.949
1648928160,+3.06,+28.690, +4.803,+0.948
1648928280,+3.06,+28.716, +4.845,+0.949
1648928400,+3.06,+28.724, +4.857,+0.949
1648928520,+3.06,+28.750, +4.943,+0.949
1648928640,+3.06,+28.776, +4.876,+0.949
1648928760,+3.06,+28.750, +4.841,+0.949
1648928880,+3.06,+28.759, +4.983,+0.949
1648929000,+3.06,+28.801, +5.084,+0.949
1648929120,+3.06,+28.810, +5.005,+0.949
1648929240,+3.06,+28.827, +5.156,+0.949
1648929360,+3.06,+28.870, +5.214,+0.948
1648929480,+3.06,+28.887, +5.249,+0.949
1648929600,+3.06,+28.887, +5.325,+0.949
1648929720,+3.06,+28.921, +5.364,+0.949
1648929840,+3.06,+28.921, +5.464,+0.949
1648929960,+3.06,+28.930, +5.454,+0.949
1648930080,+3.06,+28.999, +5.539,+0.949
1648930200,+3.06,+29.007, +5.589,+0.949
1648930320,+3.06,+29.016, +5.565,+0.949
1648930440,+3.05,+29.033, +5.626,+0.950
1648930560,+3.05,+29.059, +5.664,+0.949
1648930680,+3.05,+29.101, +5.614,+0.949
1648930800,+3.05,+29.110, +5.691,+0.950
1648930920,+3.05,+29.119, +5.659,+0.950
1648931040,+3.05,+29.144, +5.678,+0.949
1648931160,+3.05,+29.170, +5.764,+0.949
1648931280,+3.05,+29.196, +5.828,+0.949
1648931400,+3.05,+29.204, +5.789,+0.950
1648931520,+3.05,+29.299, +6.094,+0.950
1648931640,+3.05,+29.282, +6.005,+0.949
1648931760,+3.05,+29.307, +6.071,+0.950
1648931880,+3.05,+29.307, +6.121,+0.949
1648932000,+3.05,+29.342, +6.270,+0.950
1648932120,+3.05,+29.359, +6.222,+0.950
1648932240,+3.05,+29.393, +6.349,+0.950
1648932360,+3.05,+29.453, +6.445,+0.950
1648932480,+3.05,+29.514, +6.466,+0.950
1648932600,+3.05,+29.539, +6.454,+0.950
1648932720,+3.05,+29.539, +6.553,+0.950
1648932840,+3.05,+29.565, +6.656,+0.950
1648932960,+3.05,+29.582, +6.667,+0.951
1648933080,+3.05,+29.591, +6.795,+0.951
1648933200,+3.05,+29.643, +6.894,+0.951
1648933320,+3.05,+29.643, +6.968,+0.951
1648933440,+3.05,+29.677, +7.129,+0.951
1648933560,+3.05,+29.720, +7.211,+0.951
1648933680,+3.05,+29.763, +7.222,+0.950
1648933800,+3.06,+29.815, +7.309,+0.951
1648933920,+3.05,+29.867, +7.427,+0.951
1648934040,+3.05,+29.918, +7.481,+0.951
1648934160,+3.05,+29.944, +7.468,+0.951
1648934280,+3.05,+29.970, +7.500,+0.951
1648934400,+3.05,+30.005, +7.726,+0.951
1648934520,+3.05,+30.039, +7.857,+0.951
1648934640,+3.05,+30.048, +7.848,+0.951
1648934760,+3.05,+30.065, +7.790,+0.951
1648934880,+3.05,+30.056, +7.858,+0.951
1648935000,+3.05,+30.056, +7.896,+0.951
1648935120,+3.05,+30.099, +8.006,+0.952
1648935240,+3.05,+30.082, +7.970,+0.951
1648935360,+3.05,+30.134, +8.143,+0.952
1648935480,+3.05,+30.099, +7.911,+0.952
1648935600,+3.05,+30.108, +8.147,+0.952
1648935720,+3.05,+30.117, +8.215,+0.952
1648935840,+3.05,+30.117, +8.225,+0.952
1648935960,+3.05,+30.134, +8.583,+0.954
1648936080,+3.05,+30.169, +8.998,+0.953
1648936200,+3.05,+30.194, +9.269,+0.953
1648936320,+3.05,+30.186, +9.207,+0.953
1648936440,+3.05,+30.194, +9.560,+0.955
1648936560,+3.05,+30.169, +9.640,+0.953
1648936680,+3.05,+30.194, +9.680,+0.952
1648936800,+3.05,+30.194, +9.559,+0.952
1648936920,+3.05,+30.194, +9.437,+0.953
1648937040,+3.05,+30.169, +9.286,+0.953
1648937160,+3.05,+30.194, +9.421,+0.951
1648937280,+3.05,+30.186, +9.329,+0.952
1648937400,+3.05,+30.186, +9.383,+0.953
1648937520,+3.05,+30.134, +9.412,+0.952
1648937640,+3.05,+30.143, +9.569,+0.952
1648937760,+3.05,+30.134, +9.732,+0.953
1648937880,+3.05,+30.169, +9.917,+0.953
1648938000,+3.05,+30.246, +9.983,+0.953
1648938120,+3.05,+30.194, +9.773,+0.952
1648938240,+3.05,+30.246, +9.642,+0.953
1648938360,+3.05,+30.272, +9.459,+0.954
1648938480,+3.05,+30.298, +9.542,+0.952
1648938600,+3.05,+30.255, +9.350,+0.953
1648938720,+3.05,+30.272, +9.340,+0.952
1648938840,+3.05,+30.212, +9.173,+0.953
1648938960,+3.05,+30.194, +9.181,+0.953
1648939080,+3.05,+30.203, +9.150,+0.952
1648939200,+3.05,+30.194, +9.220,+0.952
1648939320,+3.05,+30.194, +9.069,+0.953
1648939440,+3.05,+30.169, +8.961,+0.952
1648939560,+3.05,+30.194, +9.094,+0.953
1648939680,+3.05,+30.177, +9.017,+0.953
1648939800,+3.05,+30.186, +9.060,+0.952
1648939920,+3.05,+30.212, +9.068,+0.953
1648940040,+3.05,+30.194, +9.132,+0.954
1648940160,+3.05,+30.203, +9.112,+0.952
1648940280,+3.05,+30.229, +9.126,+0.953
1648940400,+3.05,+30.238, +9.159,+0.953
1648940520,+3.05,+30.272, +9.320,+0.952
1648940640,+3.05,+30.264, +9.328,+0.953
1648940760,+3.05,+30.272, +9.301,+0.952
1648940880,+3.05,+30.281, +9.352,+0.953
1648941000,+3.05,+30.255, +9.490,+0.953
1648941120,+3.05,+30.281, +9.595,+0.954
1648941240,+3.05,+30.307, +9.718,+0.953
1648941360,+3.05,+30.315, +9.657,+0.953
1648941480,+3.05,+30.333, +9.805,+0.953
1648941600,+3.05,+30.359, +9.664,+0.954
1648941720,+3.05,+30.376, +9.594,+0.953
1648941840,+3.05,+30.428, +9.745,+0.952
1648941960,+3.05,+30.471, +9.783,+0.952
1648942080,+3.05,+30.488, +9.866,+0.953
1648942200,+3.05,+30.540, +9.838,+0.953
1648942320,+3.05,+30.558, +9.843,+0.953
1648942440,+3.05,+30.575, +9.814,+0.953
1648942560,+3.05,+30.601, +9.749,+0.952
1648942680,+3.05,+30.636, +9.708,+0.952
1648942800,+3.05,+30.653, +9.742,+0.952
1648942920,+3.05,+30.662, +9.619,+0.952
1648943040,+3.05,+30.688, +9.878,+0.953
1648943160,+3.05,+30.722, +9.971,+0.952
1648943280,+3.05,+30.748,+10.041,+0.953
1648943400,+3.05,+30.774, +9.837,+0.952
1648943520,+3.05,+30.800,+10.172,+0.953
1648943640,+3.05,+30.835,+10.191,+0.953
1648943760,+3.05,+30.878,+10.390,+0.952
1648943880,+3.05,+30.878,+10.533,+0.953
1648944000,+3.05,+30.939,+10.581,+0.953
1648944120,+3.05,+30.930,+10.469,+0.952
1648944240,+3.05,+30.965,+10.511,+0.952
1648944360,+3.05,+30.965,+10.777,+0.953
1648944480,+3.05,+30.965,+10.785,+0.951
1648944600,+3.05,+30.982,+10.810,+0.952
1648944720,+3.05,+31.017,+10.759,+0.953
1648944840,+3.05,+31.052,+10.841,+0.953
1648944960,+3.05,+31.087,+10.823,+0.954
1648945080,+3.05,+31.078,+10.811,+0.954
1648945200,+3.05,+31.130,+10.862,+0.952
1648945320,+3.05,+31.156,+10.962,+0.953
1648945440,+3.05,+31.156,+10.756,+0.954
1648945560,+3.05,+31.156,+10.754,+0.952
1648945680,+3.05,+31.139,+10.783,+0.953
1648945800,+3.05,+31.113,+10.683,+0.953
1648945920,+3.05,+31.121,+10.762,+0.952
1648946040,+3.05,+31.095,+10.827,+0.953
