7450-646496
OS REV: 1.05 Sensor Cal: 1573749572
Time (sec),  BV (Volts),  T (deg C),  DO (mg/l),  Q ()
1648440840,+3.08,+30.134, +9.378,+0.954
1648440960,+3.08,+30.134, +9.319,+0.954
1648441080,+3.08,+30.108, +9.236,+0.955
1648441200,+3.08,+30.099, +9.118,+0.955
1648441320,+3.08,+30.091, +9.037,+0.955
1648441440,+3.08,+30.074, +8.976,+0.954
1648441560,+3.08,+30.056, +8.934,+0.955
1648441680,+3.08,+30.030, +8.905,+0.955
1648441800,+3.08,+30.039, +8.864,+0.955
1648441920,+3.08,+30.030, +8.858,+0.955
1648442040,+3.08,+30.030, +8.772,+0.954
1648442160,+3.08,+30.005, +8.774,+0.954
1648442280,+3.08,+29.996, +8.712,+0.954
1648442400,+3.08,+29.979, +8.684,+0.954
1648442520,+3.08,+29.979, +8.609,+0.955
1648442640,+3.08,+29.953, +8.578,+0.955
1648442760,+3.08,+29.936, +8.546,+0.955
1648442880,+3.08,+29.927, +8.454,+0.954
1648443000,+3.08,+29.944, +8.408,+0.954
1648443120,+3.08,+29.927, +8.437,+0.954
1648443240,+3.08,+29.927, +8.412,+0.953
1648443360,+3.08,+29.910, +8.399,+0.954
1648443480,+3.08,+29.910, +8.359,+0.953
1648443600,+3.08,+29.910, +8.294,+0.953
1648443720,+3.08,+29.892, +8.276,+0.954
1648443840,+3.08,+29.901, +8.182,+0.953
1648443960,+3.08,+29.901, +8.125,+0.952
1648444080,+3.08,+29.884, +8.051,+0.953
1648444200,+3.08,+29.884, +8.022,+0.954
1648444320,+3.08,+29.884, +7.989,+0.953
1648444440,+3.08,+29.875, +7.965,+0.953
1648444560,+3.08,+29.858, +7.957,+0.953
1648444680,+3.08,+29.867, +7.949,+0.954
1648444800,+3.08,+29.849, +7.911,+0.954
1648444920,+3.08,+29.849, +7.911,+0.953
1648445040,+3.08,+29.849, +7.842,+0.954
1648445160,+3.08,+29.832, +7.734,+0.953
1648445280,+3.08,+29.841, +7.735,+0.953
1648445400,+3.08,+29.824, +7.737,+0.954
1648445520,+3.08,+29.824, +7.725,+0.952
1648445640,+3.08,+29.806, +7.642,+0.953
1648445760,+3.08,+29.780, +7.518,+0.952
1648445880,+3.08,+29.763, +7.453,+0.952
1648446000,+3.08,+29.763, +7.434,+0.953
1648446120,+3.08,+29.703, +7.438,+0.953
1648446240,+3.08,+29.694, +7.444,+0.953
1648446360,+3.08,+29.703, +7.424,+0.953
1648446480,+3.08,+29.669, +7.457,+0.952
1648446600,+3.08,+29.669, +7.519,+0.953
1648446720,+3.08,+29.643, +7.531,+0.953
1648446840,+3.08,+29.600, +7.438,+0.952
1648446960,+3.08,+29.565, +7.520,+0.953
1648447080,+3.08,+29.582, +7.547,+0.953
1648447200,+3.08,+29.600, +7.581,+0.953
1648447320,+3.08,+29.600, +7.582,+0.953
1648447440,+3.08,+29.582, +7.522,+0.953
1648447560,+3.08,+29.574, +7.468,+0.953
1648447680,+3.08,+29.565, +7.435,+0.953
1648447800,+3.08,+29.539, +7.452,+0.953
1648447920,+3.08,+29.548, +7.462,+0.952
1648448040,+3.08,+29.539, +7.462,+0.952
1648448160,+3.08,+29.539, +7.491,+0.953
1648448280,+3.08,+29.557, +7.438,+0.953
1648448400,+3.08,+29.565, +7.367,+0.952
1648448520,+3.08,+29.557, +7.309,+0.953
1648448640,+3.08,+29.557, +7.280,+0.953
1648448760,+3.08,+29.565, +7.287,+0.953
1648448880,+3.08,+29.565, +7.242,+0.952
1648449000,+3.08,+29.565, +7.241,+0.952
1648449120,+3.08,+29.565, +7.250,+0.952
1648449240,+3.08,+29.539, +7.309,+0.952
1648449360,+3.08,+29.514, +7.330,+0.952
1648449480,+3.08,+29.539, +7.237,+0.952
1648449600,+3.08,+29.514, +7.304,+0.952
1648449720,+3.08,+29.496, +7.345,+0.953
1648449840,+3.08,+29.505, +7.390,+0.953
1648449960,+3.08,+29.488, +7.439,+0.953
1648450080,+3.08,+29.488, +7.443,+0.953
1648450200,+3.08,+29.462, +7.460,+0.952
1648450320,+3.08,+29.436, +7.541,+0.953
1648450440,+3.08,+29.453, +7.603,+0.953
1648450560,+3.08,+29.445, +7.665,+0.953
1648450680,+3.08,+29.436, +7.636,+0.953
1648450800,+3.08,+29.410, +7.652,+0.953
1648450920,+3.08,+29.428, +7.646,+0.953
1648451040,+3.08,+29.419, +7.656,+0.953
1648451160,+3.08,+29.402, +7.678,+0.953
1648451280,+3.08,+29.419, +7.655,+0.954
1648451400,+3.08,+29.428, +7.617,+0.952
1648451520,+3.08,+29.402, +7.571,+0.952
1648451640,+3.08,+29.419, +7.534,+0.953
1648451760,+3.08,+29.419, +7.457,+0.953
1648451880,+3.08,+29.436, +7.387,+0.953
1648452000,+3.08,+29.419, +7.443,+0.954
1648452120,+3.08,+29.410, +7.408,+0.953
1648452240,+3.08,+29.410, +7.412,+0.953
1648452360,+3.08,+29.410, +7.345,+0.953
1648452480,+3.08,+29.428, +7.295,+0.952
1648452600,+3.08,+29.428, +7.221,+0.953
1648452720,+3.08,+29.428, +7.096,+0.953
1648452840,+3.08,+29.428, +7.084,+0.953
1648452960,+3.08,+29.419, +7.073,+0.953
1648453080,+3.08,+29.419, +7.012,+0.953
1648453200,+3.08,+29.410, +6.929,+0.952
1648453320,+3.08,+29.410, +6.868,+0.952
1648453440,+3.08,+29.419, +6.904,+0.953
1648453560,+3.08,+29.419, +6.904,+0.952
1648453680,+3.08,+29.410, +6.902,+0.952
1648453800,+3.08,+29.402, +6.908,+0.952
1648453920,+3.08,+29.402, +6.915,+0.953
1648454040,+3.08,+29.393, +6.880,+0.953
1648454160,+3.08,+29.385, +6.848,+0.952
1648454280,+3.08,+29.385, +6.836,+0.952
1648454400,+3.08,+29.385, +6.888,+0.952
1648454520,+3.08,+29.385, +6.857,+0.953
1648454640,+3.08,+29.376, +6.819,+0.952
1648454760,+3.08,+29.376, +6.768,+0.953
1648454880,+3.08,+29.376, +6.772,+0.953
1648455000,+3.08,+29.385, +6.728,+0.953
1648455120,+3.08,+29.376, +6.742,+0.953
1648455240,+3.08,+29.368, +6.713,+0.953
1648455360,+3.08,+29.368, +6.704,+0.952
1648455480,+3.08,+29.376, +6.688,+0.952
1648455600,+3.08,+29.376, +6.625,+0.952
1648455720,+3.08,+29.359, +6.551,+0.952
1648455840,+3.08,+29.385, +6.492,+0.953
1648455960,+3.08,+29.350, +6.429,+0.951
1648456080,+3.08,+29.359, +6.419,+0.952
1648456200,+3.08,+29.368, +6.386,+0.952
1648456320,+3.08,+29.359, +6.342,+0.952
1648456440,+3.08,+29.368, +6.266,+0.952
1648456560,+3.08,+29.368, +6.250,+0.952
1648456680,+3.08,+29.376, +6.173,+0.952
1648456800,+3.08,+29.376, +6.149,+0.952
1648456920,+3.08,+29.359, +6.120,+0.952
1648457040,+3.08,+29.342, +6.060,+0.952
1648457160,+3.08,+29.359, +6.016,+0.952
1648457280,+3.08,+29.350, +5.977,+0.951
1648457400,+3.08,+29.350, +5.921,+0.952
1648457520,+3.08,+29.342, +5.867,+0.951
1648457640,+3.08,+29.350, +5.801,+0.951
1648457760,+3.08,+29.342, +5.781,+0.952
1648457880,+3.08,+29.342, +5.739,+0.951
1648458000,+3.08,+29.333, +5.689,+0.952
1648458120,+3.08,+29.325, +5.633,+0.951
1648458240,+3.08,+29.333, +5.597,+0.951
1648458360,+3.08,+29.316, +5.583,+0.951
1648458480,+3.08,+29.299, +5.525,+0.951
1648458600,+3.08,+29.307, +5.455,+0.951
1648458720,+3.08,+29.333, +5.452,+0.951
1648458840,+3.08,+29.307, +5.441,+0.951
1648458960,+3.08,+29.290, +5.410,+0.951
1648459080,+3.08,+29.299, +5.353,+0.950
1648459200,+3.08,+29.290, +5.341,+0.951
1648459320,+3.08,+29.273, +5.335,+0.951
1648459440,+3.08,+29.273, +5.309,+0.951
1648459560,+3.08,+29.273, +5.227,+0.951
1648459680,+3.08,+29.256, +5.228,+0.951
1648459800,+3.08,+29.264, +5.207,+0.950
1648459920,+3.08,+29.247, +5.133,+0.950
1648460040,+3.08,+29.239, +5.081,+0.950
1648460160,+3.08,+29.222, +5.076,+0.950
1648460280,+3.08,+29.222, +5.073,+0.950
1648460400,+3.08,+29.239, +5.069,+0.950
1648460520,+3.08,+29.204, +5.071,+0.950
1648460640,+3.08,+29.213, +5.035,+0.950
1648460760,+3.08,+29.204, +5.021,+0.950
1648460880,+3.08,+29.196, +5.019,+0.951
1648461000,+3.08,+29.196, +4.997,+0.950
1648461120,+3.08,+29.204, +4.990,+0.951
1648461240,+3.08,+29.179, +4.958,+0.951
1648461360,+3.08,+29.153, +4.957,+0.951
1648461480,+3.08,+29.170, +4.974,+0.950
1648461600,+3.08,+29.179, +4.959,+0.950
1648461720,+3.08,+29.161, +4.920,+0.950
1648461840,+3.08,+29.170, +4.892,+0.950
1648461960,+3.08,+29.153, +4.882,+0.950
1648462080,+3.08,+29.153, +4.858,+0.950
1648462200,+3.08,+29.136, +4.841,+0.950
1648462320,+3.08,+29.153, +4.804,+0.950
1648462440,+3.08,+29.127, +4.820,+0.950
1648462560,+3.08,+29.144, +4.843,+0.950
1648462680,+3.08,+29.119, +4.845,+0.950
1648462800,+3.08,+29.127, +4.810,+0.951
1648462920,+3.08,+29.119, +4.786,+0.950
1648463040,+3.08,+29.127, +4.736,+0.950
1648463160,+3.08,+29.127, +4.727,+0.950
1648463280,+3.08,+29.144, +4.702,+0.950
1648463400,+3.08,+29.119, +4.668,+0.950
1648463520,+3.08,+29.101, +4.662,+0.950
1648463640,+3.08,+29.101, +4.654,+0.950
1648463760,+3.08,+29.110, +4.643,+0.950
1648463880,+3.08,+29.127, +4.616,+0.949
1648464000,+3.08,+29.101, +4.620,+0.950
1648464120,+3.08,+29.110, +4.591,+0.950
1648464240,+3.08,+29.101, +4.576,+0.950
1648464360,+3.08,+29.084, +4.548,+0.950
1648464480,+3.08,+29.067, +4.536,+0.950
1648464600,+3.08,+29.084, +4.535,+0.950
1648464720,+3.08,+29.076, +4.578,+0.949
1648464840,+3.08,+29.076, +4.550,+0.949
1648464960,+3.08,+29.084, +4.523,+0.950
1648465080,+3.08,+29.067, +4.510,+0.950
1648465200,+3.08,+29.059, +4.488,+0.950
1648465320,+3.08,+29.084, +4.460,+0.949
1648465440,+3.08,+29.067, +4.448,+0.950
1648465560,+3.08,+29.076, +4.407,+0.950
1648465680,+3.08,+29.050, +4.396,+0.950
1648465800,+3.08,+29.050, +4.370,+0.950
1648465920,+3.08,+29.024, +4.370,+0.950
1648466040,+3.08,+29.050, +4.349,+0.949
1648466160,+3.08,+29.050, +4.326,+0.950
1648466280,+3.08,+29.033, +4.303,+0.950
1648466400,+3.08,+29.041, +4.267,+0.949
1648466520,+3.08,+29.033, +4.248,+0.949
1648466640,+3.08,+29.033, +4.271,+0.950
1648466760,+3.08,+29.041, +4.255,+0.950
1648466880,+3.08,+29.041, +4.261,+0.950
1648467000,+3.08,+29.041, +4.262,+0.949
1648467120,+3.08,+29.041, +4.239,+0.949
1648467240,+3.08,+29.024, +4.191,+0.950
1648467360,+3.08,+29.024, +4.145,+0.950
1648467480,+3.08,+29.016, +4.116,+0.950
1648467600,+3.08,+29.033, +4.111,+0.949
1648467720,+3.08,+29.024, +4.114,+0.949
1648467840,+3.08,+29.033, +4.048,+0.949
1648467960,+3.08,+29.067, +4.088,+0.949
1648468080,+3.08,+29.033, +4.057,+0.949
1648468200,+3.08,+29.033, +4.035,+0.949
1648468320,+3.08,+29.033, +3.975,+0.949
1648468440,+3.08,+29.059, +3.950,+0.948
1648468560,+3.08,+29.050, +3.916,+0.948
1648468680,+3.08,+29.041, +3.911,+0.949
1648468800,+3.08,+29.050, +3.914,+0.949
1648468920,+3.08,+29.067, +3.957,+0.949
1648469040,+3.08,+29.059, +3.930,+0.949
1648469160,+3.08,+29.050, +3.871,+0.949
1648469280,+3.08,+29.076, +3.894,+0.950
1648469400,+3.08,+29.067, +3.851,+0.949
1648469520,+3.08,+29.050, +3.824,+0.949
1648469640,+3.08,+29.059, +3.889,+0.949
1648469760,+3.08,+29.050, +3.872,+0.949
1648469880,+3.08,+29.059, +3.799,+0.949
1648470000,+3.08,+29.059, +3.744,+0.949
1648470120,+3.08,+29.033, +3.743,+0.949
1648470240,+3.08,+29.041, +3.718,+0.949
1648470360,+3.08,+29.050, +3.763,+0.949
1648470480,+3.08,+29.050, +3.774,+0.949
1648470600,+3.08,+29.033, +3.771,+0.950
1648470720,+3.08,+29.041, +3.749,+0.949
1648470840,+3.08,+29.024, +3.761,+0.949
1648470960,+3.08,+29.016, +3.673,+0.949
1648471080,+3.08,+29.033, +3.591,+0.949
1648471200,+3.08,+29.033, +3.599,+0.949
1648471320,+3.08,+29.041, +3.631,+0.949
1648471440,+3.08,+29.016, +3.637,+0.949
1648471560,+3.08,+29.033, +3.667,+0.949
1648471680,+3.08,+29.033, +3.661,+0.949
1648471800,+3.08,+29.024, +3.625,+0.949
1648471920,+3.08,+29.016, +3.642,+0.949
1648472040,+3.08,+28.999, +3.691,+0.949
1648472160,+3.08,+28.981, +3.704,+0.949
1648472280,+3.08,+28.973, +3.701,+0.948
1648472400,+3.08,+28.973, +3.652,+0.948
1648472520,+3.08,+28.964, +3.626,+0.948
1648472640,+3.08,+28.930, +3.608,+0.948
1648472760,+3.08,+28.904, +3.628,+0.949
1648472880,+3.08,+28.896, +3.639,+0.948
1648473000,+3.08,+28.870, +3.599,+0.948
1648473120,+3.08,+28.844, +3.583,+0.948
1648473240,+3.08,+28.861, +3.579,+0.948
1648473360,+3.08,+28.827, +3.659,+0.948
1648473480,+3.08,+28.801, +3.670,+0.948
1648473600,+3.08,+28.819, +3.666,+0.948
1648473720,+3.08,+28.810, +3.668,+0.948
1648473840,+3.08,+28.801, +3.684,+0.948
1648473960,+3.08,+28.810, +3.652,+0.948
1648474080,+3.08,+28.801, +3.631,+0.947
1648474200,+3.08,+28.793, +3.629,+0.947
1648474320,+3.08,+28.793, +3.616,+0.947
1648474440,+3.08,+28.776, +3.634,+0.948
1648474560,+3.08,+28.784, +3.684,+0.948
1648474680,+3.08,+28.793, +3.753,+0.948
1648474800,+3.08,+28.784, +3.836,+0.948
1648474920,+3.08,+28.784, +3.862,+0.948
1648475040,+3.08,+28.784, +3.839,+0.949
1648475160,+3.08,+28.793, +3.826,+0.948
1648475280,+3.08,+28.776, +3.797,+0.948
1648475400,+3.08,+28.767, +3.770,+0.948
1648475520,+3.08,+28.784, +3.699,+0.948
1648475640,+3.08,+28.767, +3.686,+0.948
1648475760,+3.08,+28.776, +3.739,+0.948
1648475880,+3.08,+28.759, +3.721,+0.948
1648476000,+3.08,+28.759, +3.706,+0.947
1648476120,+3.08,+28.750, +3.665,+0.947
1648476240,+3.08,+28.750, +3.649,+0.948
1648476360,+3.08,+28.750, +3.649,+0.947
1648476480,+3.08,+28.750, +3.631,+0.947
1648476600,+3.08,+28.733, +3.637,+0.948
1648476720,+3.08,+28.733, +3.636,+0.947
1648476840,+3.08,+28.742, +3.619,+0.948
1648476960,+3.08,+28.733, +3.610,+0.948
1648477080,+3.08,+28.724, +3.591,+0.948
1648477200,+3.08,+28.724, +3.603,+0.948
1648477320,+3.08,+28.716, +3.594,+0.948
1648477440,+3.08,+28.707, +3.567,+0.948
1648477560,+3.08,+28.699, +3.544,+0.948
1648477680,+3.08,+28.699, +3.532,+0.948
1648477800,+3.08,+28.682, +3.519,+0.948
1648477920,+3.08,+28.673, +3.481,+0.948
1648478040,+3.08,+28.673, +3.426,+0.948
1648478160,+3.08,+28.656, +3.416,+0.948
1648478280,+3.08,+28.656, +3.396,+0.948
1648478400,+3.08,+28.647, +3.392,+0.948
1648478520,+3.08,+28.647, +3.369,+0.948
1648478640,+3.08,+28.639, +3.348,+0.948
1648478760,+3.08,+28.622, +3.373,+0.947
1648478880,+3.08,+28.622, +3.338,+0.947
1648479000,+3.08,+28.613, +3.286,+0.947
1648479120,+3.08,+28.613, +3.240,+0.947
1648479240,+3.07,+28.579, +3.241,+0.947
1648479360,+3.07,+28.562, +3.213,+0.947
1648479480,+3.07,+28.519, +3.162,+0.947
1648479600,+3.07,+28.528, +3.103,+0.946
1648479720,+3.07,+28.519, +3.084,+0.947
1648479840,+3.07,+28.485, +3.081,+0.947
1648479960,+3.07,+28.485, +3.015,+0.948
1648480080,+3.07,+28.468, +2.938,+0.948
1648480200,+3.08,+28.408, +2.930,+0.947
1648480320,+3.07,+28.382, +2.897,+0.947
1648480440,+3.08,+28.382, +2.862,+0.948
1648480560,+3.08,+28.357, +2.834,+0.948
1648480680,+3.08,+28.340, +2.836,+0.948
1648480800,+3.08,+28.314, +2.785,+0.947
1648480920,+3.08,+28.263, +2.733,+0.947
1648481040,+3.08,+28.271, +2.765,+0.947
1648481160,+3.08,+28.246, +2.737,+0.947
1648481280,+3.08,+28.220, +2.716,+0.948
1648481400,+3.08,+28.229, +2.669,+0.947
1648481520,+3.08,+28.195, +2.650,+0.948
1648481640,+3.08,+28.203, +2.667,+0.948
1648481760,+3.08,+28.195, +2.632,+0.948
1648481880,+3.08,+28.195, +2.620,+0.948
1648482000,+3.08,+28.195, +2.590,+0.948
1648482120,+3.08,+28.203, +2.559,+0.948
1648482240,+3.08,+28.195, +2.502,+0.948
1648482360,+3.08,+28.186, +2.466,+0.948
1648482480,+3.08,+28.178, +2.431,+0.948
1648482600,+3.08,+28.186, +2.394,+0.948
1648482720,+3.08,+28.186, +2.368,+0.948
1648482840,+3.08,+28.195, +2.357,+0.948
1648482960,+3.08,+28.195, +2.336,+0.948
1648483080,+3.08,+28.203, +2.294,+0.948
1648483200,+3.08,+28.220, +2.307,+0.948
1648483320,+3.08,+28.229, +2.304,+0.947
1648483440,+3.08,+28.246, +2.251,+0.948
1648483560,+3.08,+28.246, +2.236,+0.948
1648483680,+3.08,+28.263, +2.265,+0.948
1648483800,+3.08,+28.254, +2.335,+0.947
1648483920,+3.08,+28.246, +2.426,+0.948
1648484040,+3.08,+28.237, +2.469,+0.947
1648484160,+3.08,+28.237, +2.476,+0.947
1648484280,+3.08,+28.229, +2.507,+0.948
1648484400,+3.08,+28.212, +2.518,+0.948
1648484520,+3.08,+28.203, +2.504,+0.948
1648484640,+3.08,+28.220, +2.485,+0.948
1648484760,+3.08,+28.229, +2.485,+0.948
1648484880,+3.08,+28.237, +2.539,+0.948
1648485000,+3.08,+28.237, +2.586,+0.949
1648485120,+3.08,+28.263, +2.610,+0.949
1648485240,+3.08,+28.271, +2.672,+0.949
1648485360,+3.08,+28.297, +2.731,+0.949
1648485480,+3.08,+28.306, +2.881,+0.949
1648485600,+3.08,+28.314, +2.931,+0.949
1648485720,+3.08,+28.306, +2.979,+0.949
1648485840,+3.08,+28.314, +3.012,+0.948
1648485960,+3.08,+28.306, +3.044,+0.949
1648486080,+3.08,+28.314, +3.058,+0.949
1648486200,+3.08,+28.306, +3.061,+0.948
1648486320,+3.08,+28.306, +3.076,+0.949
1648486440,+3.08,+28.314, +3.090,+0.949
1648486560,+3.08,+28.306, +3.101,+0.949
1648486680,+3.08,+28.297, +3.082,+0.949
1648486800,+3.08,+28.297, +3.066,+0.948
1648486920,+3.08,+28.289, +3.063,+0.949
1648487040,+3.08,+28.271, +3.085,+0.949
1648487160,+3.08,+28.271, +3.078,+0.949
1648487280,+3.08,+28.263, +3.066,+0.949
1648487400,+3.08,+28.263, +3.056,+0.949
1648487520,+3.08,+28.263, +3.055,+0.948
1648487640,+3.08,+28.263, +3.065,+0.949
1648487760,+3.08,+28.263, +3.056,+0.949
1648487880,+3.08,+28.263, +3.041,+0.948
1648488000,+3.08,+28.246, +3.045,+0.948
1648488120,+3.08,+28.254, +3.049,+0.949
1648488240,+3.08,+28.254, +3.059,+0.949
1648488360,+3.08,+28.237, +3.097,+0.949
1648488480,+3.08,+28.229, +3.133,+0.949
1648488600,+3.08,+28.237, +3.165,+0.949
1648488720,+3.08,+28.220, +3.212,+0.948
1648488840,+3.08,+28.220, +3.259,+0.949
1648488960,+3.08,+28.229, +3.304,+0.949
1648489080,+3.08,+28.254, +3.358,+0.949
1648489200,+3.08,+28.246, +3.409,+0.949
1648489320,+3.08,+28.263, +3.484,+0.949
1648489440,+3.08,+28.271, +3.558,+0.949
1648489560,+3.08,+28.271, +3.637,+0.949
1648489680,+3.08,+28.289, +3.716,+0.949
1648489800,+3.08,+28.289, +3.767,+0.949
1648489920,+3.08,+28.280, +3.788,+0.949
1648490040,+3.08,+28.271, +3.781,+0.948
1648490160,+3.08,+28.254, +3.781,+0.949
1648490280,+3.08,+28.271, +3.746,+0.948
1648490400,+3.08,+28.280, +3.709,+0.949
1648490520,+3.08,+28.246, +3.666,+0.949
1648490640,+3.08,+28.271, +3.621,+0.948
1648490760,+3.08,+28.263, +3.586,+0.948
1648490880,+3.08,+28.263, +3.549,+0.948
1648491000,+3.08,+28.263, +3.532,+0.949
1648491120,+3.08,+28.246, +3.529,+0.949
1648491240,+3.08,+28.246, +3.522,+0.949
1648491360,+3.08,+28.237, +3.526,+0.948
1648491480,+3.08,+28.263, +3.530,+0.948
1648491600,+3.08,+28.229, +3.543,+0.949
1648491720,+3.08,+28.220, +3.560,+0.949
1648491840,+3.08,+28.229, +3.586,+0.949
1648491960,+3.08,+28.203, +3.608,+0.949
1648492080,+3.08,+28.212, +3.618,+0.949
1648492200,+3.08,+28.212, +3.625,+0.949
1648492320,+3.08,+28.220, +3.633,+0.949
1648492440,+3.08,+28.203, +3.633,+0.949
1648492560,+3.08,+28.203, +3.626,+0.949
1648492680,+3.08,+28.220, +3.695,+0.949
1648492800,+3.08,+28.212, +3.751,+0.948
1648492920,+3.08,+28.203, +3.808,+0.949
1648493040,+3.08,+28.203, +3.821,+0.949
1648493160,+3.08,+28.203, +3.814,+0.949
1648493280,+3.08,+28.203, +3.872,+0.950
1648493400,+3.08,+28.220, +3.962,+0.949
1648493520,+3.08,+28.212, +3.907,+0.949
1648493640,+3.08,+28.203, +3.980,+0.949
1648493760,+3.08,+28.220, +4.099,+0.949
1648493880,+3.08,+28.246, +4.179,+0.949
1648494000,+3.08,+28.271, +4.272,+0.948
1648494120,+3.08,+28.331, +4.724,+0.949
1648494240,+3.08,+28.408, +5.201,+0.949
1648494360,+3.07,+28.451, +5.084,+0.949
1648494480,+3.07,+28.511, +5.477,+0.949
1648494600,+3.07,+28.605, +5.879,+0.949
1648494720,+3.08,+28.656, +6.147,+0.949
1648494840,+3.08,+28.690, +6.263,+0.949
1648494960,+3.08,+28.750, +6.421,+0.949
1648495080,+3.08,+28.793, +6.540,+0.948
1648495200,+3.08,+28.819, +6.415,+0.948
1648495320,+3.08,+28.810, +5.969,+0.949
1648495440,+3.08,+28.767, +5.201,+0.949
1648495560,+3.08,+28.767, +5.205,+0.949
1648495680,+3.08,+28.759, +4.853,+0.949
1648495800,+3.08,+28.759, +5.119,+0.949
1648495920,+3.08,+28.827, +5.382,+0.949
1648496040,+3.08,+28.810, +5.258,+0.949
1648496160,+3.08,+28.853, +5.457,+0.949
1648496280,+3.08,+28.861, +5.381,+0.950
1648496400,+3.08,+28.956, +5.794,+0.950
1648496520,+3.08,+28.964, +5.709,+0.949
1648496640,+3.08,+28.913, +5.417,+0.949
1648496760,+3.08,+28.887, +5.430,+0.949
1648496880,+3.08,+28.870, +5.269,+0.949
1648497000,+3.08,+28.861, +5.395,+0.948
1648497120,+3.08,+28.921, +5.834,+0.948
1648497240,+3.08,+28.896, +5.463,+0.950
1648497360,+3.08,+28.904, +5.233,+0.949
1648497480,+3.08,+28.896, +5.317,+0.950
1648497600,+3.08,+28.887, +5.305,+0.951
1648497720,+3.08,+28.887, +5.630,+0.950
1648497840,+3.08,+28.964, +6.207,+0.950
1648497960,+3.08,+28.956, +5.962,+0.950
1648498080,+3.08,+28.956, +6.044,+0.950
1648498200,+3.08,+28.964, +5.791,+0.950
1648498320,+3.08,+28.981, +6.075,+0.950
1648498440,+3.08,+28.973, +5.935,+0.950
1648498560,+3.08,+28.981, +5.697,+0.950
1648498680,+3.08,+28.956, +5.641,+0.951
1648498800,+3.08,+28.939, +5.635,+0.951
1648498920,+3.08,+28.947, +5.560,+0.950
1648499040,+3.08,+28.981, +5.551,+0.951
1648499160,+3.08,+28.990, +5.616,+0.951
1648499280,+3.08,+28.999, +5.539,+0.951
1648499400,+3.08,+29.007, +5.601,+0.951
1648499520,+3.08,+29.016, +5.615,+0.950
1648499640,+3.08,+29.059, +5.879,+0.950
1648499760,+3.08,+29.084, +5.824,+0.950
1648499880,+3.08,+29.110, +5.622,+0.950
1648500000,+3.08,+29.119, +5.853,+0.950
1648500120,+3.08,+29.119, +5.784,+0.951
1648500240,+3.08,+29.127, +5.641,+0.950
1648500360,+3.08,+29.127, +5.613,+0.951
1648500480,+3.08,+29.110, +5.570,+0.951
1648500600,+3.08,+29.101, +5.492,+0.951
1648500720,+3.08,+29.093, +5.477,+0.950
1648500840,+3.08,+29.093, +5.519,+0.950
1648500960,+3.08,+29.101, +5.605,+0.950
1648501080,+3.08,+29.110, +5.667,+0.951
1648501200,+3.08,+29.093, +5.640,+0.951
1648501320,+3.08,+29.101, +5.593,+0.951
1648501440,+3.08,+29.084, +5.578,+0.951
1648501560,+3.08,+29.101, +5.633,+0.950
1648501680,+3.08,+29.101, +5.631,+0.951
1648501800,+3.08,+29.119, +5.605,+0.950
1648501920,+3.08,+29.110, +5.544,+0.950
1648502040,+3.08,+29.119, +5.606,+0.951
1648502160,+3.08,+29.136, +5.584,+0.951
1648502280,+3.08,+29.119, +5.590,+0.951
1648502400,+3.08,+29.144, +5.579,+0.951
1648502520,+3.08,+29.127, +5.662,+0.951
1648502640,+3.08,+29.136, +5.744,+0.951
1648502760,+3.08,+29.144, +5.779,+0.951
1648502880,+3.08,+29.161, +5.867,+0.951
1648503000,+3.08,+29.153, +5.922,+0.951
1648503120,+3.08,+29.161, +5.977,+0.951
1648503240,+3.08,+29.170, +6.025,+0.951
1648503360,+3.08,+29.204, +6.312,+0.952
1648503480,+3.07,+29.230, +6.327,+0.951
1648503600,+3.07,+29.247, +6.302,+0.951
1648503720,+3.07,+29.222, +6.327,+0.951
1648503840,+3.07,+29.239, +6.345,+0.951
1648503960,+3.08,+29.239, +6.331,+0.951
1648504080,+3.07,+29.247, +6.436,+0.951
1648504200,+3.07,+29.256, +6.578,+0.952
1648504320,+3.07,+29.282, +6.570,+0.952
1648504440,+3.07,+29.282, +6.555,+0.952
1648504560,+3.07,+29.299, +6.844,+0.952
1648504680,+3.07,+29.385, +7.418,+0.952
1648504800,+3.07,+29.453, +7.636,+0.951
1648504920,+3.07,+29.445, +7.527,+0.952
1648505040,+3.07,+29.488, +7.534,+0.952
1648505160,+3.07,+29.488, +7.336,+0.952
1648505280,+3.07,+29.471, +7.129,+0.952
1648505400,+3.07,+29.471, +7.040,+0.952
1648505520,+3.07,+29.471, +6.954,+0.952
1648505640,+3.07,+29.453, +6.969,+0.952
1648505760,+3.07,+29.462, +7.052,+0.952
1648505880,+3.07,+29.462, +7.157,+0.952
1648506000,+3.07,+29.462, +7.229,+0.953
1648506120,+3.07,+29.453, +7.286,+0.953
1648506240,+3.07,+29.453, +7.366,+0.953
1648506360,+3.07,+29.445, +7.422,+0.953
1648506480,+3.07,+29.471, +7.577,+0.953
1648506600,+3.07,+29.471, +7.589,+0.953
1648506720,+3.07,+29.471, +7.766,+0.953
1648506840,+3.07,+29.488, +7.809,+0.953
1648506960,+3.07,+29.488, +7.854,+0.954
1648507080,+3.07,+29.479, +7.855,+0.952
1648507200,+3.07,+29.496, +7.820,+0.953
1648507320,+3.07,+29.496, +7.856,+0.954
1648507440,+3.07,+29.505, +7.852,+0.953
1648507560,+3.07,+29.488, +7.882,+0.953
1648507680,+3.07,+29.471, +7.977,+0.953
1648507800,+3.07,+29.453, +8.048,+0.954
1648507920,+3.07,+29.453, +8.145,+0.954
1648508040,+3.07,+29.436, +8.183,+0.953
1648508160,+3.07,+29.471, +8.227,+0.954
1648508280,+3.07,+29.471, +8.198,+0.954
1648508400,+3.07,+29.479, +8.202,+0.953
1648508520,+3.07,+29.453, +8.291,+0.953
1648508640,+3.07,+29.436, +8.370,+0.953
1648508760,+3.07,+29.453, +8.435,+0.954
1648508880,+3.07,+29.462, +8.439,+0.954
1648509000,+3.07,+29.453, +8.524,+0.954
1648509120,+3.07,+29.462, +8.497,+0.953
1648509240,+3.07,+29.462, +8.550,+0.954
1648509360,+3.07,+29.488, +8.582,+0.955
1648509480,+3.07,+29.488, +8.709,+0.954
1648509600,+3.07,+29.522, +8.920,+0.953
1648509720,+3.07,+29.557, +9.347,+0.954
1648509840,+3.07,+29.617, +9.182,+0.953
1648509960,+3.07,+29.600, +8.967,+0.954
1648510080,+3.07,+29.591, +8.796,+0.954
1648510200,+3.07,+29.582, +8.802,+0.953
1648510320,+3.07,+29.600, +8.881,+0.954
1648510440,+3.07,+29.600, +9.044,+0.955
1648510560,+3.07,+29.634, +9.408,+0.955
1648510680,+3.07,+29.677, +9.476,+0.952
1648510800,+3.07,+29.660, +9.066,+0.954
1648510920,+3.07,+29.660, +9.026,+0.955
1648511040,+3.07,+29.643, +9.020,+0.954
1648511160,+3.07,+29.660, +9.044,+0.955
1648511280,+3.07,+29.643, +9.105,+0.955
1648511400,+3.07,+29.669, +9.180,+0.955
1648511520,+3.07,+29.677, +9.209,+0.954
1648511640,+3.07,+29.677, +9.412,+0.954
1648511760,+3.07,+29.686, +9.468,+0.954
1648511880,+3.07,+29.703, +9.490,+0.954
1648512000,+3.08,+29.789,+10.113,+0.954
1648512120,+3.08,+29.875,+10.620,+0.955
1648512240,+3.08,+29.892,+10.421,+0.953
1648512360,+3.08,+29.970,+10.684,+0.954
1648512480,+3.08,+30.013,+10.584,+0.955
1648512600,+3.08,+29.996,+10.083,+0.955
1648512720,+3.08,+29.979, +9.895,+0.954
1648512840,+3.08,+30.048,+10.555,+0.954
1648512960,+3.08,+30.074,+10.727,+0.955
1648513080,+3.08,+30.117,+10.388,+0.955
1648513200,+3.08,+30.039, +9.958,+0.955
1648513320,+3.08,+30.013,+10.103,+0.954
1648513440,+3.08,+30.013, +9.982,+0.955
1648513560,+3.08,+30.065,+10.640,+0.956
1648513680,+3.08,+30.091,+10.306,+0.955
1648513800,+3.07,+30.134,+10.768,+0.954
1648513920,+3.07,+30.151,+10.817,+0.955
1648514040,+3.07,+30.220,+11.519,+0.955
1648514160,+3.07,+30.298,+11.488,+0.955
1648514280,+3.07,+30.281,+10.961,+0.954
1648514400,+3.07,+30.289,+11.039,+0.955
1648514520,+3.07,+30.315,+11.130,+0.954
1648514640,+3.07,+30.341,+11.467,+0.955
1648514760,+3.07,+30.350,+11.149,+0.956
1648514880,+3.07,+30.359,+10.674,+0.955
1648515000,+3.07,+30.341,+10.475,+0.956
1648515120,+3.07,+30.341,+10.558,+0.956
1648515240,+3.07,+30.350,+10.516,+0.955
1648515360,+3.07,+30.350,+10.639,+0.954
1648515480,+3.07,+30.333,+10.325,+0.954
1648515600,+3.07,+30.333,+10.300,+0.955
1648515720,+3.07,+30.333,+10.255,+0.954
1648515840,+3.07,+30.333,+10.305,+0.956
1648515960,+3.07,+30.333,+10.214,+0.955
1648516080,+3.07,+30.307,+10.110,+0.955
1648516200,+3.07,+30.281,+10.084,+0.955
1648516320,+3.07,+30.272,+10.042,+0.955
1648516440,+3.07,+30.255,+10.014,+0.955
1648516560,+3.07,+30.229,+10.062,+0.955
1648516680,+3.07,+30.255,+10.064,+0.955
1648516800,+3.07,+30.246,+10.110,+0.954
1648516920,+3.07,+30.238,+10.175,+0.955
1648517040,+3.07,+30.246,+10.668,+0.955
1648517160,+3.07,+30.298,+11.375,+0.954
1648517280,+3.07,+30.359,+11.571,+0.956
1648517400,+3.07,+30.411,+11.857,+0.955
1648517520,+3.07,+30.436,+12.011,+0.956
1648517640,+3.07,+30.471,+12.363,+0.954
1648517760,+3.07,+30.506,+12.718,+0.956
1648517880,+3.07,+30.540,+12.901,+0.955
1648518000,+3.07,+30.566,+13.131,+0.955
1648518120,+3.07,+30.592,+13.123,+0.954
1648518240,+3.07,+30.592,+13.087,+0.955
1648518360,+3.07,+30.636,+13.212,+0.956
1648518480,+3.07,+30.662,+13.205,+0.955
1648518600,+3.07,+30.670,+13.040,+0.956
1648518720,+3.07,+30.705,+13.133,+0.955
1648518840,+3.07,+30.696,+12.905,+0.956
1648518960,+3.07,+30.679,+12.739,+0.955
1648519080,+3.07,+30.688,+12.670,+0.956
1648519200,+3.07,+30.670,+12.547,+0.957
1648519320,+3.07,+30.653,+12.169,+0.956
1648519440,+3.07,+30.610,+11.800,+0.956
1648519560,+3.07,+30.558,+11.573,+0.955
1648519680,+3.07,+30.575,+11.851,+0.955
1648519800,+3.07,+30.566,+11.906,+0.955
1648519920,+3.07,+30.566,+12.101,+0.955
1648520040,+3.07,+30.584,+12.220,+0.955
1648520160,+3.07,+30.601,+12.225,+0.956
1648520280,+3.07,+30.592,+12.157,+0.956
1648520400,+3.07,+30.618,+12.320,+0.956
1648520520,+3.07,+30.662,+12.228,+0.956
1648520640,+3.07,+30.696,+12.342,+0.955
1648520760,+3.07,+30.731,+12.301,+0.955
1648520880,+3.07,+30.731,+12.185,+0.955
1648521000,+3.07,+30.740,+12.125,+0.956
1648521120,+3.07,+30.748,+12.145,+0.956
1648521240,+3.07,+30.766,+12.093,+0.955
1648521360,+3.07,+30.774,+11.958,+0.956
1648521480,+3.07,+30.748,+11.833,+0.956
1648521600,+3.07,+30.757,+12.084,+0.957
1648521720,+3.07,+30.774,+12.175,+0.955
1648521840,+3.07,+30.783,+12.039,+0.956
1648521960,+3.07,+30.792,+11.893,+0.956
1648522080,+3.07,+30.783,+11.854,+0.956
1648522200,+3.07,+30.766,+11.769,+0.955
1648522320,+3.07,+30.766,+11.833,+0.957
1648522440,+3.07,+30.748,+11.887,+0.957
1648522560,+3.07,+30.740,+12.023,+0.955
1648522680,+3.07,+30.757,+12.124,+0.955
1648522800,+3.07,+30.740,+12.193,+0.956
1648522920,+3.07,+30.731,+12.169,+0.956
1648523040,+3.07,+30.731,+12.091,+0.957
1648523160,+3.07,+30.731,+11.972,+0.955
1648523280,+3.07,+30.722,+12.028,+0.956
1648523400,+3.07,+30.705,+11.983,+0.955
1648523520,+3.07,+30.722,+11.941,+0.956
1648523640,+3.07,+30.722,+11.907,+0.956
1648523760,+3.07,+30.696,+11.833,+0.955
1648523880,+3.07,+30.696,+11.798,+0.955
1648524000,+3.07,+30.688,+11.807,+0.955
1648524120,+3.07,+30.679,+11.783,+0.956
1648524240,+3.07,+30.688,+11.798,+0.955
1648524360,+3.07,+30.688,+11.876,+0.956
1648524480,+3.07,+30.679,+11.803,+0.955
1648524600,+3.07,+30.653,+11.819,+0.955
1648524720,+3.07,+30.636,+11.868,+0.957
1648524840,+3.07,+30.610,+11.849,+0.957
1648524960,+3.07,+30.584,+11.815,+0.956
1648525080,+3.07,+30.584,+11.762,+0.954
1648525200,+3.07,+30.558,+11.726,+0.956
1648525320,+3.07,+30.523,+11.649,+0.955
1648525440,+3.07,+30.488,+11.653,+0.955
1648525560,+3.07,+30.454,+11.592,+0.955
1648525680,+3.07,+30.454,+11.517,+0.956
1648525800,+3.07,+30.454,+11.547,+0.956
1648525920,+3.07,+30.454,+11.513,+0.957
1648526040,+3.07,+30.419,+11.449,+0.954
1648526160,+3.07,+30.411,+11.481,+0.956
1648526280,+3.07,+30.428,+11.426,+0.954
1648526400,+3.07,+30.428,+11.387,+0.956
1648526520,+3.07,+30.402,+11.317,+0.955
1648526640,+3.07,+30.411,+11.396,+0.956
1648526760,+3.07,+30.393,+11.269,+0.954
1648526880,+3.07,+30.385,+11.294,+0.956
1648527000,+3.07,+30.393,+11.176,+0.955
1648527120,+3.07,+30.359,+11.175,+0.956
1648527240,+3.07,+30.341,+11.095,+0.955
