7450-735719
OS REV: 1.05 Sensor Cal: 1573748658
Time (sec),  BV (Volts),  T (deg C),  DO (mg/l),  Q ()
1647991380,+3.38,+28.157, +7.696,+0.980
1647991500,+3.39,+28.310, +7.691,+0.981
1647991620,+3.40,+28.310, +7.696,+0.981
1647991740,+3.41,+28.250, +7.706,+0.981
1647991860,+3.42,+28.174, +7.715,+0.981
1647991980,+3.42,+28.199, +7.706,+0.981
1647992100,+3.43,+28.157, +7.715,+0.981
1647992220,+3.43,+28.131, +7.716,+0.981
1647992340,+3.43,+28.063, +7.712,+0.980
1647992460,+3.44,+27.978, +7.729,+0.980
1647992580,+3.44,+27.995, +7.729,+0.981
1647992700,+3.44,+27.952, +7.740,+0.981
1647992820,+3.45,+27.875, +7.754,+0.981
1647992940,+3.45,+27.833, +7.749,+0.980
1647993060,+3.45,+27.833, +7.739,+0.980
1647993180,+3.45,+27.773, +7.761,+0.980
1647993300,+3.46,+27.705, +7.772,+0.980
1647993420,+3.46,+27.705, +7.774,+0.980
1647993540,+3.46,+27.654, +7.783,+0.980
1647993660,+3.45,+27.561, +7.798,+0.979
1647993780,+3.46,+27.646, +7.784,+0.980
1647993900,+3.46,+27.586, +7.802,+0.980
1647994020,+3.46,+27.603, +7.807,+0.980
1647994140,+3.46,+27.603, +7.799,+0.980
1647994260,+3.46,+27.663, +7.788,+0.980
1647994380,+3.46,+27.603, +7.818,+0.980
1647994500,+3.46,+27.705, +7.795,+0.980
1647994620,+3.46,+27.722, +7.800,+0.980
1647994740,+3.47,+27.773, +7.803,+0.980
1647994860,+3.47,+27.858, +7.791,+0.980
1647994980,+3.47,+27.952, +7.798,+0.980
1647995100,+3.46,+28.191, +7.763,+0.980
1647995220,+3.46,+28.413, +7.728,+0.981
1647995340,+3.46,+28.703, +7.702,+0.981
1647995460,+3.47,+28.797, +7.689,+0.981
1647995580,+3.47,+28.892, +7.679,+0.981
1647995700,+3.47,+29.157, +7.657,+0.980
1647995820,+3.47,+29.269, +7.649,+0.981
1647995940,+3.47,+29.372, +7.612,+0.981
1647996060,+3.46,+29.423, +7.581,+0.982
1647996180,+3.46,+29.621, +7.570,+0.982
1647996300,+3.46,+29.681, +7.583,+0.981
1647996420,+3.46,+29.724, +7.562,+0.981
1647996540,+3.46,+29.570, +7.578,+0.980
1647996660,+3.47,+29.484, +7.592,+0.981
1647996780,+3.47,+29.406, +7.623,+0.982
1647996900,+3.47,+29.398, +7.612,+0.981
1647997020,+3.47,+29.217, +7.654,+0.980
1647997140,+3.47,+29.140, +7.653,+0.980
1647997260,+3.47,+29.209, +7.626,+0.980
1647997380,+3.47,+29.501, +7.579,+0.980
1647997500,+3.47,+29.570, +7.565,+0.980
1647997620,+3.47,+29.819, +8.739,+0.983
1647997740,+3.47,+30.086, +9.002,+0.983
1647997860,+3.47,+30.112, +8.755,+0.983
1647997980,+3.47,+30.095, +8.843,+0.983
1647998100,+3.47,+30.043, +8.896,+0.982
1647998220,+3.47,+30.060, +8.997,+0.983
1647998340,+3.47,+29.003, +7.447,+0.980
1647998460,+3.47,+29.380, +8.353,+0.982
1647998580,+3.47,+29.673, +9.350,+0.983
1647998700,+3.47,+29.836, +9.391,+0.984
1647998820,+3.48,+29.879, +7.483,+0.982
1647998940,+3.48,+29.862, +9.098,+0.983
1647999060,+3.48,+29.879, +9.145,+0.983
1647999180,+3.48,+29.897, +9.264,+0.983
1647999300,+3.47,+29.811, +8.946,+0.982
1647999420,+3.47,+29.802, +9.050,+0.983
1647999540,+3.47,+29.802, +9.083,+0.984
1647999660,+3.47,+29.776, +8.801,+0.983
1647999780,+3.47,+29.707, +8.897,+0.983
1647999900,+3.47,+29.707, +9.010,+0.983
1648000020,+3.47,+29.664, +8.861,+0.983
1648000140,+3.47,+29.621, +8.706,+0.982
1648000260,+3.47,+29.595, +8.779,+0.983
1648000380,+3.47,+29.587, +8.707,+0.982
1648000500,+3.47,+29.535, +8.648,+0.983
1648000620,+3.47,+29.475, +8.452,+0.982
1648000740,+3.47,+29.458, +8.453,+0.983
1648000860,+3.47,+29.389, +8.351,+0.983
1648000980,+3.48,+29.363, +8.357,+0.982
1648001100,+3.47,+29.372, +8.349,+0.982
1648001220,+3.48,+29.338, +8.393,+0.983
1648001340,+3.48,+29.295, +8.251,+0.982
1648001460,+3.48,+29.269, +8.166,+0.982
1648001580,+3.48,+29.209, +8.048,+0.983
1648001700,+3.48,+29.174, +8.044,+0.982
1648001820,+3.48,+29.149, +8.051,+0.982
1648001940,+3.48,+29.200, +8.207,+0.982
1648002060,+3.48,+29.157, +8.020,+0.982
1648002180,+3.48,+29.123, +7.952,+0.982
1648002300,+3.48,+29.106, +8.025,+0.982
1648002420,+3.48,+29.046, +7.852,+0.982
1648002540,+3.48,+28.969, +7.618,+0.982
1648002660,+3.48,+29.020, +7.887,+0.982
1648002780,+3.48,+28.986, +7.652,+0.981
1648002900,+3.48,+28.994, +7.780,+0.981
1648003020,+3.48,+28.960, +7.652,+0.982
1648003140,+3.48,+28.943, +7.780,+0.982
1648003260,+3.48,+28.977, +7.817,+0.982
1648003380,+3.48,+28.960, +7.720,+0.981
1648003500,+3.48,+29.012, +7.937,+0.982
1648003620,+3.48,+28.977, +7.816,+0.982
1648003740,+3.48,+28.977, +7.803,+0.982
1648003860,+3.48,+28.960, +7.864,+0.981
1648003980,+3.48,+28.917, +7.590,+0.982
1648004100,+3.48,+28.926, +7.603,+0.981
1648004220,+3.48,+28.892, +7.557,+0.982
1648004340,+3.48,+28.892, +7.546,+0.982
1648004460,+3.48,+28.874, +7.704,+0.982
1648004580,+3.48,+28.883, +7.595,+0.981
1648004700,+3.48,+28.849, +7.648,+0.982
1648004820,+3.48,+28.900, +7.755,+0.982
1648004940,+3.48,+28.866, +7.604,+0.981
1648005060,+3.48,+28.874, +7.623,+0.982
1648005180,+3.48,+28.840, +7.477,+0.982
1648005300,+3.48,+28.900, +7.802,+0.982
1648005420,+3.48,+28.823, +7.452,+0.982
1648005540,+3.48,+28.840, +7.708,+0.982
1648005660,+3.48,+28.797, +7.321,+0.981
1648005780,+3.48,+28.789, +7.460,+0.981
1648005900,+3.48,+28.823, +7.799,+0.981
1648006020,+3.48,+28.780, +7.556,+0.982
1648006140,+3.48,+28.789, +7.467,+0.981
1648006260,+3.48,+28.755, +7.440,+0.982
1648006380,+3.48,+28.789, +7.471,+0.981
1648006500,+3.47,+28.703, +7.215,+0.982
1648006620,+3.48,+28.755, +7.448,+0.981
1648006740,+3.48,+28.738, +7.204,+0.981
1648006860,+3.48,+28.720, +7.337,+0.981
1648006980,+3.48,+28.738, +7.387,+0.982
1648007100,+3.48,+28.712, +7.312,+0.981
1648007220,+3.48,+28.729, +7.398,+0.981
1648007340,+3.47,+28.669, +7.177,+0.981
1648007460,+3.47,+28.720, +7.365,+0.981
1648007580,+3.48,+28.712, +7.413,+0.981
1648007700,+3.47,+28.609, +7.092,+0.981
1648007820,+3.47,+28.678, +7.507,+0.982
1648007940,+3.47,+28.686, +7.238,+0.981
1648008060,+3.47,+28.686, +7.287,+0.981
1648008180,+3.47,+28.601, +6.900,+0.981
1648008300,+3.47,+28.695, +7.489,+0.982
1648008420,+3.47,+28.584, +6.942,+0.981
1648008540,+3.47,+28.652, +7.134,+0.980
1648008660,+3.47,+28.643, +7.131,+0.981
1648008780,+3.47,+28.652, +7.126,+0.981
1648008900,+3.47,+28.609, +7.063,+0.981
1648009020,+3.47,+28.515, +6.889,+0.981
1648009140,+3.47,+28.584, +7.079,+0.981
1648009260,+3.47,+28.618, +7.120,+0.981
1648009380,+3.47,+28.661, +7.163,+0.981
1648009500,+3.47,+28.575, +7.009,+0.982
1648009620,+3.47,+28.566, +6.986,+0.981
1648009740,+3.47,+28.592, +7.124,+0.982
1648009860,+3.47,+28.609, +6.985,+0.981
1648009980,+3.47,+28.566, +7.009,+0.981
1648010100,+3.47,+28.592, +6.956,+0.980
1648010220,+3.47,+28.566, +6.844,+0.981
1648010340,+3.47,+28.532, +6.878,+0.981
1648010460,+3.47,+28.541, +6.901,+0.981
1648010580,+3.47,+28.490, +6.753,+0.981
1648010700,+3.47,+28.532, +6.932,+0.981
1648010820,+3.47,+28.566, +6.935,+0.981
1648010940,+3.47,+28.532, +6.700,+0.980
1648011060,+3.47,+28.532, +6.724,+0.980
1648011180,+3.47,+28.515, +6.745,+0.980
1648011300,+3.47,+28.404, +6.339,+0.980
1648011420,+3.47,+28.447, +6.744,+0.980
1648011540,+3.47,+28.438, +6.506,+0.980
1648011660,+3.47,+28.455, +6.446,+0.980
1648011780,+3.47,+28.455, +6.714,+0.980
1648011900,+3.47,+28.515, +6.907,+0.980
1648012020,+3.47,+28.532, +6.826,+0.981
1648012140,+3.47,+28.592, +6.968,+0.981
1648012260,+3.47,+28.524, +6.926,+0.981
1648012380,+3.47,+28.566, +6.868,+0.981
1648012500,+3.47,+28.515, +6.709,+0.981
1648012620,+3.47,+28.515, +6.778,+0.981
1648012740,+3.47,+28.532, +6.811,+0.981
1648012860,+3.47,+28.447, +6.411,+0.980
1648012980,+3.47,+28.524, +6.877,+0.981
1648013100,+3.47,+28.498, +6.623,+0.980
1648013220,+3.47,+28.515, +6.947,+0.981
1648013340,+3.47,+28.601, +7.104,+0.982
1648013460,+3.47,+28.532, +6.824,+0.980
1648013580,+3.47,+28.592, +6.806,+0.980
1648013700,+3.47,+28.584, +6.932,+0.981
1648013820,+3.47,+28.507, +6.769,+0.981
1648013940,+3.47,+28.532, +6.890,+0.981
1648014060,+3.47,+28.541, +6.967,+0.981
1648014180,+3.47,+28.515, +6.808,+0.981
1648014300,+3.47,+28.404, +6.435,+0.980
1648014420,+3.47,+28.472, +6.790,+0.981
1648014540,+3.47,+28.472, +6.589,+0.980
1648014660,+3.47,+28.472, +6.660,+0.980
1648014780,+3.47,+28.361, +6.342,+0.980
1648014900,+3.47,+28.404, +6.511,+0.980
1648015020,+3.47,+28.430, +6.729,+0.980
1648015140,+3.47,+28.310, +6.108,+0.980
1648015260,+3.47,+28.413, +6.698,+0.981
1648015380,+3.47,+28.404, +6.580,+0.980
1648015500,+3.47,+28.396, +6.528,+0.981
1648015620,+3.47,+28.455, +6.716,+0.980
1648015740,+3.47,+28.447, +6.578,+0.980
1648015860,+3.47,+28.438, +6.549,+0.980
1648015980,+3.47,+28.421, +6.573,+0.981
1648016100,+3.47,+28.404, +6.485,+0.980
1648016220,+3.47,+28.387, +6.400,+0.980
1648016340,+3.47,+28.327, +6.177,+0.980
1648016460,+3.47,+28.370, +6.559,+0.981
1648016580,+3.47,+28.404, +6.543,+0.980
1648016700,+3.47,+28.396, +6.407,+0.980
1648016820,+3.47,+28.396, +6.452,+0.980
1648016940,+3.47,+28.387, +6.454,+0.980
1648017060,+3.47,+28.361, +6.277,+0.980
1648017180,+3.47,+28.387, +6.453,+0.980
1648017300,+3.47,+28.353, +6.266,+0.979
1648017420,+3.47,+28.396, +6.556,+0.981
1648017540,+3.47,+28.430, +6.548,+0.980
1648017660,+3.47,+28.370, +6.318,+0.980
1648017780,+3.47,+28.379, +6.424,+0.981
1648017900,+3.47,+28.336, +6.292,+0.981
1648018020,+3.47,+28.310, +6.277,+0.980
1648018140,+3.47,+28.379, +6.502,+0.980
1648018260,+3.47,+28.353, +6.399,+0.980
1648018380,+3.47,+28.302, +6.197,+0.980
1648018500,+3.47,+28.361, +6.379,+0.980
1648018620,+3.47,+28.370, +6.427,+0.980
1648018740,+3.47,+28.421, +6.611,+0.981
1648018860,+3.47,+28.387, +6.289,+0.980
1648018980,+3.47,+28.379, +6.381,+0.980
1648019100,+3.47,+28.421, +6.552,+0.980
1648019220,+3.47,+28.404, +6.491,+0.981
1648019340,+3.47,+28.387, +6.327,+0.980
1648019460,+3.47,+28.396, +6.417,+0.981
1648019580,+3.47,+28.353, +6.390,+0.980
1648019700,+3.47,+28.344, +6.206,+0.980
1648019820,+3.47,+28.319, +6.285,+0.980
1648019940,+3.47,+28.344, +6.329,+0.980
1648020060,+3.47,+28.361, +6.415,+0.980
1648020180,+3.47,+28.336, +6.366,+0.981
1648020300,+3.47,+28.353, +6.323,+0.980
1648020420,+3.47,+28.259, +6.104,+0.980
1648020540,+3.47,+28.268, +6.202,+0.979
1648020660,+3.47,+28.293, +6.416,+0.980
1648020780,+3.47,+28.327, +6.374,+0.981
1648020900,+3.47,+28.276, +6.125,+0.980
1648021020,+3.47,+28.319, +6.243,+0.980
1648021140,+3.47,+28.319, +6.183,+0.980
1648021260,+3.47,+28.276, +6.175,+0.980
1648021380,+3.47,+28.259, +6.177,+0.980
1648021500,+3.47,+28.293, +6.241,+0.980
1648021620,+3.47,+28.268, +6.189,+0.980
1648021740,+3.47,+28.250, +6.071,+0.980
1648021860,+3.47,+28.285, +6.178,+0.980
1648021980,+3.47,+28.233, +6.074,+0.980
1648022100,+3.47,+28.191, +5.925,+0.979
1648022220,+3.47,+28.208, +6.186,+0.980
1648022340,+3.47,+28.242, +6.104,+0.980
1648022460,+3.47,+28.242, +6.048,+0.980
1648022580,+3.47,+28.225, +6.053,+0.980
1648022700,+3.47,+28.285, +6.312,+0.980
1648022820,+3.47,+28.268, +6.141,+0.979
1648022940,+3.47,+28.250, +5.972,+0.980
1648023060,+3.47,+28.225, +6.024,+0.980
1648023180,+3.47,+28.250, +6.104,+0.980
1648023300,+3.47,+28.225, +6.043,+0.980
1648023420,+3.47,+28.225, +6.055,+0.980
1648023540,+3.47,+28.242, +6.199,+0.980
1648023660,+3.47,+28.225, +5.810,+0.979
1648023780,+3.47,+28.268, +6.090,+0.980
1648023900,+3.47,+28.216, +5.997,+0.980
1648024020,+3.47,+28.216, +6.011,+0.980
1648024140,+3.47,+28.216, +5.944,+0.979
1648024260,+3.47,+28.182, +5.927,+0.979
1648024380,+3.47,+28.191, +5.920,+0.980
1648024500,+3.47,+28.208, +6.142,+0.980
1648024620,+3.47,+28.148, +5.865,+0.979
1648024740,+3.47,+28.165, +5.976,+0.980
1648024860,+3.47,+28.097, +5.695,+0.979
1648024980,+3.47,+28.131, +5.908,+0.979
1648025100,+3.47,+28.157, +6.026,+0.980
1648025220,+3.47,+28.191, +6.122,+0.980
1648025340,+3.47,+28.123, +5.745,+0.979
1648025460,+3.47,+28.097, +5.824,+0.979
1648025580,+3.47,+28.123, +5.919,+0.979
1648025700,+3.47,+28.131, +5.908,+0.980
1648025820,+3.47,+28.123, +6.011,+0.980
1648025940,+3.47,+28.148, +5.972,+0.980
1648026060,+3.47,+28.157, +5.922,+0.979
1648026180,+3.47,+28.114, +5.863,+0.980
1648026300,+3.47,+28.131, +5.918,+0.979
1648026420,+3.47,+28.148, +5.991,+0.980
1648026540,+3.47,+28.148, +5.899,+0.979
1648026660,+3.47,+28.046, +5.734,+0.979
1648026780,+3.47,+28.071, +5.852,+0.980
1648026900,+3.47,+28.029, +5.578,+0.979
1648027020,+3.47,+28.054, +5.847,+0.980
1648027140,+3.47,+28.097, +5.969,+0.979
1648027260,+3.47,+28.080, +5.764,+0.979
1648027380,+3.47,+28.080, +5.822,+0.979
1648027500,+3.47,+28.080, +5.762,+0.979
1648027620,+3.47,+28.071, +5.758,+0.979
1648027740,+3.47,+28.020, +5.646,+0.979
1648027860,+3.47,+28.071, +5.728,+0.980
1648027980,+3.47,+28.046, +5.630,+0.979
1648028100,+3.47,+28.046, +5.656,+0.979
1648028220,+3.47,+28.071, +5.756,+0.979
1648028340,+3.47,+28.063, +5.788,+0.980
1648028460,+3.47,+28.054, +5.610,+0.980
1648028580,+3.47,+28.063, +5.810,+0.980
1648028700,+3.47,+28.071, +5.726,+0.980
1648028820,+3.47,+28.097, +5.682,+0.979
1648028940,+3.47,+28.097, +5.711,+0.979
1648029060,+3.47,+28.105, +5.768,+0.980
1648029180,+3.47,+28.097, +5.747,+0.979
1648029300,+3.47,+28.020, +5.611,+0.979
1648029420,+3.47,+28.063, +5.762,+0.979
1648029540,+3.47,+28.088, +5.762,+0.979
1648029660,+3.47,+28.012, +5.448,+0.979
1648029780,+3.47,+28.063, +5.811,+0.979
1648029900,+3.47,+28.029, +5.624,+0.979
1648030020,+3.47,+27.986, +5.657,+0.980
1648030140,+3.47,+28.029, +5.788,+0.979
1648030260,+3.47,+28.003, +5.558,+0.979
1648030380,+3.47,+27.935, +5.650,+0.979
1648030500,+3.47,+27.944, +5.654,+0.979
1648030620,+3.47,+27.850, +5.718,+0.979
1648030740,+3.47,+27.927, +5.880,+0.979
1648030860,+3.47,+27.935, +5.573,+0.979
1648030980,+3.47,+28.046, +5.805,+0.979
1648031100,+3.47,+28.088, +5.821,+0.979
1648031220,+3.47,+27.935, +5.810,+0.979
1648031340,+3.47,+27.884, +5.946,+0.980
1648031460,+3.47,+27.748, +5.609,+0.979
1648031580,+3.47,+27.782, +5.677,+0.979
1648031700,+3.47,+27.816, +5.770,+0.980
1648031820,+3.47,+27.901, +5.650,+0.979
1648031940,+3.47,+27.841, +5.828,+0.979
1648032060,+3.47,+27.824, +5.610,+0.979
1648032180,+3.47,+27.790, +5.839,+0.979
1648032300,+3.47,+27.756, +5.774,+0.979
1648032420,+3.47,+27.731, +5.715,+0.979
1648032540,+3.47,+27.833, +5.799,+0.979
1648032660,+3.47,+27.799, +5.862,+0.979
1648032780,+3.47,+27.875, +5.677,+0.979
1648032900,+3.47,+27.833, +5.757,+0.979
1648033020,+3.47,+27.944, +5.869,+0.979
1648033140,+3.47,+27.901, +5.943,+0.979
1648033260,+3.47,+27.807, +5.909,+0.979
1648033380,+3.47,+27.875, +5.883,+0.979
1648033500,+3.47,+27.952, +5.846,+0.979
1648033620,+3.47,+27.918, +5.945,+0.979
1648033740,+3.47,+27.833, +5.841,+0.979
1648033860,+3.47,+27.909, +5.933,+0.979
1648033980,+3.47,+27.935, +5.939,+0.979
1648034100,+3.47,+27.918, +5.989,+0.980
1648034220,+3.47,+27.909, +6.024,+0.979
1648034340,+3.47,+27.858, +6.113,+0.979
1648034460,+3.47,+27.850, +6.074,+0.979
1648034580,+3.47,+27.867, +6.059,+0.979
1648034700,+3.47,+27.850, +6.071,+0.979
1648034820,+3.47,+27.850, +6.077,+0.979
1648034940,+3.47,+27.875, +6.053,+0.979
1648035060,+3.47,+27.901, +6.070,+0.979
1648035180,+3.47,+27.969, +6.017,+0.980
1648035300,+3.47,+27.961, +6.020,+0.979
1648035420,+3.47,+27.944, +6.079,+0.979
1648035540,+3.47,+27.918, +6.079,+0.979
1648035660,+3.47,+27.918, +6.081,+0.979
1648035780,+3.47,+27.944, +6.063,+0.979
1648035900,+3.47,+27.944, +6.060,+0.979
1648036020,+3.47,+27.961, +6.058,+0.979
1648036140,+3.47,+27.918, +6.112,+0.979
1648036260,+3.47,+27.944, +6.060,+0.979
1648036380,+3.47,+27.944, +6.055,+0.980
1648036500,+3.47,+27.952, +6.064,+0.980
1648036620,+3.47,+27.978, +6.037,+0.979
1648036740,+3.47,+28.020, +6.021,+0.980
1648036860,+3.47,+28.012, +6.015,+0.979
1648036980,+3.47,+28.012, +6.040,+0.980
1648037100,+3.47,+28.012, +6.042,+0.979
1648037220,+3.47,+28.012, +6.054,+0.979
1648037340,+3.47,+28.003, +6.040,+0.979
1648037460,+3.47,+27.995, +6.035,+0.979
1648037580,+3.47,+28.012, +6.025,+0.979
1648037700,+3.47,+27.961, +6.083,+0.979
1648037820,+3.47,+27.961, +6.043,+0.979
1648037940,+3.47,+27.952, +6.056,+0.980
1648038060,+3.47,+27.961, +6.047,+0.980
1648038180,+3.47,+27.944, +6.062,+0.979
1648038300,+3.47,+27.952, +6.038,+0.979
1648038420,+3.47,+27.952, +6.038,+0.979
1648038540,+3.47,+27.927, +6.089,+0.979
1648038660,+3.47,+27.884, +6.100,+0.980
1648038780,+3.47,+27.927, +6.006,+0.979
1648038900,+3.47,+27.927, +6.049,+0.979
1648039020,+3.47,+27.927, +6.045,+0.979
1648039140,+3.47,+27.944, +5.995,+0.979
1648039260,+3.47,+27.986, +5.964,+0.979
1648039380,+3.47,+27.995, +5.947,+0.979
1648039500,+3.47,+27.961, +5.987,+0.980
1648039620,+3.47,+27.935, +6.018,+0.979
1648039740,+3.47,+27.944, +5.980,+0.979
1648039860,+3.47,+27.961, +5.942,+0.979
1648039980,+3.47,+27.969, +5.944,+0.979
1648040100,+3.47,+27.969, +5.935,+0.980
1648040220,+3.47,+27.969, +5.953,+0.979
1648040340,+3.47,+27.944, +5.963,+0.979
1648040460,+3.47,+27.935, +5.959,+0.979
1648040580,+3.47,+27.935, +5.894,+0.979
1648040700,+3.47,+27.927, +5.953,+0.979
1648040820,+3.47,+27.918, +5.974,+0.980
1648040940,+3.47,+27.909, +5.952,+0.979
1648041060,+3.47,+27.892, +5.951,+0.979
1648041180,+3.47,+27.918, +5.933,+0.978
1648041300,+3.47,+27.901, +5.965,+0.979
1648041420,+3.47,+27.909, +5.917,+0.979
1648041540,+3.47,+27.909, +5.897,+0.979
1648041660,+3.47,+27.935, +5.896,+0.979
1648041780,+3.47,+27.918, +5.886,+0.979
1648041900,+3.47,+27.918, +5.905,+0.979
1648042020,+3.47,+27.909, +5.895,+0.979
1648042140,+3.47,+27.909, +5.863,+0.979
1648042260,+3.47,+27.892, +5.862,+0.979
1648042380,+3.47,+27.901, +5.885,+0.979
1648042500,+3.47,+27.892, +5.875,+0.979
1648042620,+3.47,+27.867, +5.820,+0.979
1648042740,+3.47,+27.892, +5.861,+0.979
1648042860,+3.47,+27.875, +5.868,+0.979
1648042980,+3.47,+27.884, +5.792,+0.979
1648043100,+3.47,+27.867, +5.831,+0.979
1648043220,+3.47,+27.824, +5.923,+0.979
1648043340,+3.47,+27.807, +5.925,+0.979
1648043460,+3.47,+27.765, +5.834,+0.978
1648043580,+3.47,+27.782, +5.883,+0.979
1648043700,+3.47,+27.807, +5.831,+0.978
1648043820,+3.47,+27.790, +5.851,+0.978
1648043940,+3.47,+27.765, +5.908,+0.979
1648044060,+3.47,+27.807, +5.749,+0.979
1648044180,+3.47,+27.833, +5.723,+0.979
1648044300,+3.47,+27.816, +5.799,+0.979
1648044420,+3.47,+27.824, +5.799,+0.979
1648044540,+3.47,+27.790, +5.812,+0.979
1648044660,+3.47,+27.799, +5.720,+0.979
1648044780,+3.47,+27.773, +5.759,+0.979
1648044900,+3.47,+27.782, +5.690,+0.979
1648045020,+3.47,+27.807, +5.712,+0.979
1648045140,+3.47,+27.773, +5.623,+0.979
1648045260,+3.47,+27.722, +5.632,+0.979
1648045380,+3.47,+27.714, +5.790,+0.979
1648045500,+3.48,+27.680, +5.788,+0.979
1648045620,+3.47,+27.671, +5.665,+0.978
1648045740,+3.47,+27.646, +5.905,+0.979
1648045860,+3.47,+27.646, +5.686,+0.978
1648045980,+3.47,+27.654, +5.711,+0.978
1648046100,+3.47,+27.637, +5.740,+0.978
1648046220,+3.47,+27.612, +5.771,+0.978
1648046340,+3.47,+27.603, +5.700,+0.979
1648046460,+3.47,+27.595, +5.612,+0.978
1648046580,+3.47,+27.595, +5.646,+0.978
1648046700,+3.47,+27.612, +5.494,+0.978
1648046820,+3.47,+27.578, +5.521,+0.979
1648046940,+3.47,+27.612, +5.498,+0.979
1648047060,+3.47,+27.552, +5.620,+0.979
1648047180,+3.47,+27.561, +5.547,+0.978
1648047300,+3.47,+27.569, +5.543,+0.978
1648047420,+3.47,+27.518, +5.381,+0.978
1648047540,+3.47,+27.467, +5.473,+0.978
1648047660,+3.47,+27.476, +5.373,+0.978
1648047780,+3.47,+27.450, +5.463,+0.978
1648047900,+3.47,+27.442, +5.526,+0.979
1648048020,+3.47,+27.459, +5.416,+0.979
1648048140,+3.47,+27.399, +5.308,+0.978
1648048260,+3.47,+27.382, +5.444,+0.978
1648048380,+3.47,+27.399, +5.324,+0.978
1648048500,+3.47,+27.348, +5.458,+0.978
1648048620,+3.47,+27.340, +5.456,+0.978
1648048740,+3.47,+27.348, +5.337,+0.978
1648048860,+3.47,+27.416, +5.276,+0.978
1648048980,+3.47,+27.348, +5.319,+0.978
1648049100,+3.47,+27.365, +5.281,+0.978
1648049220,+3.47,+27.374, +5.320,+0.978
1648049340,+3.47,+27.391, +5.245,+0.978
1648049460,+3.47,+27.467, +5.258,+0.978
1648049580,+3.47,+27.459, +5.251,+0.978
1648049700,+3.47,+27.450, +5.202,+0.978
1648049820,+3.47,+27.408, +5.155,+0.978
1648049940,+3.47,+27.442, +5.242,+0.978
1648050060,+3.47,+27.399, +5.070,+0.979
1648050180,+3.47,+27.382, +5.024,+0.978
1648050300,+3.47,+27.408, +5.127,+0.978
1648050420,+3.47,+27.382, +5.018,+0.978
1648050540,+3.47,+27.408, +5.133,+0.978
1648050660,+3.47,+27.374, +4.957,+0.978
1648050780,+3.47,+27.323, +4.933,+0.978
1648050900,+3.47,+27.365, +5.061,+0.978
1648051020,+3.47,+27.374, +4.999,+0.978
1648051140,+3.47,+27.340, +4.800,+0.978
1648051260,+3.47,+27.331, +4.853,+0.978
1648051380,+3.47,+27.348, +5.025,+0.978
1648051500,+3.47,+27.331, +5.014,+0.978
1648051620,+3.47,+27.331, +4.863,+0.978
1648051740,+3.47,+27.289, +4.807,+0.978
1648051860,+3.47,+27.314, +4.963,+0.978
1648051980,+3.47,+27.323, +4.913,+0.978
1648052100,+3.47,+27.306, +4.910,+0.978
1648052220,+3.47,+27.348, +4.892,+0.978
1648052340,+3.47,+27.323, +4.863,+0.978
1648052460,+3.47,+27.314, +4.814,+0.978
1648052580,+3.47,+27.323, +4.861,+0.978
1648052700,+3.47,+27.331, +4.842,+0.978
1648052820,+3.47,+27.306, +4.892,+0.978
1648052940,+3.47,+27.323, +4.967,+0.978
1648053060,+3.47,+27.297, +4.809,+0.978
1648053180,+3.47,+27.289, +4.851,+0.978
1648053300,+3.47,+27.340, +4.877,+0.978
1648053420,+3.47,+27.331, +4.764,+0.978
1648053540,+3.47,+27.331, +4.792,+0.978
1648053660,+3.47,+27.357, +4.876,+0.977
1648053780,+3.47,+27.357, +4.935,+0.978
1648053900,+3.47,+27.331, +4.818,+0.978
1648054020,+3.47,+27.331, +4.944,+0.978
1648054140,+3.47,+27.323, +4.982,+0.978
1648054260,+3.47,+27.297, +4.874,+0.978
1648054380,+3.47,+27.340, +4.923,+0.978
1648054500,+3.47,+27.357, +4.941,+0.978
1648054620,+3.47,+27.314, +4.843,+0.978
1648054740,+3.47,+27.340, +4.931,+0.978
1648054860,+3.47,+27.348, +4.965,+0.978
1648054980,+3.47,+27.357, +5.086,+0.978
1648055100,+3.47,+27.365, +5.165,+0.979
1648055220,+3.47,+27.365, +4.861,+0.978
1648055340,+3.47,+27.365, +5.033,+0.978
1648055460,+3.47,+27.408, +5.008,+0.978
1648055580,+3.47,+27.416, +5.067,+0.978
1648055700,+3.47,+27.399, +5.020,+0.978
1648055820,+3.47,+27.391, +5.060,+0.978
1648055940,+3.47,+27.391, +5.121,+0.978
1648056060,+3.47,+27.391, +5.098,+0.978
1648056180,+3.47,+27.416, +5.218,+0.978
1648056300,+3.47,+27.416, +5.183,+0.978
1648056420,+3.47,+27.433, +5.249,+0.978
1648056540,+3.47,+27.416, +5.177,+0.978
1648056660,+3.47,+27.433, +5.160,+0.978
1648056780,+3.47,+27.433, +5.290,+0.978
1648056900,+3.47,+27.467, +5.292,+0.978
1648057020,+3.47,+27.467, +5.177,+0.978
1648057140,+3.47,+27.450, +5.391,+0.978
1648057260,+3.47,+27.501, +5.350,+0.978
1648057380,+3.47,+27.493, +5.327,+0.978
1648057500,+3.47,+27.442, +5.185,+0.978
1648057620,+3.47,+27.484, +5.463,+0.978
1648057740,+3.47,+27.510, +5.423,+0.978
1648057860,+3.47,+27.484, +5.388,+0.978
1648057980,+3.47,+27.518, +5.613,+0.978
1648058100,+3.47,+27.484, +5.389,+0.978
1648058220,+3.47,+27.527, +5.325,+0.978
1648058340,+3.47,+27.544, +5.534,+0.978
1648058460,+3.47,+27.552, +5.477,+0.978
1648058580,+3.47,+27.518, +5.287,+0.978
1648058700,+3.47,+27.535, +5.448,+0.979
1648058820,+3.47,+27.569, +5.684,+0.978
1648058940,+3.47,+27.561, +5.797,+0.979
1648059060,+3.47,+27.595, +5.672,+0.979
1648059180,+3.47,+27.569, +5.542,+0.979
1648059300,+3.47,+27.663, +5.763,+0.979
1648059420,+3.47,+27.595, +5.637,+0.979
1648059540,+3.47,+27.637, +5.811,+0.979
1648059660,+3.47,+27.637, +5.754,+0.979
1648059780,+3.47,+27.697, +5.851,+0.979
1648059900,+3.47,+27.663, +5.781,+0.979
1648060020,+3.47,+27.688, +5.929,+0.979
1648060140,+3.47,+27.722, +5.881,+0.979
1648060260,+3.47,+27.722, +6.028,+0.979
1648060380,+3.47,+27.731, +6.013,+0.979
1648060500,+3.47,+27.697, +5.823,+0.978
1648060620,+3.47,+27.722, +5.892,+0.979
1648060740,+3.47,+27.748, +5.898,+0.979
1648060860,+3.47,+27.765, +5.882,+0.979
1648060980,+3.47,+27.799, +5.854,+0.979
1648061100,+3.47,+27.816, +6.134,+0.980
1648061220,+3.47,+27.841, +6.072,+0.979
1648061340,+3.47,+27.867, +6.208,+0.980
1648061460,+3.47,+27.807, +5.956,+0.979
1648061580,+3.47,+27.824, +5.841,+0.979
1648061700,+3.47,+27.807, +5.813,+0.978
1648061820,+3.47,+27.841, +5.984,+0.979
1648061940,+3.47,+27.884, +6.244,+0.980
1648062060,+3.47,+27.858, +6.104,+0.979
1648062180,+3.47,+27.884, +6.223,+0.979
1648062300,+3.47,+27.841, +5.963,+0.978
1648062420,+3.47,+27.833, +6.017,+0.979
1648062540,+3.47,+27.867, +6.057,+0.979
1648062660,+3.47,+27.807, +6.137,+0.979
1648062780,+3.47,+27.961, +6.492,+0.980
1648062900,+3.47,+27.918, +6.407,+0.979
1648063020,+3.47,+27.884, +6.118,+0.980
1648063140,+3.47,+27.927, +6.202,+0.980
1648063260,+3.47,+27.901, +6.124,+0.979
1648063380,+3.47,+27.978, +6.475,+0.980
1648063500,+3.47,+27.952, +6.166,+0.979
1648063620,+3.47,+28.012, +6.473,+0.980
1648063740,+3.47,+28.012, +6.371,+0.979
1648063860,+3.47,+28.046, +6.287,+0.979
1648063980,+3.47,+28.105, +6.594,+0.980
1648064100,+3.47,+28.157, +6.504,+0.980
1648064220,+3.47,+28.182, +6.554,+0.980
1648064340,+3.47,+28.199, +6.552,+0.980
1648064460,+3.47,+28.208, +6.526,+0.980
1648064580,+3.47,+28.319, +6.864,+0.980
1648064700,+3.47,+28.327, +6.746,+0.980
1648064820,+3.47,+28.310, +6.607,+0.980
1648064940,+3.47,+28.344, +6.642,+0.980
1648065060,+3.47,+28.430, +7.052,+0.981
1648065180,+3.47,+28.438, +6.949,+0.981
1648065300,+3.47,+28.481, +7.204,+0.980
1648065420,+3.47,+28.507, +7.080,+0.981
1648065540,+3.47,+28.490, +7.015,+0.981
1648065660,+3.47,+28.507, +7.179,+0.981
1648065780,+3.47,+28.507, +6.834,+0.979
1648065900,+3.47,+28.472, +7.048,+0.981
1648066020,+3.47,+28.498, +7.030,+0.981
1648066140,+3.47,+28.532, +7.014,+0.981
1648066260,+3.47,+28.558, +7.126,+0.981
1648066380,+3.47,+28.532, +7.139,+0.981
1648066500,+3.47,+28.584, +7.257,+0.981
1648066620,+3.47,+28.515, +6.957,+0.980
1648066740,+3.47,+28.549, +7.282,+0.981
1648066860,+3.47,+28.601, +7.294,+0.981
1648066980,+3.47,+28.541, +7.155,+0.981
1648067100,+3.47,+28.584, +7.431,+0.981
1648067220,+3.47,+28.584, +7.255,+0.980
1648067340,+3.47,+28.626, +7.453,+0.981
1648067460,+3.47,+28.584, +7.120,+0.981
1648067580,+3.47,+28.601, +7.382,+0.981
1648067700,+3.47,+28.669, +7.465,+0.981
1648067820,+3.47,+28.592, +7.130,+0.980
1648067940,+3.47,+28.703, +7.720,+0.982
1648068060,+3.47,+28.618, +7.273,+0.981
1648068180,+3.47,+28.626, +7.284,+0.980
1648068300,+3.47,+28.686, +7.604,+0.982
1648068420,+3.47,+28.635, +7.253,+0.980
1648068540,+3.47,+28.626, +7.334,+0.981
1648068660,+3.47,+28.643, +7.338,+0.981
1648068780,+3.47,+28.626, +7.486,+0.981
1648068900,+3.47,+28.669, +7.677,+0.981
1648069020,+3.47,+28.669, +7.629,+0.982
1648069140,+3.47,+28.661, +7.454,+0.981
1648069260,+3.47,+28.712, +7.603,+0.981
1648069380,+3.47,+28.720, +7.632,+0.982
1648069500,+3.47,+28.618, +7.215,+0.981
1648069620,+3.47,+28.678, +7.542,+0.982
1648069740,+3.47,+28.652, +7.648,+0.982
1648069860,+3.47,+28.678, +7.546,+0.981
1648069980,+3.47,+28.652, +7.420,+0.981
1648070100,+3.47,+28.738, +7.872,+0.982
1648070220,+3.47,+28.772, +7.866,+0.981
1648070340,+3.47,+28.720, +7.661,+0.981
1648070460,+3.47,+28.857, +8.210,+0.982
1648070580,+3.47,+28.874, +7.871,+0.981
1648070700,+3.47,+28.866, +7.906,+0.982
1648070820,+3.47,+28.823, +7.939,+0.982
1648070940,+3.47,+28.857, +7.746,+0.981
1648071060,+3.47,+28.849, +7.880,+0.982
1648071180,+3.47,+28.994, +8.362,+0.982
1648071300,+3.47,+28.969, +8.085,+0.982
1648071420,+3.47,+29.046, +8.394,+0.983
1648071540,+3.47,+29.012, +8.119,+0.982
1648071660,+3.47,+29.037, +8.106,+0.982
1648071780,+3.47,+29.037, +8.235,+0.981
1648071900,+3.47,+29.012, +8.061,+0.982
1648072020,+3.47,+29.029, +8.062,+0.981
1648072140,+3.47,+29.037, +8.166,+0.982
1648072260,+3.47,+29.072, +8.294,+0.983
1648072380,+3.47,+29.106, +8.321,+0.982
1648072500,+3.47,+29.114, +8.401,+0.983
1648072620,+3.47,+29.149, +8.593,+0.982
1648072740,+3.47,+29.174, +8.635,+0.982
1648072860,+3.47,+29.149, +8.503,+0.982
1648072980,+3.47,+29.217, +8.820,+0.982
1648073100,+3.47,+29.166, +8.516,+0.981
1648073220,+3.47,+29.235, +8.764,+0.983
1648073340,+3.47,+29.312, +8.790,+0.983
1648073460,+3.47,+29.346, +8.854,+0.982
1648073580,+3.47,+29.415, +8.975,+0.981
1648073700,+3.47,+29.380, +8.860,+0.982
1648073820,+3.47,+29.552, +9.305,+0.983
1648073940,+3.47,+29.535, +9.301,+0.982
1648074060,+3.47,+29.587, +9.399,+0.983
1648074180,+3.47,+29.673, +9.585,+0.983
1648074300,+3.47,+29.656, +9.218,+0.982
1648074420,+3.47,+29.690, +9.195,+0.982
1648074540,+3.47,+29.845, +9.693,+0.983
1648074660,+3.47,+29.879, +9.761,+0.983
1648074780,+3.47,+29.845, +9.713,+0.982
1648074900,+3.47,+29.888, +9.767,+0.983
1648075020,+3.47,+29.923, +9.827,+0.983
1648075140,+3.47,+29.974, +9.863,+0.981
1648075260,+3.47,+29.974, +9.902,+0.983
1648075380,+3.47,+30.043, +9.830,+0.983
1648075500,+3.47,+30.069, +9.883,+0.982
1648075620,+3.47,+30.060, +9.936,+0.983
1648075740,+3.47,+30.104, +9.920,+0.984
1648075860,+3.47,+30.104, +9.939,+0.981
1648075980,+3.47,+30.155,+10.027,+0.984
1648076100,+3.47,+30.147,+10.023,+0.982
1648076220,+3.47,+30.121,+10.039,+0.984
1648076340,+3.48,+30.086, +9.962,+0.984
1648076460,+3.47,+30.104, +9.942,+0.983
1648076580,+3.48,+30.112,+10.023,+0.984
1648076700,+3.48,+30.121,+10.098,+0.982
1648076820,+3.48,+30.095,+10.077,+0.983
1648076940,+3.48,+30.138,+10.104,+0.983
1648077060,+3.48,+30.147,+10.158,+0.983
1648077180,+3.47,+30.129,+10.120,+0.983
1648077300,+3.47,+30.164,+10.106,+0.983
1648077420,+3.48,+30.164,+10.086,+0.983
1648077540,+3.48,+30.181,+10.103,+0.982
1648077660,+3.47,+30.233,+10.127,+0.983
1648077780,+3.47,+30.285,+10.203,+0.982
