7450-735719
OS REV: 1.05 Sensor Cal: 1573748658
Time (sec),  BV (Volts),  T (deg C),  DO (mg/l),  Q ()
1648337460,+3.48,+30.164, +9.527,+0.983
1648337580,+3.48,+30.112, +9.481,+0.983
1648337700,+3.48,+30.069, +9.840,+0.983
1648337820,+3.48,+30.095, +9.929,+0.983
1648337940,+3.48,+30.207,+10.081,+0.982
1648338060,+3.48,+30.052, +9.564,+0.983
1648338180,+3.48,+30.069, +9.660,+0.982
1648338300,+3.48,+30.104, +9.935,+0.983
1648338420,+3.48,+30.026, +9.495,+0.981
1648338540,+3.48,+29.966, +9.382,+0.983
1648338660,+3.48,+29.931, +9.419,+0.984
1648338780,+3.48,+29.931, +9.442,+0.983
1648338900,+3.48,+29.957, +9.493,+0.983
1648339020,+3.48,+30.147,+10.147,+0.983
1648339140,+3.48,+30.043, +9.414,+0.984
1648339260,+3.48,+29.983, +9.358,+0.984
1648339380,+3.48,+30.035, +9.975,+0.982
1648339500,+3.48,+30.017, +9.620,+0.983
1648339620,+3.48,+30.052, +9.948,+0.983
1648339740,+3.48,+29.983, +9.499,+0.982
1648339860,+3.48,+30.060, +9.910,+0.982
1648339980,+3.48,+30.043, +9.954,+0.983
1648340100,+3.48,+30.000, +9.470,+0.982
1648340220,+3.48,+29.948, +9.397,+0.984
1648340340,+3.48,+30.026, +9.659,+0.984
1648340460,+3.48,+29.923, +9.324,+0.983
1648340580,+3.48,+29.991, +9.801,+0.982
1648340700,+3.48,+29.931, +9.452,+0.983
1648340820,+3.48,+29.923, +9.203,+0.984
1648340940,+3.48,+30.000, +9.482,+0.983
1648341060,+3.48,+30.009, +9.443,+0.983
1648341180,+3.48,+29.940, +9.482,+0.982
1648341300,+3.48,+29.991, +9.596,+0.982
1648341420,+3.48,+29.957, +9.379,+0.984
1648341540,+3.48,+29.871, +8.902,+0.982
1648341660,+3.48,+29.862, +9.306,+0.984
1648341780,+3.48,+29.948, +9.570,+0.984
1648341900,+3.48,+29.948, +9.328,+0.983
1648342020,+3.48,+29.888, +9.453,+0.983
1648342140,+3.48,+29.888, +9.465,+0.983
1648342260,+3.48,+29.888, +9.293,+0.982
1648342380,+3.48,+29.897, +9.403,+0.982
1648342500,+3.48,+29.914, +9.290,+0.984
1648342620,+3.48,+29.836, +8.971,+0.983
1648342740,+3.48,+29.966, +9.513,+0.983
1648342860,+3.48,+29.940, +9.182,+0.984
1648342980,+3.48,+29.871, +9.170,+0.983
1648343100,+3.48,+29.811, +9.302,+0.983
1648343220,+3.48,+29.819, +9.330,+0.984
1648343340,+3.48,+29.854, +9.166,+0.984
1648343460,+3.48,+29.828, +9.108,+0.984
1648343580,+3.48,+29.914, +9.322,+0.983
1648343700,+3.48,+29.914, +9.287,+0.984
1648343820,+3.48,+29.802, +9.354,+0.983
1648343940,+3.48,+29.905, +9.845,+0.983
1648344060,+3.47,+29.750, +9.167,+0.983
1648344180,+3.48,+29.854, +9.493,+0.983
1648344300,+3.48,+29.845, +9.622,+0.985
1648344420,+3.48,+29.888, +9.582,+0.984
1648344540,+3.48,+29.871, +9.319,+0.983
1648344660,+3.48,+29.828, +9.510,+0.984
1648344780,+3.48,+29.828, +9.689,+0.984
1648344900,+3.48,+29.836, +9.465,+0.983
1648345020,+3.48,+29.828, +9.346,+0.984
1648345140,+3.48,+29.793, +9.348,+0.985
1648345260,+3.48,+29.897, +9.575,+0.983
1648345380,+3.48,+29.845, +9.337,+0.984
1648345500,+3.48,+29.811, +9.307,+0.983
1648345620,+3.47,+29.793, +9.165,+0.983
1648345740,+3.48,+29.802, +9.058,+0.984
1648345860,+3.48,+29.776, +9.100,+0.983
1648345980,+3.48,+29.819, +9.142,+0.983
1648346100,+3.47,+29.793, +9.329,+0.984
1648346220,+3.47,+29.716, +9.112,+0.983
1648346340,+3.47,+29.724, +9.179,+0.984
1648346460,+3.47,+29.733, +9.457,+0.984
1648346580,+3.47,+29.724, +9.142,+0.983
1648346700,+3.47,+29.759, +9.283,+0.984
1648346820,+3.47,+29.767, +9.132,+0.983
1648346940,+3.47,+29.759, +9.356,+0.984
1648347060,+3.47,+29.681, +9.050,+0.983
1648347180,+3.47,+29.681, +9.135,+0.984
1648347300,+3.47,+29.681, +9.138,+0.982
1648347420,+3.47,+29.673, +9.164,+0.984
1648347540,+3.47,+29.681, +9.163,+0.983
1648347660,+3.47,+29.690, +9.272,+0.984
1648347780,+3.47,+29.733, +9.392,+0.983
1648347900,+3.47,+29.690, +9.349,+0.984
1648348020,+3.47,+29.707, +9.320,+0.983
1648348140,+3.47,+29.681, +9.161,+0.983
1648348260,+3.47,+29.673, +9.216,+0.982
1648348380,+3.47,+29.690, +9.343,+0.983
1648348500,+3.47,+29.681, +9.114,+0.983
1648348620,+3.47,+29.759, +9.402,+0.983
1648348740,+3.47,+29.733, +9.390,+0.983
1648348860,+3.47,+29.699, +9.044,+0.983
1648348980,+3.47,+29.724, +9.169,+0.984
1648349100,+3.47,+29.681, +8.991,+0.984
1648349220,+3.47,+29.656, +8.909,+0.983
1648349340,+3.47,+29.630, +8.813,+0.983
1648349460,+3.47,+29.613, +8.892,+0.984
1648349580,+3.47,+29.587, +8.838,+0.984
1648349700,+3.47,+29.638, +8.994,+0.983
1648349820,+3.47,+29.595, +8.785,+0.984
1648349940,+3.47,+29.570, +8.704,+0.984
1648350060,+3.47,+29.570, +8.689,+0.983
1648350180,+3.47,+29.535, +8.634,+0.983
1648350300,+3.47,+29.613, +8.829,+0.983
1648350420,+3.47,+29.604, +8.789,+0.984
1648350540,+3.47,+29.552, +8.460,+0.983
1648350660,+3.47,+29.509, +8.435,+0.984
1648350780,+3.47,+29.570, +8.489,+0.983
1648350900,+3.47,+29.492, +8.259,+0.983
1648351020,+3.47,+29.458, +8.091,+0.983
1648351140,+3.47,+29.406, +8.204,+0.983
1648351260,+3.48,+29.338, +7.966,+0.983
1648351380,+3.47,+29.372, +8.008,+0.982
1648351500,+3.47,+29.355, +8.087,+0.984
1648351620,+3.48,+29.295, +7.990,+0.983
1648351740,+3.48,+29.260, +7.785,+0.983
1648351860,+3.48,+29.277, +7.798,+0.983
1648351980,+3.48,+29.269, +7.769,+0.983
1648352100,+3.48,+29.295, +7.842,+0.982
1648352220,+3.48,+29.303, +7.929,+0.983
1648352340,+3.48,+29.295, +7.905,+0.982
1648352460,+3.48,+29.277, +7.674,+0.983
1648352580,+3.48,+29.286, +7.753,+0.983
1648352700,+3.48,+29.277, +7.920,+0.983
1648352820,+3.48,+29.252, +7.713,+0.983
1648352940,+3.48,+29.269, +7.751,+0.982
1648353060,+3.48,+29.209, +7.558,+0.983
1648353180,+3.48,+29.174, +7.607,+0.983
1648353300,+3.48,+29.217, +7.505,+0.983
1648353420,+3.48,+29.209, +7.548,+0.982
1648353540,+3.48,+29.209, +7.653,+0.984
1648353660,+3.48,+29.235, +7.405,+0.982
1648353780,+3.48,+29.089, +7.043,+0.982
1648353900,+3.48,+29.080, +7.352,+0.982
1648354020,+3.48,+29.140, +7.469,+0.984
1648354140,+3.48,+29.132, +7.313,+0.983
1648354260,+3.48,+29.149, +7.271,+0.983
1648354380,+3.48,+29.157, +7.169,+0.982
1648354500,+3.48,+29.157, +7.288,+0.982
1648354620,+3.48,+29.140, +7.277,+0.983
1648354740,+3.48,+29.157, +7.262,+0.982
1648354860,+3.48,+29.132, +7.212,+0.982
1648354980,+3.48,+29.157, +7.145,+0.982
1648355100,+3.48,+29.123, +7.149,+0.982
1648355220,+3.48,+29.097, +7.121,+0.983
1648355340,+3.48,+29.080, +7.056,+0.981
1648355460,+3.48,+29.123, +7.123,+0.982
1648355580,+3.48,+29.037, +6.898,+0.983
1648355700,+3.48,+29.132, +6.864,+0.981
1648355820,+3.48,+29.020, +6.647,+0.981
1648355940,+3.48,+29.012, +6.796,+0.983
1648356060,+3.48,+29.020, +6.898,+0.982
1648356180,+3.48,+29.037, +6.709,+0.982
1648356300,+3.48,+29.063, +6.774,+0.982
1648356420,+3.48,+29.063, +6.756,+0.982
1648356540,+3.48,+29.072, +6.768,+0.982
1648356660,+3.48,+29.037, +6.720,+0.982
1648356780,+3.48,+29.020, +6.580,+0.982
1648356900,+3.48,+29.037, +6.706,+0.982
1648357020,+3.48,+29.037, +6.636,+0.982
1648357140,+3.48,+29.029, +6.610,+0.983
1648357260,+3.48,+29.012, +6.610,+0.982
1648357380,+3.48,+28.977, +6.378,+0.981
1648357500,+3.48,+29.003, +6.599,+0.982
1648357620,+3.48,+29.054, +6.616,+0.982
1648357740,+3.48,+29.003, +6.525,+0.982
1648357860,+3.48,+28.986, +6.472,+0.981
1648357980,+3.48,+28.986, +6.443,+0.982
1648358100,+3.48,+28.977, +6.549,+0.982
1648358220,+3.48,+28.969, +6.427,+0.981
1648358340,+3.48,+29.003, +6.531,+0.981
1648358460,+3.48,+28.960, +6.450,+0.981
1648358580,+3.48,+28.917, +6.347,+0.981
1648358700,+3.48,+28.934, +6.425,+0.982
1648358820,+3.48,+28.943, +6.368,+0.981
1648358940,+3.48,+28.969, +6.594,+0.982
1648359060,+3.48,+29.020, +6.558,+0.981
1648359180,+3.48,+28.960, +6.317,+0.982
1648359300,+3.48,+28.926, +6.223,+0.981
1648359420,+3.48,+28.943, +6.375,+0.981
1648359540,+3.48,+28.874, +6.364,+0.982
1648359660,+3.48,+28.874, +6.213,+0.982
1648359780,+3.48,+28.900, +6.328,+0.980
1648359900,+3.48,+28.883, +6.304,+0.981
1648360020,+3.48,+28.866, +6.256,+0.982
1648360140,+3.48,+28.857, +6.203,+0.981
1648360260,+3.48,+28.857, +6.253,+0.982
1648360380,+3.48,+28.840, +6.247,+0.981
1648360500,+3.48,+28.866, +6.332,+0.982
1648360620,+3.48,+28.815, +6.103,+0.981
1648360740,+3.48,+28.755, +5.952,+0.981
1648360860,+3.48,+28.789, +6.119,+0.981
1648360980,+3.48,+28.772, +5.927,+0.981
1648361100,+3.48,+28.797, +6.091,+0.981
1648361220,+3.48,+28.797, +6.062,+0.981
1648361340,+3.48,+28.840, +6.207,+0.981
1648361460,+3.48,+28.840, +6.068,+0.980
1648361580,+3.48,+28.909, +6.216,+0.981
1648361700,+3.48,+28.892, +6.079,+0.981
1648361820,+3.48,+28.866, +5.995,+0.981
1648361940,+3.48,+28.849, +5.941,+0.982
1648362060,+3.48,+28.832, +5.965,+0.981
1648362180,+3.48,+28.917, +6.051,+0.981
1648362300,+3.48,+28.883, +5.872,+0.981
1648362420,+3.48,+28.900, +6.040,+0.982
1648362540,+3.48,+28.866, +5.879,+0.981
1648362660,+3.48,+28.806, +5.903,+0.981
1648362780,+3.48,+28.815, +6.082,+0.981
1648362900,+3.48,+28.789, +6.005,+0.982
1648363020,+3.48,+28.806, +5.974,+0.981
1648363140,+3.48,+28.772, +5.934,+0.981
1648363260,+3.48,+28.806, +5.898,+0.981
1648363380,+3.48,+28.866, +6.078,+0.981
1648363500,+3.48,+28.806, +5.973,+0.981
1648363620,+3.48,+28.806, +6.006,+0.981
1648363740,+3.48,+28.815, +5.959,+0.981
1648363860,+3.48,+28.815, +6.129,+0.982
1648363980,+3.48,+28.849, +6.126,+0.982
1648364100,+3.48,+28.797, +6.014,+0.981
1648364220,+3.48,+28.763, +5.881,+0.981
1648364340,+3.48,+28.746, +5.989,+0.981
1648364460,+3.48,+28.780, +6.044,+0.981
1648364580,+3.48,+28.772, +5.984,+0.981
1648364700,+3.48,+28.780, +6.279,+0.981
1648364820,+3.48,+28.686, +5.812,+0.980
1648364940,+3.48,+28.738, +6.149,+0.980
1648365060,+3.48,+28.738, +6.157,+0.981
1648365180,+3.48,+28.703, +6.007,+0.981
1648365300,+3.47,+28.712, +6.070,+0.980
1648365420,+3.48,+28.738, +6.211,+0.981
1648365540,+3.48,+28.806, +6.649,+0.982
1648365660,+3.48,+28.738, +6.060,+0.981
1648365780,+3.47,+28.678, +6.154,+0.981
1648365900,+3.48,+28.763, +6.575,+0.982
1648366020,+3.48,+28.755, +6.381,+0.981
1648366140,+3.48,+28.780, +6.242,+0.981
1648366260,+3.48,+28.832, +6.546,+0.981
1648366380,+3.48,+28.806, +6.450,+0.981
1648366500,+3.48,+28.729, +6.154,+0.981
1648366620,+3.47,+28.703, +6.102,+0.980
1648366740,+3.47,+28.661, +6.193,+0.981
1648366860,+3.48,+28.746, +6.553,+0.982
1648366980,+3.47,+28.669, +6.106,+0.980
1648367100,+3.47,+28.669, +6.232,+0.981
1648367220,+3.47,+28.652, +6.164,+0.980
1648367340,+3.47,+28.618, +6.088,+0.980
1648367460,+3.47,+28.635, +6.174,+0.981
1648367580,+3.47,+28.669, +6.374,+0.981
1648367700,+3.47,+28.661, +6.384,+0.981
1648367820,+3.47,+28.618, +6.194,+0.981
1648367940,+3.47,+28.626, +6.320,+0.981
1648368060,+3.47,+28.703, +6.577,+0.981
1648368180,+3.47,+28.669, +6.284,+0.981
1648368300,+3.48,+28.746, +6.472,+0.981
1648368420,+3.48,+28.738, +6.609,+0.982
1648368540,+3.47,+28.686, +6.258,+0.980
1648368660,+3.48,+28.797, +6.616,+0.981
1648368780,+3.48,+28.738, +6.552,+0.981
1648368900,+3.48,+28.857, +6.854,+0.982
1648369020,+3.48,+28.772, +6.271,+0.981
1648369140,+3.48,+28.772, +6.323,+0.980
1648369260,+3.48,+28.789, +6.601,+0.982
1648369380,+3.48,+28.806, +6.539,+0.981
1648369500,+3.48,+28.738, +6.344,+0.981
1648369620,+3.47,+28.686, +6.502,+0.981
1648369740,+3.47,+28.669, +6.263,+0.981
1648369860,+3.47,+28.643, +6.420,+0.981
1648369980,+3.47,+28.635, +6.415,+0.981
1648370100,+3.47,+28.695, +6.534,+0.981
1648370220,+3.47,+28.601, +6.166,+0.981
1648370340,+3.47,+28.678, +6.591,+0.981
1648370460,+3.47,+28.643, +6.445,+0.981
1648370580,+3.47,+28.584, +6.229,+0.981
1648370700,+3.47,+28.558, +6.302,+0.980
1648370820,+3.47,+28.558, +6.163,+0.981
1648370940,+3.47,+28.575, +6.300,+0.980
1648371060,+3.47,+28.558, +6.226,+0.981
1648371180,+3.48,+28.729, +6.743,+0.982
1648371300,+3.47,+28.686, +6.354,+0.981
1648371420,+3.47,+28.626, +6.268,+0.981
1648371540,+3.48,+28.755, +6.672,+0.981
1648371660,+3.48,+28.738, +6.439,+0.981
1648371780,+3.48,+28.755, +6.544,+0.980
1648371900,+3.48,+28.797, +6.737,+0.981
1648372020,+3.48,+28.832, +6.655,+0.982
1648372140,+3.47,+28.678, +6.374,+0.981
1648372260,+3.48,+28.840, +6.796,+0.981
1648372380,+3.48,+28.823, +6.623,+0.981
1648372500,+3.48,+28.806, +6.612,+0.982
1648372620,+3.48,+28.832, +6.744,+0.981
1648372740,+3.48,+28.815, +6.567,+0.981
1648372860,+3.48,+28.849, +6.714,+0.981
1648372980,+3.48,+28.866, +6.618,+0.981
1648373100,+3.48,+28.806, +6.592,+0.981
1648373220,+3.48,+28.857, +6.752,+0.982
1648373340,+3.48,+28.849, +6.598,+0.982
1648373460,+3.48,+28.874, +6.673,+0.981
1648373580,+3.48,+28.823, +6.543,+0.982
1648373700,+3.48,+28.797, +6.522,+0.981
1648373820,+3.48,+28.823, +6.562,+0.981
1648373940,+3.48,+28.772, +6.491,+0.981
1648374060,+3.48,+28.806, +6.565,+0.981
1648374180,+3.48,+28.840, +6.555,+0.981
1648374300,+3.48,+28.772, +6.345,+0.981
1648374420,+3.48,+28.832, +6.555,+0.981
1648374540,+3.48,+28.883, +6.571,+0.981
1648374660,+3.48,+28.857, +6.506,+0.982
1648374780,+3.48,+28.849, +6.417,+0.981
1648374900,+3.48,+28.780, +6.333,+0.981
1648375020,+3.48,+28.738, +6.254,+0.980
1648375140,+3.48,+28.806, +6.517,+0.981
1648375260,+3.48,+28.755, +6.331,+0.981
1648375380,+3.48,+28.729, +6.339,+0.981
1648375500,+3.47,+28.643, +6.172,+0.981
1648375620,+3.47,+28.584, +6.056,+0.981
1648375740,+3.47,+28.566, +6.023,+0.981
1648375860,+3.47,+28.549, +5.857,+0.980
1648375980,+3.47,+28.507, +5.907,+0.980
1648376100,+3.47,+28.498, +6.049,+0.981
1648376220,+3.47,+28.464, +5.834,+0.980
1648376340,+3.47,+28.404, +5.834,+0.980
1648376460,+3.47,+28.413, +5.862,+0.980
1648376580,+3.47,+28.353, +5.679,+0.980
1648376700,+3.47,+28.302, +5.617,+0.980
1648376820,+3.47,+28.310, +5.474,+0.980
1648376940,+3.47,+28.276, +5.593,+0.980
1648377060,+3.47,+28.268, +5.527,+0.980
1648377180,+3.48,+28.259, +5.663,+0.980
1648377300,+3.47,+28.268, +5.619,+0.980
1648377420,+3.48,+28.259, +5.531,+0.980
1648377540,+3.47,+28.285, +5.599,+0.980
1648377660,+3.47,+28.336, +5.769,+0.980
1648377780,+3.47,+28.276, +5.530,+0.980
1648377900,+3.47,+28.327, +5.707,+0.980
1648378020,+3.47,+28.293, +5.614,+0.980
1648378140,+3.48,+28.250, +5.518,+0.980
1648378260,+3.47,+28.310, +5.598,+0.980
1648378380,+3.47,+28.285, +5.498,+0.980
1648378500,+3.47,+28.302, +5.503,+0.980
1648378620,+3.47,+28.302, +5.590,+0.980
1648378740,+3.47,+28.285, +5.479,+0.980
1648378860,+3.47,+28.242, +5.394,+0.980
1648378980,+3.47,+28.242, +5.421,+0.980
1648379100,+3.47,+28.233, +5.317,+0.979
1648379220,+3.47,+28.208, +5.219,+0.980
1648379340,+3.47,+28.259, +5.338,+0.980
1648379460,+3.47,+28.233, +5.279,+0.980
1648379580,+3.47,+28.250, +5.390,+0.980
1648379700,+3.48,+28.191, +5.213,+0.979
1648379820,+3.48,+28.191, +5.181,+0.979
1648379940,+3.47,+28.182, +5.173,+0.980
1648380060,+3.48,+28.199, +5.165,+0.980
1648380180,+3.47,+28.216, +5.311,+0.980
1648380300,+3.48,+28.148, +5.067,+0.980
1648380420,+3.48,+28.148, +5.002,+0.979
1648380540,+3.47,+28.157, +5.128,+0.979
1648380660,+3.47,+28.233, +5.210,+0.979
1648380780,+3.47,+28.157, +4.945,+0.979
1648380900,+3.47,+28.216, +5.244,+0.979
1648381020,+3.48,+28.123, +5.102,+0.980
1648381140,+3.48,+28.088, +4.873,+0.979
1648381260,+3.48,+28.105, +4.891,+0.979
1648381380,+3.48,+28.114, +4.985,+0.979
1648381500,+3.48,+28.088, +4.871,+0.979
1648381620,+3.48,+28.054, +4.814,+0.979
1648381740,+3.48,+28.088, +4.936,+0.979
1648381860,+3.48,+28.046, +4.798,+0.979
1648381980,+3.48,+28.054, +4.864,+0.979
1648382100,+3.47,+28.071, +4.837,+0.979
1648382220,+3.47,+28.063, +4.850,+0.979
1648382340,+3.47,+28.105, +5.088,+0.980
1648382460,+3.47,+28.063, +4.896,+0.979
1648382580,+3.47,+28.071, +4.857,+0.979
1648382700,+3.48,+28.063, +4.803,+0.979
1648382820,+3.48,+28.012, +4.678,+0.979
1648382940,+3.48,+28.046, +4.809,+0.979
1648383060,+3.48,+28.046, +4.772,+0.979
1648383180,+3.48,+27.995, +4.706,+0.979
1648383300,+3.48,+28.012, +4.794,+0.979
1648383420,+3.48,+28.071, +5.110,+0.980
1648383540,+3.48,+28.029, +4.790,+0.979
1648383660,+3.48,+28.037, +4.713,+0.979
1648383780,+3.48,+28.020, +4.772,+0.979
1648383900,+3.48,+28.046, +4.761,+0.979
1648384020,+3.48,+28.063, +4.901,+0.979
1648384140,+3.48,+28.054, +4.961,+0.979
1648384260,+3.48,+28.054, +4.803,+0.979
1648384380,+3.48,+28.037, +4.810,+0.979
1648384500,+3.47,+28.063, +4.921,+0.980
1648384620,+3.48,+28.046, +4.828,+0.979
1648384740,+3.48,+28.037, +4.797,+0.980
1648384860,+3.48,+28.012, +4.736,+0.978
1648384980,+3.47,+28.037, +4.899,+0.979
1648385100,+3.48,+28.012, +4.746,+0.979
1648385220,+3.47,+28.003, +4.789,+0.979
1648385340,+3.48,+28.037, +4.888,+0.979
1648385460,+3.47,+28.063, +4.894,+0.979
1648385580,+3.47,+28.063, +4.795,+0.979
1648385700,+3.47,+28.063, +4.880,+0.979
1648385820,+3.47,+28.054, +4.860,+0.980
1648385940,+3.47,+28.097, +4.881,+0.979
1648386060,+3.47,+28.088, +4.838,+0.979
1648386180,+3.47,+28.054, +4.916,+0.980
1648386300,+3.48,+28.029, +4.797,+0.980
1648386420,+3.47,+28.046, +4.852,+0.979
1648386540,+3.47,+28.046, +4.823,+0.979
1648386660,+3.48,+27.995, +4.611,+0.979
1648386780,+3.48,+27.978, +4.644,+0.979
1648386900,+3.47,+28.054, +4.714,+0.979
1648387020,+3.47,+28.054, +4.695,+0.979
1648387140,+3.48,+28.037, +4.730,+0.979
1648387260,+3.48,+28.020, +4.617,+0.979
1648387380,+3.47,+28.071, +4.756,+0.980
1648387500,+3.47,+28.080, +4.707,+0.979
1648387620,+3.48,+28.012, +4.567,+0.979
1648387740,+3.48,+28.020, +4.562,+0.979
1648387860,+3.47,+28.071, +4.703,+0.980
1648387980,+3.47,+28.080, +4.677,+0.979
1648388100,+3.47,+28.114, +4.652,+0.979
1648388220,+3.47,+28.080, +4.553,+0.979
1648388340,+3.47,+28.071, +4.575,+0.979
1648388460,+3.47,+28.063, +4.429,+0.979
1648388580,+3.47,+28.097, +4.527,+0.979
1648388700,+3.47,+28.088, +4.491,+0.979
1648388820,+3.47,+28.140, +4.386,+0.979
1648388940,+3.47,+28.080, +4.269,+0.979
1648389060,+3.47,+28.063, +4.201,+0.979
1648389180,+3.47,+28.088, +4.285,+0.979
1648389300,+3.47,+28.114, +4.129,+0.978
1648389420,+3.47,+28.071, +4.071,+0.979
1648389540,+3.47,+28.114, +4.099,+0.979
1648389660,+3.47,+28.105, +4.028,+0.979
1648389780,+3.47,+28.054, +3.916,+0.979
1648389900,+3.47,+28.114, +4.066,+0.979
1648390020,+3.47,+28.114, +3.946,+0.979
1648390140,+3.47,+28.097, +3.943,+0.979
1648390260,+3.47,+28.148, +3.949,+0.979
1648390380,+3.47,+28.088, +3.893,+0.979
1648390500,+3.47,+28.148, +3.998,+0.979
1648390620,+3.47,+28.088, +3.905,+0.979
1648390740,+3.47,+28.097, +3.867,+0.979
1648390860,+3.47,+28.088, +3.840,+0.979
1648390980,+3.47,+28.088, +3.883,+0.979
1648391100,+3.47,+28.105, +3.927,+0.979
1648391220,+3.47,+28.114, +3.872,+0.979
1648391340,+3.47,+28.123, +3.921,+0.979
1648391460,+3.47,+28.105, +3.850,+0.979
1648391580,+3.47,+28.114, +3.833,+0.979
1648391700,+3.47,+28.097, +3.726,+0.979
1648391820,+3.47,+28.105, +3.901,+0.979
1648391940,+3.47,+28.097, +3.965,+0.979
1648392060,+3.47,+28.071, +4.029,+0.979
1648392180,+3.47,+28.097, +4.016,+0.979
1648392300,+3.47,+28.037, +3.916,+0.979
1648392420,+3.48,+27.986, +3.984,+0.979
1648392540,+3.48,+27.909, +4.008,+0.979
1648392660,+3.48,+27.952, +3.900,+0.979
1648392780,+3.48,+27.961, +3.971,+0.979
1648392900,+3.48,+27.927, +4.131,+0.979
1648393020,+3.48,+27.918, +4.078,+0.979
1648393140,+3.48,+27.884, +4.052,+0.979
1648393260,+3.48,+27.816, +4.081,+0.978
1648393380,+3.48,+27.807, +4.057,+0.979
1648393500,+3.48,+27.824, +4.099,+0.979
1648393620,+3.48,+27.790, +4.038,+0.979
1648393740,+3.48,+27.824, +4.091,+0.979
1648393860,+3.48,+27.816, +4.073,+0.979
1648393980,+3.48,+27.807, +3.919,+0.979
1648394100,+3.48,+27.799, +3.910,+0.979
1648394220,+3.48,+27.790, +3.925,+0.979
1648394340,+3.48,+27.833, +3.931,+0.978
1648394460,+3.48,+27.841, +3.872,+0.979
1648394580,+3.48,+27.867, +3.855,+0.979
1648394700,+3.48,+27.867, +3.861,+0.979
1648394820,+3.48,+27.841, +3.836,+0.979
1648394940,+3.48,+27.824, +3.676,+0.979
1648395060,+3.48,+27.858, +3.758,+0.979
1648395180,+3.48,+27.841, +3.727,+0.979
1648395300,+3.48,+27.867, +3.790,+0.979
1648395420,+3.48,+27.884, +3.836,+0.979
1648395540,+3.48,+27.850, +3.755,+0.979
1648395660,+3.48,+27.833, +3.922,+0.979
1648395780,+3.48,+27.833, +3.932,+0.979
1648395900,+3.48,+27.816, +3.959,+0.978
1648396020,+3.48,+27.824, +3.953,+0.979
1648396140,+3.48,+27.790, +3.969,+0.979
1648396260,+3.48,+27.773, +3.956,+0.978
1648396380,+3.48,+27.773, +3.988,+0.979
1648396500,+3.48,+27.773, +3.984,+0.979
1648396620,+3.48,+27.773, +4.023,+0.979
1648396740,+3.48,+27.756, +3.966,+0.979
1648396860,+3.48,+27.773, +3.921,+0.979
1648396980,+3.48,+27.799, +4.038,+0.979
1648397100,+3.48,+27.765, +4.008,+0.979
1648397220,+3.48,+27.773, +3.974,+0.979
1648397340,+3.48,+27.782, +3.984,+0.979
1648397460,+3.48,+27.807, +3.953,+0.978
1648397580,+3.48,+27.799, +4.011,+0.979
1648397700,+3.48,+27.790, +3.908,+0.979
1648397820,+3.48,+27.790, +3.874,+0.979
1648397940,+3.48,+27.756, +3.772,+0.979
1648398060,+3.48,+27.773, +3.782,+0.979
1648398180,+3.48,+27.807, +3.903,+0.979
1648398300,+3.48,+27.833, +3.922,+0.979
1648398420,+3.48,+27.841, +3.902,+0.978
1648398540,+3.48,+27.833, +3.856,+0.979
1648398660,+3.48,+27.799, +3.806,+0.979
1648398780,+3.48,+27.790, +3.680,+0.979
1648398900,+3.48,+27.799, +3.731,+0.979
1648399020,+3.48,+27.807, +3.686,+0.979
1648399140,+3.48,+27.807, +3.748,+0.979
1648399260,+3.48,+27.765, +3.710,+0.979
1648399380,+3.48,+27.731, +3.664,+0.979
1648399500,+3.48,+27.765, +3.776,+0.979
1648399620,+3.48,+27.782, +3.870,+0.979
1648399740,+3.48,+27.807, +3.946,+0.979
1648399860,+3.48,+27.841, +3.964,+0.979
1648399980,+3.48,+27.824, +3.928,+0.979
1648400100,+3.48,+27.790, +3.908,+0.978
1648400220,+3.48,+27.773, +3.863,+0.979
1648400340,+3.48,+27.807, +3.798,+0.978
1648400460,+3.48,+27.824, +3.872,+0.979
1648400580,+3.48,+27.833, +3.815,+0.978
1648400700,+3.48,+27.850, +3.861,+0.979
1648400820,+3.48,+27.833, +3.796,+0.978
1648400940,+3.48,+27.824, +3.767,+0.979
1648401060,+3.48,+27.867, +3.861,+0.979
1648401180,+3.48,+27.833, +3.757,+0.979
1648401300,+3.48,+27.833, +3.819,+0.979
1648401420,+3.48,+27.850, +3.769,+0.978
1648401540,+3.48,+27.858, +3.838,+0.978
1648401660,+3.48,+27.850, +3.753,+0.978
1648401780,+3.47,+27.884, +3.774,+0.979
1648401900,+3.48,+27.841, +3.665,+0.978
1648402020,+3.48,+27.858, +3.825,+0.979
1648402140,+3.48,+27.858, +3.803,+0.978
1648402260,+3.48,+27.816, +3.669,+0.978
1648402380,+3.48,+27.782, +3.836,+0.978
1648402500,+3.48,+27.782, +3.852,+0.979
1648402620,+3.48,+27.799, +3.911,+0.979
1648402740,+3.48,+27.782, +3.837,+0.979
1648402860,+3.48,+27.705, +3.894,+0.978
1648402980,+3.48,+27.705, +4.037,+0.978
1648403100,+3.48,+27.722, +4.078,+0.979
1648403220,+3.48,+27.756, +3.998,+0.979
1648403340,+3.48,+27.799, +4.069,+0.979
1648403460,+3.48,+27.739, +4.107,+0.978
1648403580,+3.48,+27.765, +4.064,+0.979
1648403700,+3.48,+27.756, +4.113,+0.978
1648403820,+3.48,+27.739, +4.274,+0.978
1648403940,+3.48,+27.799, +4.468,+0.978
1648404060,+3.48,+27.739, +4.330,+0.979
1648404180,+3.48,+27.688, +4.272,+0.978
1648404300,+3.48,+27.739, +4.474,+0.978
1648404420,+3.48,+27.833, +4.821,+0.979
1648404540,+3.48,+27.858, +4.729,+0.978
1648404660,+3.48,+27.833, +4.785,+0.979
1648404780,+3.48,+27.807, +4.747,+0.979
1648404900,+3.48,+27.875, +4.960,+0.978
1648405020,+3.48,+27.858, +4.917,+0.979
1648405140,+3.47,+27.927, +5.168,+0.979
1648405260,+3.47,+27.952, +5.131,+0.979
1648405380,+3.47,+27.935, +5.183,+0.979
1648405500,+3.47,+27.935, +5.148,+0.979
1648405620,+3.48,+27.927, +5.220,+0.979
1648405740,+3.47,+27.969, +5.274,+0.979
1648405860,+3.47,+28.012, +5.427,+0.979
1648405980,+3.47,+28.088, +5.532,+0.979
1648406100,+3.47,+28.063, +5.497,+0.979
1648406220,+3.47,+28.123, +5.625,+0.979
1648406340,+3.47,+28.037, +5.439,+0.979
1648406460,+3.47,+28.097, +5.493,+0.980
1648406580,+3.47,+28.131, +5.508,+0.979
1648406700,+3.47,+28.123, +5.582,+0.980
1648406820,+3.47,+28.165, +5.719,+0.980
1648406940,+3.47,+28.191, +5.778,+0.980
1648407060,+3.47,+28.216, +5.958,+0.980
1648407180,+3.47,+28.174, +5.765,+0.980
1648407300,+3.47,+28.191, +5.807,+0.980
1648407420,+3.47,+28.216, +5.980,+0.980
1648407540,+3.47,+28.259, +6.028,+0.980
1648407660,+3.47,+28.268, +6.082,+0.980
1648407780,+3.47,+28.276, +6.055,+0.980
1648407900,+3.47,+28.285, +6.100,+0.981
1648408020,+3.47,+28.353, +6.279,+0.980
1648408140,+3.47,+28.310, +6.280,+0.981
1648408260,+3.47,+28.370, +6.366,+0.980
1648408380,+3.47,+28.455, +6.658,+0.981
1648408500,+3.47,+28.438, +6.400,+0.980
1648408620,+3.47,+28.421, +6.576,+0.980
1648408740,+3.47,+28.507, +6.751,+0.981
1648408860,+3.47,+28.507, +6.576,+0.979
1648408980,+3.47,+28.558, +6.788,+0.980
1648409100,+3.47,+28.549, +6.870,+0.981
1648409220,+3.47,+28.584, +6.879,+0.981
1648409340,+3.47,+28.609, +6.915,+0.981
1648409460,+3.47,+28.652, +6.896,+0.981
1648409580,+3.47,+28.720, +7.185,+0.982
1648409700,+3.47,+28.729, +7.109,+0.981
1648409820,+3.47,+28.669, +7.103,+0.981
1648409940,+3.47,+28.755, +7.315,+0.982
1648410060,+3.47,+28.686, +7.137,+0.981
1648410180,+3.47,+28.712, +7.192,+0.982
1648410300,+3.48,+28.806, +7.579,+0.982
1648410420,+3.48,+28.738, +7.286,+0.982
1648410540,+3.47,+28.780, +7.451,+0.982
1648410660,+3.48,+28.815, +7.631,+0.982
1648410780,+3.48,+28.823, +7.489,+0.982
1648410900,+3.48,+28.849, +7.666,+0.982
1648411020,+3.48,+28.874, +7.691,+0.983
1648411140,+3.48,+28.917, +7.875,+0.982
1648411260,+3.47,+28.994, +7.982,+0.981
1648411380,+3.47,+29.054, +8.238,+0.982
1648411500,+3.47,+29.106, +8.595,+0.982
1648411620,+3.47,+29.132, +8.531,+0.983
1648411740,+3.47,+29.166, +8.437,+0.981
1648411860,+3.47,+29.114, +8.358,+0.982
1648411980,+3.47,+29.209, +8.737,+0.983
1648412100,+3.47,+29.209, +8.439,+0.982
1648412220,+3.47,+29.183, +8.278,+0.982
1648412340,+3.47,+29.200, +8.262,+0.982
1648412460,+3.47,+29.200, +8.264,+0.983
1648412580,+3.47,+29.123, +7.989,+0.982
1648412700,+3.47,+29.260, +8.440,+0.983
1648412820,+3.47,+29.217, +8.387,+0.983
1648412940,+3.47,+29.209, +8.382,+0.982
1648413060,+3.47,+29.363, +8.675,+0.983
1648413180,+3.47,+29.269, +8.605,+0.983
1648413300,+3.47,+29.346, +8.868,+0.982
1648413420,+3.47,+29.338, +8.760,+0.982
1648413540,+3.47,+29.415, +9.321,+0.984
1648413660,+3.47,+29.458, +9.115,+0.983
1648413780,+3.47,+29.587, +9.674,+0.982
1648413900,+3.47,+29.587, +9.467,+0.983
1648414020,+3.47,+29.664, +9.645,+0.983
1648414140,+3.47,+29.716, +9.508,+0.983
1648414260,+3.47,+29.630, +9.240,+0.982
1648414380,+3.47,+29.733, +9.802,+0.984
1648414500,+3.47,+29.793,+10.042,+0.983
1648414620,+3.48,+29.828, +9.850,+0.983
1648414740,+3.48,+29.845,+10.197,+0.983
1648414860,+3.48,+29.836,+10.145,+0.983
1648414980,+3.48,+29.871,+10.499,+0.983
1648415100,+3.48,+29.888,+10.552,+0.983
1648415220,+3.48,+29.914,+10.045,+0.983
1648415340,+3.48,+29.897,+10.046,+0.983
1648415460,+3.48,+29.957,+10.044,+0.983
1648415580,+3.48,+29.991,+10.168,+0.982
1648415700,+3.48,+30.017,+10.342,+0.983
1648415820,+3.48,+30.017,+10.641,+0.983
1648415940,+3.48,+30.052,+10.790,+0.983
1648416060,+3.48,+30.086,+10.542,+0.984
1648416180,+3.48,+30.095,+10.312,+0.983
1648416300,+3.48,+30.121,+10.371,+0.983
1648416420,+3.48,+30.190,+10.848,+0.983
1648416540,+3.48,+30.173,+10.966,+0.983
1648416660,+3.48,+30.207,+11.237,+0.983
1648416780,+3.47,+30.250,+11.231,+0.983
1648416900,+3.47,+30.268,+11.408,+0.982
1648417020,+3.47,+30.285,+11.526,+0.984
1648417140,+3.48,+30.285,+11.250,+0.983
1648417260,+3.48,+30.276,+11.061,+0.982
1648417380,+3.48,+30.302,+11.135,+0.983
1648417500,+3.48,+30.285,+11.201,+0.982
1648417620,+3.48,+30.294,+11.356,+0.982
1648417740,+3.48,+30.311,+11.788,+0.982
1648417860,+3.47,+30.337,+11.829,+0.983
1648417980,+3.47,+30.371,+11.857,+0.982
1648418100,+3.47,+30.397,+11.778,+0.983
1648418220,+3.47,+30.389,+11.696,+0.982
1648418340,+3.47,+30.397,+12.109,+0.982
1648418460,+3.47,+30.415,+11.503,+0.982
1648418580,+3.47,+30.432,+11.716,+0.980
1648418700,+3.47,+30.423,+11.577,+0.983
1648418820,+3.47,+30.449,+11.775,+0.982
1648418940,+3.47,+30.492,+11.775,+0.983
1648419060,+3.47,+30.536,+12.061,+0.981
1648419180,+3.47,+30.544,+11.878,+0.983
1648419300,+3.47,+30.544,+11.780,+0.982
1648419420,+3.47,+30.527,+11.314,+0.984
1648419540,+3.47,+30.510,+11.173,+0.981
1648419660,+3.47,+30.536,+11.138,+0.984
1648419780,+3.47,+30.510,+11.143,+0.983
1648419900,+3.48,+30.492,+11.221,+0.984
1648420020,+3.48,+30.466,+11.232,+0.983
1648420140,+3.48,+30.484,+11.514,+0.984
1648420260,+3.48,+30.492,+11.868,+0.982
1648420380,+3.48,+30.501,+12.175,+0.981
1648420500,+3.47,+30.544,+12.176,+0.981
1648420620,+3.47,+30.553,+12.007,+0.981
1648420740,+3.47,+30.536,+11.379,+0.981
1648420860,+3.48,+30.492, +9.893,+0.982
1648420980,+3.48,+30.492, +9.846,+0.983
1648421100,+3.48,+30.466,+10.848,+0.982
1648421220,+3.48,+30.466,+10.494,+0.983
1648421340,+3.48,+30.432,+10.532,+0.982
1648421460,+3.48,+30.449,+11.208,+0.981
1648421580,+3.48,+30.475,+11.061,+0.982
1648421700,+3.48,+30.484,+10.565,+0.983
1648421820,+3.48,+30.518,+11.653,+0.982
1648421940,+3.47,+30.579,+12.201,+0.982
1648422060,+3.48,+30.570,+11.574,+0.982
1648422180,+3.47,+30.579,+11.638,+0.982
1648422300,+3.47,+30.588,+11.485,+0.981
1648422420,+3.48,+30.605,+12.101,+0.981
1648422540,+3.47,+30.588,+11.698,+0.983
1648422660,+3.47,+30.605,+11.845,+0.981
1648422780,+3.47,+30.674,+12.111,+0.981
1648422900,+3.47,+30.648,+11.930,+0.982
1648423020,+3.47,+30.622,+12.169,+0.982
1648423140,+3.47,+30.622,+11.810,+0.980
1648423260,+3.47,+30.674,+12.330,+0.983
1648423380,+3.47,+30.665,+11.995,+0.981
1648423500,+3.47,+30.639,+11.716,+0.981
1648423620,+3.47,+30.622,+11.938,+0.980
1648423740,+3.47,+30.596,+11.632,+0.982
1648423860,+3.48,+30.665,+11.978,+0.981
