7450-735719
OS REV: 1.05 Sensor Cal: 1573748658
Time (sec),  BV (Volts),  T (deg C),  DO (mg/l),  Q ()
1628722500,+3.47,+27.272, +7.820,+0.976
1628722560,+3.47,+27.102, +7.840,+0.975
1628722620,+3.47,+26.848, +7.872,+0.975
1628722680,+3.47,+26.645, +7.913,+0.975
1628722740,+3.47,+26.475, +7.946,+0.975
1628722800,+3.47,+26.365, +7.958,+0.974
1628722860,+3.47,+26.154, +7.969,+0.974
1628722920,+3.47,+25.901, +8.013,+0.973
1628722980,+3.47,+25.732, +8.356,+0.976
1628723040,+3.47,+26.382, +8.957,+0.976
1628723100,+3.47,+26.704, +8.934,+0.976
1628723160,+3.47,+26.907, +8.913,+0.976
1628723220,+3.47,+27.017, +8.888,+0.976
1628723280,+3.47,+27.119, +8.783,+0.975
1628723340,+3.47,+27.144, +8.864,+0.976
1628723400,+3.47,+27.161, +8.902,+0.976
1628723460,+3.47,+27.212, +8.911,+0.976
1628723520,+3.47,+27.255, +8.914,+0.976
1628723580,+3.47,+27.246, +8.956,+0.976
1628723640,+3.47,+27.289, +9.016,+0.976
1628723700,+3.47,+27.314, +9.024,+0.976
1628723760,+3.46,+27.331, +9.057,+0.976
1628723820,+3.46,+27.374, +9.049,+0.976
1628723880,+3.46,+27.391, +8.384,+0.975
1628723940,+3.46,+27.348, +8.653,+0.976
1628724000,+3.46,+27.416, +7.860,+0.976
1628724060,+3.46,+27.459, +8.828,+0.976
1628724120,+3.46,+27.493, +9.103,+0.976
1628724180,+3.46,+27.552, +7.957,+0.975
1628724240,+3.46,+27.552, +8.736,+0.976
1628724300,+3.46,+27.561, +8.784,+0.977
1628724360,+3.47,+27.629, +8.067,+0.975
1628724420,+3.47,+27.654, +7.809,+0.975
1628724480,+3.47,+27.654, +8.944,+0.976
1628724540,+3.47,+27.680, +7.942,+0.976
1628724600,+3.47,+27.697, +7.973,+0.976
1628724660,+3.47,+27.714, +7.898,+0.975
1628724720,+3.47,+27.739, +7.806,+0.976
1628724780,+3.47,+27.748, +7.841,+0.975
1628724840,+3.47,+27.765, +8.175,+0.975
1628724900,+3.47,+27.748, +8.351,+0.975
1628724960,+3.47,+27.773, +7.796,+0.976
1628725020,+3.47,+27.799, +8.498,+0.976
1628725080,+3.47,+27.790, +8.615,+0.976
1628725140,+3.47,+27.790, +8.431,+0.975
1628725200,+3.47,+27.790, +7.960,+0.975
1628725260,+3.47,+27.799, +8.143,+0.975
1628725320,+3.47,+27.807, +8.250,+0.976
1628725380,+3.47,+27.799, +7.785,+0.975
1628725440,+3.47,+27.824, +9.159,+0.976
1628725500,+3.47,+27.841, +8.416,+0.975
1628725560,+3.47,+27.841, +7.982,+0.976
1628725620,+3.47,+27.824, +7.857,+0.975
1628725680,+3.47,+27.884, +7.774,+0.974
1628725740,+3.47,+27.995, +7.773,+0.976
1628725800,+3.47,+27.969, +9.009,+0.975
1628725860,+3.47,+27.952, +8.490,+0.975
1628725920,+3.47,+28.029, +7.838,+0.975
1628725980,+3.47,+27.978, +7.787,+0.976
1628726040,+3.47,+28.012, +7.737,+0.975
1628726100,+3.47,+27.978, +8.367,+0.975
1628726160,+3.47,+27.986, +8.490,+0.975
1628726220,+3.47,+27.978, +9.155,+0.975
1628726280,+3.47,+27.986, +7.747,+0.975
1628726340,+3.47,+28.063, +8.533,+0.975
1628726400,+3.47,+28.046, +8.417,+0.975
1628726460,+3.47,+28.037, +9.181,+0.976
1628726520,+3.47,+28.046, +8.308,+0.976
1628726580,+3.47,+28.088, +7.914,+0.975
1628726640,+3.47,+28.080, +8.023,+0.975
1628726700,+3.47,+28.157, +8.438,+0.974
1628726760,+3.47,+28.097, +8.013,+0.975
1628726820,+3.47,+28.080, +9.406,+0.976
1628726880,+3.47,+28.097, +7.831,+0.976
1628726940,+3.47,+28.063, +8.653,+0.975
1628727000,+3.47,+28.037, +8.092,+0.975
1628727060,+3.47,+28.003, +7.934,+0.975
1628727120,+3.47,+27.986, +8.767,+0.975
1628727180,+3.47,+27.986, +9.096,+0.975
1628727240,+3.47,+27.978, +9.411,+0.976
1628727300,+3.47,+27.782, +7.769,+0.974
1628727360,+3.47,+27.280, +7.851,+0.974
1628727420,+3.47,+26.780, +7.940,+0.973
1628727480,+3.47,+26.526, +7.958,+0.972
1628727540,+3.47,+26.298, +7.996,+0.973
1628727600,+3.47,+26.222, +8.008,+0.973
1628727660,+3.47,+26.357, +9.107,+0.975
1628727720,+3.47,+27.000, +9.546,+0.976
1628727780,+3.47,+27.289, +9.590,+0.976
1628727840,+3.46,+27.476, +9.636,+0.977
1628727900,+3.47,+27.578, +9.599,+0.976
1628727960,+3.47,+27.629, +9.650,+0.977
1628728020,+3.47,+27.663, +9.656,+0.976
1628728080,+3.47,+27.697, +9.679,+0.977
1628728140,+3.47,+27.722, +9.642,+0.977
1628728200,+3.47,+27.731, +9.702,+0.977
1628728260,+3.47,+27.748, +9.702,+0.977
1628728320,+3.47,+27.748, +9.705,+0.977
1628728380,+3.47,+27.748, +9.708,+0.977
1628728440,+3.47,+27.731, +9.718,+0.977
1628728500,+3.47,+27.739, +9.704,+0.977
1628728560,+3.47,+27.739, +9.713,+0.977
1628728620,+3.47,+27.731, +9.720,+0.977
1628728680,+3.47,+27.731, +9.697,+0.977
1628728740,+3.47,+27.722, +9.698,+0.976
1628728800,+3.47,+27.714, +9.707,+0.977
1628728860,+3.47,+27.714, +9.711,+0.977
1628728920,+3.47,+27.722, +9.738,+0.978
1628728980,+3.47,+27.714, +9.742,+0.977
1628729040,+3.47,+27.714, +9.740,+0.977
1628729100,+3.47,+27.705, +9.736,+0.977
1628729160,+3.47,+27.697, +9.706,+0.977
1628729220,+3.47,+27.697, +9.704,+0.977
1628729280,+3.47,+27.697, +9.691,+0.976
1628729340,+3.47,+27.697, +9.671,+0.976
1628729400,+3.47,+27.671, +9.669,+0.977
1628729460,+3.47,+27.671, +9.660,+0.977
1628729520,+3.47,+27.671, +9.646,+0.978
1628729580,+3.47,+27.646, +9.650,+0.978
1628729640,+3.47,+27.654, +9.651,+0.977
1628729700,+3.47,+27.646, +9.630,+0.978
1628729760,+3.47,+27.646, +9.614,+0.978
1628729820,+3.47,+27.654, +9.593,+0.977
1628729880,+3.47,+27.637, +9.592,+0.977
1628729940,+3.47,+27.629, +9.547,+0.977
1628730000,+3.47,+27.629, +9.556,+0.978
1628730060,+3.47,+27.620, +9.543,+0.977
1628730120,+3.47,+27.612, +9.519,+0.977
1628730180,+3.47,+27.620, +9.509,+0.977
1628730240,+3.47,+27.603, +9.498,+0.977
1628730300,+3.47,+27.603, +9.498,+0.977
1628730360,+3.47,+27.603, +9.509,+0.977
1628730420,+3.47,+27.586, +9.458,+0.977
1628730480,+3.47,+27.595, +9.460,+0.977
1628730540,+3.47,+27.586, +9.450,+0.977
1628730600,+3.47,+27.595, +9.414,+0.976
1628730660,+3.47,+27.603, +9.421,+0.977
1628730720,+3.47,+27.586, +9.455,+0.977
1628730780,+3.47,+27.595, +9.468,+0.977
1628730840,+3.47,+27.595, +9.444,+0.976
1628730900,+3.47,+27.620, +9.475,+0.977
1628730960,+3.47,+27.629, +9.503,+0.977
1628731020,+3.47,+27.637, +9.519,+0.977
1628731080,+3.47,+27.654, +9.509,+0.977
1628731140,+3.47,+27.654, +9.521,+0.977
1628731200,+3.47,+27.663, +9.555,+0.977
1628731260,+3.47,+27.680, +9.545,+0.977
1628731320,+3.47,+27.697, +9.548,+0.977
1628731380,+3.47,+27.722, +9.516,+0.977
1628731440,+3.47,+27.731, +9.528,+0.977
1628731500,+3.47,+27.765, +9.509,+0.977
1628731560,+3.47,+27.756, +9.540,+0.977
1628731620,+3.47,+27.790, +9.527,+0.978
1628731680,+3.47,+27.790, +9.536,+0.978
1628731740,+3.47,+27.807, +9.545,+0.978
1628731800,+3.47,+27.799, +9.519,+0.977
1628731860,+3.47,+27.790, +9.530,+0.977
1628731920,+3.47,+27.807, +9.477,+0.977
1628731980,+3.47,+27.816, +9.492,+0.978
1628732040,+3.47,+27.816, +9.526,+0.977
1628732100,+3.47,+27.824, +9.513,+0.977
1628732160,+3.47,+27.833, +9.533,+0.977
1628732220,+3.47,+27.833, +9.508,+0.978
1628732280,+3.47,+27.833, +9.510,+0.977
1628732340,+3.47,+27.824, +9.521,+0.977
1628732400,+3.47,+27.824, +9.530,+0.977
1628732460,+3.47,+27.824, +9.514,+0.977
1628732520,+3.47,+27.807, +9.560,+0.977
1628732580,+3.47,+27.807, +9.560,+0.977
1628732640,+3.47,+27.807, +9.571,+0.978
1628732700,+3.47,+27.799, +9.524,+0.977
1628732760,+3.47,+27.782, +9.483,+0.977
1628732820,+3.47,+27.782, +9.505,+0.977
1628732880,+3.47,+27.790, +9.494,+0.977
1628732940,+3.47,+27.773, +9.503,+0.978
1628733000,+3.47,+27.756, +9.497,+0.977
1628733060,+3.47,+27.765, +9.533,+0.977
1628733120,+3.47,+27.765, +9.495,+0.976
1628733180,+3.47,+27.739, +9.516,+0.977
1628733240,+3.47,+27.756, +9.553,+0.978
1628733300,+3.47,+27.714, +9.474,+0.977
1628733360,+3.47,+27.714, +9.426,+0.977
1628733420,+3.47,+27.714, +9.434,+0.977
1628733480,+3.47,+27.697, +9.541,+0.978
1628733540,+3.47,+27.714, +9.548,+0.978
1628733600,+3.47,+27.697, +9.501,+0.978
1628733660,+3.47,+27.705, +9.529,+0.977
1628733720,+3.47,+27.680, +9.557,+0.978
1628733780,+3.47,+27.688, +9.470,+0.976
1628733840,+3.47,+27.671, +9.439,+0.977
1628733900,+3.47,+27.671, +9.407,+0.977
1628733960,+3.47,+27.688, +9.442,+0.977
1628734020,+3.47,+27.671, +9.437,+0.977
1628734080,+3.47,+27.663, +9.326,+0.977
1628734140,+3.47,+27.654, +9.404,+0.977
1628734200,+3.47,+27.646, +9.399,+0.977
1628734260,+3.47,+27.646, +9.377,+0.977
1628734320,+3.47,+27.646, +9.388,+0.977
1628734380,+3.47,+27.646, +9.457,+0.978
1628734440,+3.47,+27.654, +9.370,+0.977
1628734500,+3.47,+27.637, +9.386,+0.977
1628734560,+3.47,+27.629, +9.388,+0.977
1628734620,+3.47,+27.646, +9.363,+0.978
1628734680,+3.47,+27.620, +9.371,+0.977
1628734740,+3.47,+27.629, +9.399,+0.977
1628734800,+3.47,+27.629, +9.327,+0.977
1628734860,+3.46,+27.612, +9.407,+0.977
1628734920,+3.47,+27.603, +9.301,+0.976
1628734980,+3.46,+27.603, +9.314,+0.978
1628735040,+3.46,+27.595, +9.305,+0.976
1628735100,+3.47,+27.595, +9.245,+0.977
1628735160,+3.47,+27.586, +9.321,+0.977
1628735220,+3.47,+27.595, +9.388,+0.977
1628735280,+3.47,+27.595, +9.345,+0.976
1628735340,+3.46,+27.586, +9.300,+0.977
1628735400,+3.46,+27.578, +9.306,+0.977
1628735460,+3.46,+27.569, +9.358,+0.978
1628735520,+3.46,+27.561, +9.319,+0.977
1628735580,+3.46,+27.544, +9.292,+0.977
1628735640,+3.46,+27.544, +9.313,+0.977
1628735700,+3.46,+27.535, +9.288,+0.977
1628735760,+3.46,+27.527, +9.223,+0.978
1628735820,+3.46,+27.510, +9.229,+0.977
1628735880,+3.46,+27.527, +9.312,+0.976
1628735940,+3.46,+27.510, +9.248,+0.977
1628736000,+3.46,+27.476, +9.190,+0.976
1628736060,+3.46,+27.467, +9.150,+0.977
1628736120,+3.46,+27.450, +9.139,+0.977
1628736180,+3.46,+27.476, +9.170,+0.977
1628736240,+3.46,+27.442, +9.206,+0.977
1628736300,+3.46,+27.459, +9.170,+0.977
1628736360,+3.46,+27.416, +9.139,+0.976
1628736420,+3.46,+27.399, +9.115,+0.977
1628736480,+3.46,+27.408, +9.102,+0.976
1628736540,+3.46,+27.408, +9.181,+0.977
1628736600,+3.46,+27.408, +9.134,+0.977
1628736660,+3.46,+27.408, +9.136,+0.977
1628736720,+3.46,+27.382, +9.086,+0.976
1628736780,+3.46,+27.399, +9.155,+0.976
1628736840,+3.46,+27.382, +9.106,+0.976
1628736900,+3.46,+27.365, +9.068,+0.977
1628736960,+3.46,+27.365, +9.050,+0.976
1628737020,+3.46,+27.374, +9.118,+0.977
1628737080,+3.46,+27.348, +9.014,+0.977
1628737140,+3.46,+27.357, +9.015,+0.976
1628737200,+3.46,+27.340, +8.962,+0.977
1628737260,+3.46,+27.323, +8.953,+0.976
1628737320,+3.46,+27.306, +8.922,+0.976
1628737380,+3.46,+27.314, +8.896,+0.976
1628737440,+3.46,+27.340, +9.118,+0.977
1628737500,+3.46,+27.323, +9.009,+0.976
1628737560,+3.46,+27.306, +8.873,+0.976
1628737620,+3.46,+27.289, +8.850,+0.976
1628737680,+3.46,+27.272, +8.780,+0.977
1628737740,+3.46,+27.306, +8.940,+0.977
1628737800,+3.46,+27.246, +8.847,+0.976
1628737860,+3.46,+27.246, +8.790,+0.977
1628737920,+3.46,+27.221, +8.694,+0.976
1628737980,+3.46,+27.204, +8.670,+0.976
1628738040,+3.46,+27.195, +8.559,+0.976
1628738100,+3.46,+27.212, +8.673,+0.976
1628738160,+3.46,+27.187, +8.722,+0.976
1628738220,+3.46,+27.195, +8.808,+0.976
1628738280,+3.46,+27.212, +8.817,+0.976
1628738340,+3.46,+27.170, +8.443,+0.976
1628738400,+3.46,+27.153, +8.557,+0.976
1628738460,+3.46,+27.153, +8.545,+0.975
1628738520,+3.46,+27.161, +8.740,+0.976
1628738580,+3.46,+27.153, +8.479,+0.975
1628738640,+3.46,+27.153, +8.684,+0.976
1628738700,+3.46,+27.170, +8.653,+0.976
1628738760,+3.46,+27.128, +8.491,+0.976
1628738820,+3.46,+27.170, +8.792,+0.976
1628738880,+3.46,+27.204, +8.682,+0.975
1628738940,+3.46,+27.144, +8.508,+0.975
1628739000,+3.46,+27.161, +8.693,+0.976
1628739060,+3.46,+27.195, +8.802,+0.976
1628739120,+3.46,+27.212, +8.865,+0.976
1628739180,+3.46,+27.178, +8.307,+0.976
1628739240,+3.47,+27.085, +7.873,+0.974
1628739300,+3.47,+27.077, +8.203,+0.976
1628739360,+3.47,+27.051, +8.334,+0.976
1628739420,+3.46,+27.111, +8.541,+0.976
1628739480,+3.46,+27.094, +8.142,+0.976
1628739540,+3.47,+27.043, +8.312,+0.976
1628739600,+3.47,+27.043, +8.345,+0.976
1628739660,+3.47,+27.068, +8.602,+0.976
1628739720,+3.46,+27.077, +8.425,+0.975
1628739780,+3.47,+27.060, +8.373,+0.976
1628739840,+3.47,+27.077, +8.346,+0.976
1628739900,+3.47,+27.034, +8.057,+0.975
1628739960,+3.47,+27.068, +8.383,+0.976
1628740020,+3.47,+27.094, +8.373,+0.976
1628740080,+3.46,+27.119, +8.520,+0.977
1628740140,+3.46,+27.111, +8.438,+0.976
1628740200,+3.47,+27.144, +8.537,+0.977
1628740260,+3.47,+27.102, +8.442,+0.976
1628740320,+3.47,+27.094, +8.396,+0.976
1628740380,+3.47,+27.094, +8.365,+0.976
1628740440,+3.47,+27.085, +8.379,+0.975
1628740500,+3.46,+27.102, +8.438,+0.976
1628740560,+3.46,+27.094, +8.461,+0.976
1628740620,+3.47,+27.094, +8.445,+0.976
1628740680,+3.46,+27.085, +8.400,+0.975
1628740740,+3.46,+27.094, +8.273,+0.976
1628740800,+3.46,+27.102, +8.430,+0.975
1628740860,+3.47,+27.085, +8.335,+0.976
1628740920,+3.47,+27.077, +8.332,+0.976
1628740980,+3.46,+27.102, +8.544,+0.976
1628741040,+3.46,+27.077, +8.353,+0.976
1628741100,+3.46,+27.085, +8.317,+0.976
1628741160,+3.46,+27.094, +8.282,+0.976
1628741220,+3.47,+27.068, +8.272,+0.975
1628741280,+3.46,+27.068, +8.296,+0.976
1628741340,+3.46,+27.060, +8.235,+0.975
1628741400,+3.47,+27.060, +8.189,+0.976
1628741460,+3.47,+27.043, +8.229,+0.976
1628741520,+3.47,+27.026, +8.114,+0.975
1628741580,+3.47,+27.009, +8.026,+0.976
1628741640,+3.47,+27.009, +8.051,+0.976
1628741700,+3.47,+27.000, +8.111,+0.975
1628741760,+3.47,+27.026, +8.289,+0.976
1628741820,+3.47,+27.043, +8.287,+0.975
1628741880,+3.47,+27.043, +8.225,+0.975
1628741940,+3.47,+27.026, +8.055,+0.976
1628742000,+3.47,+26.992, +8.071,+0.975
1628742060,+3.47,+26.992, +8.019,+0.976
1628742120,+3.47,+26.992, +8.040,+0.976
1628742180,+3.47,+27.000, +8.126,+0.976
1628742240,+3.47,+27.009, +8.172,+0.976
1628742300,+3.47,+27.000, +8.148,+0.975
1628742360,+3.47,+27.017, +8.192,+0.975
1628742420,+3.47,+27.026, +8.235,+0.975
1628742480,+3.47,+27.043, +8.171,+0.975
1628742540,+3.47,+27.043, +8.057,+0.975
1628742600,+3.47,+27.009, +8.007,+0.975
1628742660,+3.47,+27.009, +8.011,+0.976
1628742720,+3.47,+26.992, +7.926,+0.976
1628742780,+3.47,+27.017, +7.913,+0.975
1628742840,+3.47,+27.009, +8.074,+0.975
1628742900,+3.47,+27.017, +8.093,+0.975
1628742960,+3.47,+27.000, +8.127,+0.976
1628743020,+3.47,+27.000, +8.097,+0.975
1628743080,+3.46,+27.043, +8.102,+0.976
1628743140,+3.47,+27.009, +7.977,+0.975
1628743200,+3.47,+27.000, +8.003,+0.976
1628743260,+3.47,+26.958, +7.784,+0.975
1628743320,+3.47,+26.975, +7.889,+0.975
1628743380,+3.47,+26.992, +8.121,+0.976
1628743440,+3.47,+27.009, +8.176,+0.975
1628743500,+3.47,+27.000, +8.049,+0.975
1628743560,+3.47,+26.983, +7.972,+0.975
1628743620,+3.47,+26.975, +7.944,+0.975
1628743680,+3.47,+26.992, +7.869,+0.976
1628743740,+3.47,+26.958, +7.859,+0.976
1628743800,+3.47,+26.958, +7.896,+0.975
1628743860,+3.47,+26.966, +7.919,+0.976
1628743920,+3.47,+26.949, +7.715,+0.975
1628743980,+3.47,+26.975, +7.950,+0.975
1628744040,+3.47,+26.958, +7.901,+0.975
1628744100,+3.47,+26.966, +7.904,+0.975
1628744160,+3.47,+26.932, +7.832,+0.975
1628744220,+3.47,+26.958, +8.003,+0.975
1628744280,+3.47,+26.975, +7.955,+0.975
1628744340,+3.47,+26.975, +7.834,+0.975
1628744400,+3.47,+26.949, +7.801,+0.975
1628744460,+3.47,+26.949, +7.845,+0.976
1628744520,+3.47,+26.958, +7.983,+0.975
1628744580,+3.47,+26.975, +8.026,+0.976
1628744640,+3.47,+26.975, +8.025,+0.975
1628744700,+3.47,+27.000, +8.091,+0.975
1628744760,+3.46,+27.000, +8.118,+0.976
1628744820,+3.47,+27.000, +8.180,+0.976
1628744880,+3.46,+27.009, +8.003,+0.976
1628744940,+3.46,+27.009, +8.045,+0.975
1628745000,+3.47,+26.992, +8.023,+0.976
1628745060,+3.47,+26.992, +8.002,+0.975
1628745120,+3.47,+26.966, +7.945,+0.976
1628745180,+3.47,+26.975, +7.942,+0.976
1628745240,+3.47,+26.975, +8.052,+0.975
1628745300,+3.47,+26.975, +7.866,+0.975
1628745360,+3.47,+26.966, +7.821,+0.975
1628745420,+3.47,+26.958, +7.935,+0.975
1628745480,+3.47,+26.949, +7.953,+0.974
1628745540,+3.47,+26.958, +7.999,+0.976
1628745600,+3.47,+26.949, +7.925,+0.976
1628745660,+3.47,+26.941, +7.870,+0.976
1628745720,+3.47,+26.924, +7.874,+0.975
1628745780,+3.47,+26.958, +7.895,+0.975
1628745840,+3.47,+26.924, +7.715,+0.975
1628745900,+3.47,+26.949, +7.911,+0.975
1628745960,+3.47,+26.949, +7.935,+0.976
1628746020,+3.47,+26.966, +7.993,+0.976
1628746080,+3.47,+26.975, +7.981,+0.975
1628746140,+3.47,+27.000, +8.093,+0.976
1628746200,+3.47,+26.975, +7.967,+0.976
1628746260,+3.47,+26.966, +7.874,+0.975
1628746320,+3.47,+26.975, +7.882,+0.975
1628746380,+3.47,+26.966, +7.952,+0.975
1628746440,+3.47,+26.992, +7.894,+0.975
1628746500,+3.47,+26.958, +7.927,+0.976
1628746560,+3.47,+26.983, +7.938,+0.975
1628746620,+3.47,+26.983, +8.095,+0.976
1628746680,+3.46,+26.983, +7.996,+0.976
1628746740,+3.46,+26.983, +7.979,+0.975
1628746800,+3.47,+26.949, +7.755,+0.975
1628746860,+3.47,+26.958, +7.777,+0.976
1628746920,+3.47,+26.975, +7.806,+0.975
1628746980,+3.47,+26.941, +7.883,+0.975
1628747040,+3.47,+26.924, +7.903,+0.976
1628747100,+3.47,+26.932, +7.882,+0.975
1628747160,+3.47,+26.958, +7.956,+0.975
1628747220,+3.47,+26.949, +7.978,+0.975
1628747280,+3.47,+26.941, +7.949,+0.976
1628747340,+3.47,+26.941, +7.812,+0.975
1628747400,+3.47,+26.932, +7.881,+0.975
1628747460,+3.47,+26.932, +7.872,+0.975
1628747520,+3.47,+26.924, +7.826,+0.975
1628747580,+3.47,+26.932, +7.767,+0.975
1628747640,+3.47,+26.924, +7.654,+0.975
1628747700,+3.47,+26.907, +7.657,+0.976
1628747760,+3.47,+26.916, +7.737,+0.975
1628747820,+3.47,+26.916, +7.822,+0.976
1628747880,+3.47,+26.924, +7.689,+0.975
1628747940,+3.47,+26.899, +7.693,+0.975
1628748000,+3.47,+26.907, +7.760,+0.976
1628748060,+3.47,+26.924, +7.893,+0.975
1628748120,+3.47,+26.941, +7.890,+0.976
1628748180,+3.47,+26.941, +7.687,+0.975
1628748240,+3.47,+26.916, +7.830,+0.976
1628748300,+3.47,+26.899, +7.701,+0.975
1628748360,+3.47,+26.899, +7.654,+0.974
1628748420,+3.47,+26.907, +7.757,+0.975
1628748480,+3.47,+26.890, +7.680,+0.975
1628748540,+3.47,+26.890, +7.766,+0.975
1628748600,+3.47,+26.890, +7.581,+0.975
1628748660,+3.47,+26.899, +7.758,+0.975
1628748720,+3.47,+26.916, +7.715,+0.975
1628748780,+3.47,+26.899, +7.642,+0.974
1628748840,+3.47,+26.890, +7.545,+0.975
1628748900,+3.47,+26.890, +7.748,+0.976
1628748960,+3.47,+26.899, +7.689,+0.975
1628749020,+3.47,+26.873, +7.701,+0.974
1628749080,+3.47,+26.890, +7.662,+0.975
1628749140,+3.47,+26.899, +7.795,+0.976
1628749200,+3.47,+26.882, +7.686,+0.975
1628749260,+3.47,+26.865, +7.460,+0.975
1628749320,+3.47,+26.873, +7.677,+0.975
1628749380,+3.47,+26.873, +7.838,+0.975
1628749440,+3.47,+26.865, +7.723,+0.975
1628749500,+3.47,+26.865, +7.610,+0.975
1628749560,+3.47,+26.865, +7.595,+0.975
1628749620,+3.47,+26.856, +7.643,+0.975
1628749680,+3.47,+26.856, +7.617,+0.975
1628749740,+3.47,+26.848, +7.581,+0.975
1628749800,+3.47,+26.848, +7.627,+0.975
1628749860,+3.47,+26.831, +7.481,+0.975
1628749920,+3.47,+26.856, +7.676,+0.974
1628749980,+3.47,+26.848, +7.663,+0.975
1628750040,+3.47,+26.856, +7.569,+0.976
1628750100,+3.47,+26.865, +7.657,+0.975
1628750160,+3.47,+26.839, +7.441,+0.975
1628750220,+3.47,+26.848, +7.594,+0.975
1628750280,+3.47,+26.839, +7.476,+0.975
1628750340,+3.47,+26.856, +7.533,+0.975
1628750400,+3.47,+26.831, +7.622,+0.975
1628750460,+3.47,+26.831, +7.476,+0.975
1628750520,+3.47,+26.822, +7.458,+0.975
1628750580,+3.47,+26.839, +7.655,+0.975
1628750640,+3.47,+26.865, +7.763,+0.975
1628750700,+3.47,+26.882, +7.726,+0.975
1628750760,+3.47,+26.865, +7.650,+0.975
1628750820,+3.47,+26.856, +7.614,+0.974
1628750880,+3.47,+26.848, +7.606,+0.975
1628750940,+3.47,+26.873, +7.702,+0.975
1628751000,+3.47,+26.865, +7.623,+0.975
1628751060,+3.47,+26.848, +7.409,+0.975
1628751120,+3.47,+26.831, +7.440,+0.974
1628751180,+3.47,+26.848, +7.467,+0.975
1628751240,+3.47,+26.848, +7.521,+0.975
1628751300,+3.47,+26.856, +7.595,+0.975
1628751360,+3.47,+26.839, +7.597,+0.975
1628751420,+3.47,+26.848, +7.598,+0.975
1628751480,+3.47,+26.839, +7.440,+0.975
1628751540,+3.47,+26.839, +7.530,+0.975
1628751600,+3.47,+26.839, +7.631,+0.976
1628751660,+3.47,+26.848, +7.647,+0.975
1628751720,+3.47,+26.848, +7.453,+0.974
1628751780,+3.47,+26.814, +7.397,+0.975
1628751840,+3.47,+26.848, +7.588,+0.975
1628751900,+3.47,+26.831, +7.552,+0.975
1628751960,+3.47,+26.848, +7.524,+0.974
1628752020,+3.47,+26.839, +7.525,+0.975
1628752080,+3.47,+26.848, +7.560,+0.975
1628752140,+3.47,+26.865, +7.467,+0.975
1628752200,+3.47,+26.882, +7.659,+0.975
1628752260,+3.47,+26.873, +7.621,+0.975
1628752320,+3.47,+26.848, +7.459,+0.975
1628752380,+3.47,+26.865, +7.565,+0.975
1628752440,+3.47,+26.865, +7.582,+0.975
1628752500,+3.47,+26.856, +7.564,+0.976
1628752560,+3.47,+26.831, +7.526,+0.976
1628752620,+3.47,+26.839, +7.578,+0.974
1628752680,+3.47,+26.839, +7.559,+0.975
1628752740,+3.47,+26.839, +7.572,+0.976
1628752800,+3.47,+26.814, +7.572,+0.975
1628752860,+3.47,+26.865, +7.569,+0.975
1628752920,+3.47,+26.848, +7.509,+0.975
1628752980,+3.47,+26.856, +7.540,+0.974
1628753040,+3.47,+26.848, +7.712,+0.975
1628753100,+3.47,+26.856, +7.629,+0.975
1628753160,+3.47,+26.856, +7.600,+0.975
1628753220,+3.47,+26.848, +7.608,+0.975
1628753280,+3.47,+26.865, +7.511,+0.975
1628753340,+3.47,+26.873, +7.686,+0.975
1628753400,+3.47,+26.865, +7.578,+0.976
1628753460,+3.47,+26.856, +7.533,+0.974
1628753520,+3.47,+26.831, +7.459,+0.975
1628753580,+3.47,+26.831, +7.394,+0.975
1628753640,+3.47,+26.865, +7.589,+0.974
1628753700,+3.47,+26.856, +7.622,+0.975
1628753760,+3.47,+26.831, +7.489,+0.975
1628753820,+3.47,+26.848, +7.441,+0.975
1628753880,+3.47,+26.839, +7.534,+0.975
1628753940,+3.47,+26.848, +7.578,+0.975
1628754000,+3.47,+26.873, +7.627,+0.975
1628754060,+3.47,+26.865, +7.604,+0.975
1628754120,+3.47,+26.865, +7.570,+0.975
1628754180,+3.47,+26.873, +7.624,+0.975
1628754240,+3.47,+26.865, +7.632,+0.975
1628754300,+3.47,+26.865, +7.684,+0.975
1628754360,+3.47,+26.831, +7.438,+0.974
1628754420,+3.47,+26.831, +7.474,+0.974
1628754480,+3.47,+26.831, +7.542,+0.975
1628754540,+3.47,+26.831, +7.499,+0.975
1628754600,+3.47,+26.822, +7.432,+0.975
1628754660,+3.47,+26.814, +7.419,+0.975
1628754720,+3.47,+26.848, +7.465,+0.974
1628754780,+3.47,+26.822, +7.489,+0.975
1628754840,+3.47,+26.822, +7.586,+0.975
1628754900,+3.47,+26.831, +7.534,+0.976
1628754960,+3.47,+26.839, +7.508,+0.975
1628755020,+3.47,+26.831, +7.547,+0.975
1628755080,+3.47,+26.831, +7.516,+0.975
1628755140,+3.47,+26.839, +7.536,+0.974
1628755200,+3.47,+26.831, +7.572,+0.975
1628755260,+3.47,+26.831, +7.479,+0.975
1628755320,+3.47,+26.839, +7.533,+0.975
1628755380,+3.47,+26.831, +7.560,+0.975
1628755440,+3.47,+26.822, +7.534,+0.975
1628755500,+3.47,+26.839, +7.605,+0.975
1628755560,+3.47,+26.839, +7.503,+0.975
1628755620,+3.47,+26.839, +7.532,+0.976
1628755680,+3.47,+26.865, +7.583,+0.975
1628755740,+3.47,+26.865, +7.566,+0.975
1628755800,+3.47,+26.848, +7.629,+0.975
1628755860,+3.47,+26.873, +7.607,+0.975
1628755920,+3.47,+26.856, +7.462,+0.974
1628755980,+3.47,+26.839, +7.537,+0.975
1628756040,+3.47,+26.856, +7.605,+0.975
1628756100,+3.47,+26.848, +7.507,+0.975
1628756160,+3.47,+26.856, +7.574,+0.975
1628756220,+3.47,+26.848, +7.526,+0.975
1628756280,+3.47,+26.848, +7.620,+0.975
1628756340,+3.47,+26.839, +7.478,+0.975
1628756400,+3.47,+26.848, +7.464,+0.975
1628756460,+3.47,+26.839, +7.504,+0.975
1628756520,+3.47,+26.839, +7.440,+0.975
1628756580,+3.47,+26.831, +7.455,+0.975
1628756640,+3.47,+26.805, +7.279,+0.974
1628756700,+3.47,+26.814, +7.530,+0.975
1628756760,+3.47,+26.814, +7.455,+0.975
1628756820,+3.47,+26.822, +7.473,+0.975
1628756880,+3.47,+26.788, +7.307,+0.974
1628756940,+3.47,+26.797, +7.353,+0.975
1628757000,+3.47,+26.805, +7.524,+0.975
1628757060,+3.47,+26.788, +7.430,+0.974
1628757120,+3.47,+26.797, +7.310,+0.974
1628757180,+3.47,+26.772, +7.360,+0.975
1628757240,+3.47,+26.755, +7.246,+0.974
1628757300,+3.47,+26.763, +7.410,+0.974
1628757360,+3.47,+26.772, +7.444,+0.975
1628757420,+3.47,+26.780, +7.421,+0.975
1628757480,+3.47,+26.763, +7.238,+0.974
1628757540,+3.47,+26.755, +7.354,+0.975
1628757600,+3.47,+26.746, +7.329,+0.974
1628757660,+3.47,+26.772, +7.489,+0.975
1628757720,+3.47,+26.780, +7.384,+0.974
1628757780,+3.47,+26.772, +7.388,+0.975
1628757840,+3.47,+26.805, +7.440,+0.975
1628757900,+3.47,+26.805, +7.482,+0.975
1628757960,+3.47,+26.788, +7.455,+0.975
1628758020,+3.47,+26.788, +7.403,+0.975
1628758080,+3.47,+26.788, +7.281,+0.974
1628758140,+3.47,+26.755, +7.281,+0.974
1628758200,+3.47,+26.755, +7.229,+0.974
1628758260,+3.47,+26.738, +7.276,+0.974
1628758320,+3.47,+26.746, +7.302,+0.974
1628758380,+3.47,+26.755, +7.337,+0.974
1628758440,+3.47,+26.746, +7.292,+0.974
1628758500,+3.47,+26.772, +7.351,+0.975
1628758560,+3.47,+26.788, +7.425,+0.975
1628758620,+3.47,+26.780, +7.445,+0.974
1628758680,+3.47,+26.814, +7.549,+0.975
1628758740,+3.47,+26.805, +7.361,+0.975
1628758800,+3.47,+26.788, +7.309,+0.975
1628758860,+3.47,+26.805, +7.473,+0.975
1628758920,+3.47,+26.822, +7.480,+0.975
1628758980,+3.47,+26.805, +7.353,+0.975
1628759040,+3.47,+26.772, +7.328,+0.975
1628759100,+3.47,+26.780, +7.346,+0.974
1628759160,+3.47,+26.788, +7.455,+0.975
1628759220,+3.47,+26.797, +7.343,+0.974
1628759280,+3.47,+26.788, +7.353,+0.975
1628759340,+3.47,+26.788, +7.371,+0.974
1628759400,+3.47,+26.788, +7.312,+0.974
1628759460,+3.47,+26.788, +7.302,+0.974
1628759520,+3.47,+26.746, +7.254,+0.974
1628759580,+3.47,+26.729, +7.231,+0.974
1628759640,+3.47,+26.738, +7.313,+0.975
1628759700,+3.47,+26.729, +7.251,+0.974
1628759760,+3.47,+26.704, +7.260,+0.975
1628759820,+3.47,+26.704, +7.307,+0.974
1628759880,+3.47,+26.712, +7.264,+0.974
1628759940,+3.47,+26.678, +7.216,+0.975
1628760000,+3.47,+26.670, +7.221,+0.974
1628760060,+3.47,+26.687, +7.247,+0.974
1628760120,+3.47,+26.678, +7.247,+0.974
1628760180,+3.47,+26.704, +7.278,+0.974
1628760240,+3.47,+26.729, +7.364,+0.974
1628760300,+3.47,+26.704, +7.288,+0.974
1628760360,+3.47,+26.687, +7.132,+0.974
1628760420,+3.47,+26.628, +7.145,+0.974
1628760480,+3.47,+26.670, +7.300,+0.974
1628760540,+3.47,+26.704, +7.350,+0.975
1628760600,+3.47,+26.678, +7.217,+0.974
1628760660,+3.47,+26.687, +7.247,+0.974
1628760720,+3.47,+26.670, +7.309,+0.974
1628760780,+3.47,+26.721, +7.327,+0.974
1628760840,+3.47,+26.678, +7.236,+0.975
1628760900,+3.47,+26.695, +7.330,+0.975
1628760960,+3.47,+26.721, +7.360,+0.975
1628761020,+3.47,+26.695, +7.228,+0.974
1628761080,+3.47,+26.704, +7.178,+0.974
1628761140,+3.47,+26.704, +7.296,+0.975
1628761200,+3.47,+26.704, +7.296,+0.975
1628761260,+3.47,+26.695, +7.250,+0.974
1628761320,+3.47,+26.678, +7.201,+0.974
1628761380,+3.47,+26.695, +7.239,+0.974
1628761440,+3.47,+26.695, +7.272,+0.974
1628761500,+3.47,+26.695, +7.269,+0.975
1628761560,+3.47,+26.721, +7.230,+0.975
1628761620,+3.47,+26.704, +7.306,+0.974
1628761680,+3.47,+26.721, +7.268,+0.975
1628761740,+3.47,+26.729, +7.290,+0.975
1628761800,+3.47,+26.729, +7.348,+0.975
1628761860,+3.47,+26.729, +7.260,+0.975
1628761920,+3.47,+26.721, +7.244,+0.974
1628761980,+3.47,+26.695, +7.162,+0.973
1628762040,+3.47,+26.678, +7.157,+0.975
1628762100,+3.47,+26.670, +7.231,+0.974
1628762160,+3.47,+26.704, +7.352,+0.975
1628762220,+3.47,+26.712, +7.309,+0.974
1628762280,+3.47,+26.687, +7.256,+0.974
1628762340,+3.47,+26.611, +7.274,+0.974
1628762400,+3.47,+26.585, +7.176,+0.974
1628762460,+3.47,+26.551, +7.055,+0.974
1628762520,+3.47,+26.543, +7.156,+0.974
1628762580,+3.47,+26.560, +7.261,+0.974
1628762640,+3.47,+26.551, +7.199,+0.974
1628762700,+3.47,+26.535, +7.227,+0.974
1628762760,+3.47,+26.535, +7.271,+0.974
1628762820,+3.46,+26.535, +7.220,+0.974
1628762880,+3.46,+26.518, +7.290,+0.974
1628762940,+3.46,+26.518, +7.264,+0.974
1628763000,+3.46,+26.526, +7.275,+0.974
1628763060,+3.46,+26.543, +7.240,+0.975
1628763120,+3.46,+26.526, +7.149,+0.974
1628763180,+3.47,+26.535, +7.141,+0.974
1628763240,+3.47,+26.526, +7.170,+0.974
1628763300,+3.46,+26.509, +7.180,+0.974
1628763360,+3.46,+26.509, +7.109,+0.974
1628763420,+3.46,+26.492, +7.243,+0.974
1628763480,+3.46,+26.492, +7.221,+0.974
1628763540,+3.46,+26.492, +7.160,+0.974
1628763600,+3.46,+26.509, +7.221,+0.974
1628763660,+3.46,+26.518, +7.289,+0.974
1628763720,+3.46,+26.518, +7.253,+0.973
1628763780,+3.46,+26.535, +7.273,+0.974
1628763840,+3.46,+26.509, +7.298,+0.975
1628763900,+3.46,+26.509, +7.254,+0.974
1628763960,+3.46,+26.501, +7.276,+0.975
1628764020,+3.46,+26.509, +7.256,+0.974
1628764080,+3.46,+26.526, +7.238,+0.974
1628764140,+3.46,+26.518, +7.249,+0.974
1628764200,+3.46,+26.509, +7.232,+0.974
1628764260,+3.46,+26.526, +7.229,+0.974
1628764320,+3.46,+26.509, +7.223,+0.974
1628764380,+3.46,+26.526, +7.221,+0.974
1628764440,+3.46,+26.492, +7.240,+0.974
1628764500,+3.46,+26.501, +7.207,+0.974
1628764560,+3.46,+26.526, +7.196,+0.974
1628764620,+3.46,+26.509, +7.216,+0.974
1628764680,+3.46,+26.518, +7.201,+0.974
1628764740,+3.46,+26.509, +7.220,+0.974
1628764800,+3.46,+26.501, +7.220,+0.974
1628764860,+3.46,+26.484, +7.232,+0.974
1628764920,+3.46,+26.484, +7.217,+0.974
1628764980,+3.46,+26.492, +7.238,+0.974
1628765040,+3.46,+26.501, +7.211,+0.974
1628765100,+3.46,+26.501, +7.207,+0.973
1628765160,+3.46,+26.526, +7.214,+0.975
1628765220,+3.46,+26.526, +7.228,+0.975
1628765280,+3.46,+26.526, +7.228,+0.975
1628765340,+3.46,+26.535, +7.206,+0.974
1628765400,+3.47,+26.535, +7.202,+0.974
1628765460,+3.47,+26.551, +7.201,+0.974
1628765520,+3.46,+26.535, +7.223,+0.975
1628765580,+3.46,+26.543, +7.197,+0.974
1628765640,+3.46,+26.526, +7.196,+0.974
1628765700,+3.47,+26.560, +7.186,+0.974
1628765760,+3.47,+26.543, +7.190,+0.974
1628765820,+3.46,+26.535, +7.188,+0.974
1628765880,+3.47,+26.560, +7.191,+0.974
1628765940,+3.47,+26.560, +7.191,+0.974
1628766000,+3.46,+26.518, +7.197,+0.974
1628766060,+3.47,+26.543, +7.177,+0.974
1628766120,+3.47,+26.535, +7.188,+0.974
1628766180,+3.46,+26.526, +7.183,+0.974
1628766240,+3.46,+26.501, +7.175,+0.974
1628766300,+3.46,+26.509, +7.168,+0.974
1628766360,+3.46,+26.509, +7.147,+0.973
1628766420,+3.46,+26.526, +7.143,+0.974
1628766480,+3.46,+26.518, +7.154,+0.974
1628766540,+3.46,+26.509, +7.156,+0.974
1628766600,+3.46,+26.501, +7.155,+0.974
1628766660,+3.46,+26.501, +7.151,+0.974
1628766720,+3.46,+26.501, +7.142,+0.973
1628766780,+3.46,+26.509, +7.152,+0.974
1628766840,+3.46,+26.475, +7.166,+0.974
1628766900,+3.46,+26.501, +7.148,+0.974
1628766960,+3.46,+26.484, +7.145,+0.974
1628767020,+3.46,+26.475, +7.140,+0.974
1628767080,+3.46,+26.492, +7.136,+0.974
1628767140,+3.46,+26.492, +7.143,+0.975
1628767200,+3.46,+26.492, +7.143,+0.974
1628767260,+3.46,+26.484, +7.137,+0.974
1628767320,+3.46,+26.484, +7.127,+0.973
1628767380,+3.46,+26.501, +7.133,+0.974
1628767440,+3.46,+26.492, +7.127,+0.974
1628767500,+3.46,+26.484, +7.123,+0.974
1628767560,+3.46,+26.501, +7.110,+0.973
1628767620,+3.46,+26.501, +7.108,+0.974
1628767680,+3.46,+26.518, +7.110,+0.974
1628767740,+3.46,+26.526, +7.096,+0.974
1628767800,+3.46,+26.518, +7.114,+0.974
1628767860,+3.46,+26.484, +7.107,+0.974
1628767920,+3.46,+26.484, +7.110,+0.974
1628767980,+3.46,+26.475, +7.123,+0.974
1628768040,+3.46,+26.467, +7.115,+0.975
1628768100,+3.46,+26.492, +7.090,+0.974
1628768160,+3.46,+26.475, +7.097,+0.973
1628768220,+3.46,+26.467, +7.112,+0.974
1628768280,+3.46,+26.484, +7.100,+0.975
1628768340,+3.46,+26.484, +7.095,+0.974
1628768400,+3.46,+26.509, +7.071,+0.974
1628768460,+3.46,+26.501, +7.076,+0.973
1628768520,+3.46,+26.484, +7.078,+0.974
1628768580,+3.46,+26.467, +7.104,+0.974
1628768640,+3.46,+26.475, +7.076,+0.974
1628768700,+3.46,+26.492, +7.069,+0.974
1628768760,+3.46,+26.475, +7.081,+0.974
1628768820,+3.46,+26.458, +7.098,+0.974
1628768880,+3.46,+26.442, +7.107,+0.974
1628768940,+3.46,+26.458, +7.063,+0.973
1628769000,+3.46,+26.484, +7.068,+0.974
1628769060,+3.46,+26.475, +7.048,+0.974
1628769120,+3.46,+26.475, +7.072,+0.974
1628769180,+3.46,+26.475, +7.053,+0.974
1628769240,+3.46,+26.492, +7.035,+0.974
1628769300,+3.46,+26.484, +7.033,+0.974
1628769360,+3.46,+26.475, +7.040,+0.973
1628769420,+3.46,+26.501, +7.016,+0.974
1628769480,+3.46,+26.518, +7.002,+0.974
1628769540,+3.46,+26.467, +7.022,+0.974
1628769600,+3.46,+26.475, +7.031,+0.974
1628769660,+3.46,+26.467, +7.035,+0.974
1628769720,+3.46,+26.467, +7.033,+0.973
1628769780,+3.46,+26.450, +7.025,+0.974
1628769840,+3.46,+26.484, +6.994,+0.974
1628769900,+3.46,+26.484, +6.988,+0.974
1628769960,+3.46,+26.475, +7.002,+0.974
1628770020,+3.46,+26.475, +6.988,+0.973
1628770080,+3.46,+26.467, +7.006,+0.974
1628770140,+3.46,+26.475, +6.985,+0.974
1628770200,+3.46,+26.484, +6.968,+0.974
1628770260,+3.46,+26.475, +6.969,+0.974
1628770320,+3.46,+26.492, +6.969,+0.975
1628770380,+3.46,+26.467, +6.973,+0.973
1628770440,+3.46,+26.475, +6.951,+0.974
1628770500,+3.46,+26.475, +6.975,+0.974
1628770560,+3.46,+26.458, +6.964,+0.974
1628770620,+3.46,+26.475, +6.945,+0.974
1628770680,+3.46,+26.475, +6.960,+0.974
1628770740,+3.46,+26.450, +6.958,+0.974
1628770800,+3.46,+26.458, +6.943,+0.974
1628770860,+3.46,+26.458, +6.944,+0.974
1628770920,+3.46,+26.425, +6.962,+0.974
1628770980,+3.46,+26.450, +6.951,+0.974
1628771040,+3.46,+26.450, +6.947,+0.973
1628771100,+3.46,+26.450, +6.950,+0.973
1628771160,+3.46,+26.433, +6.955,+0.974
1628771220,+3.46,+26.442, +6.917,+0.973
1628771280,+3.46,+26.467, +6.907,+0.974
1628771340,+3.46,+26.450, +6.954,+0.974
1628771400,+3.46,+26.433, +6.947,+0.973
1628771460,+3.46,+26.450, +6.923,+0.973
1628771520,+3.46,+26.450, +6.914,+0.974
1628771580,+3.46,+26.458, +6.901,+0.974
1628771640,+3.46,+26.458, +6.906,+0.974
1628771700,+3.46,+26.442, +6.902,+0.974
1628771760,+3.46,+26.450, +6.903,+0.973
1628771820,+3.46,+26.425, +6.917,+0.974
1628771880,+3.46,+26.425, +6.902,+0.974
1628771940,+3.46,+26.433, +6.912,+0.973
1628772000,+3.46,+26.416, +6.930,+0.974
1628772060,+3.46,+26.416, +6.897,+0.974
1628772120,+3.46,+26.408, +6.927,+0.974
1628772180,+3.46,+26.425, +6.919,+0.974
1628772240,+3.46,+26.425, +6.892,+0.974
1628772300,+3.46,+26.408, +6.894,+0.973
1628772360,+3.46,+26.391, +6.909,+0.974
1628772420,+3.46,+26.391, +6.908,+0.974
1628772480,+3.46,+26.408, +6.859,+0.973
1628772540,+3.46,+26.365, +6.920,+0.974
1628772600,+3.46,+26.391, +6.880,+0.973
1628772660,+3.46,+26.391, +6.884,+0.973
1628772720,+3.46,+26.399, +6.863,+0.974
1628772780,+3.46,+26.374, +6.865,+0.973
1628772840,+3.46,+26.365, +6.871,+0.973
1628772900,+3.46,+26.365, +6.897,+0.973
1628772960,+3.46,+26.382, +6.885,+0.973
1628773020,+3.46,+26.374, +6.870,+0.973
1628773080,+3.46,+26.365, +6.861,+0.973
1628773140,+3.46,+26.391, +6.864,+0.973
1628773200,+3.46,+26.374, +6.887,+0.974
1628773260,+3.46,+26.374, +6.890,+0.973
1628773320,+3.46,+26.374, +6.798,+0.973
1628773380,+3.46,+26.374, +6.842,+0.973
1628773440,+3.46,+26.357, +6.852,+0.973
1628773500,+3.46,+26.382, +6.844,+0.974
1628773560,+3.46,+26.365, +6.852,+0.973
1628773620,+3.46,+26.374, +6.799,+0.973
1628773680,+3.46,+26.357, +6.843,+0.974
1628773740,+3.46,+26.374, +6.829,+0.974
1628773800,+3.46,+26.349, +6.824,+0.973
1628773860,+3.46,+26.349, +6.854,+0.973
1628773920,+3.46,+26.349, +6.831,+0.973
1628773980,+3.46,+26.349, +6.792,+0.974
1628774040,+3.46,+26.374, +6.786,+0.973
1628774100,+3.46,+26.365, +6.823,+0.974
1628774160,+3.46,+26.349, +6.840,+0.973
1628774220,+3.46,+26.340, +6.849,+0.973
1628774280,+3.46,+26.332, +6.834,+0.974
1628774340,+3.46,+26.349, +6.827,+0.974
1628774400,+3.46,+26.349, +6.817,+0.973
1628774460,+3.46,+26.332, +6.796,+0.973
1628774520,+3.46,+26.349, +6.790,+0.973
1628774580,+3.46,+26.349, +6.806,+0.973
1628774640,+3.46,+26.349, +6.810,+0.973
1628774700,+3.46,+26.340, +6.801,+0.973
1628774760,+3.46,+26.349, +6.786,+0.973
1628774820,+3.46,+26.349, +6.802,+0.974
1628774880,+3.46,+26.349, +6.791,+0.973
1628774940,+3.46,+26.340, +6.764,+0.973
1628775000,+3.46,+26.340, +6.712,+0.973
1628775060,+3.46,+26.306, +6.783,+0.973
1628775120,+3.46,+26.306, +6.808,+0.973
1628775180,+3.46,+26.323, +6.814,+0.973
1628775240,+3.46,+26.289, +6.837,+0.974
1628775300,+3.46,+26.315, +6.784,+0.973
1628775360,+3.46,+26.315, +6.718,+0.973
1628775420,+3.46,+26.315, +6.744,+0.973
1628775480,+3.46,+26.323, +6.760,+0.973
1628775540,+3.46,+26.315, +6.764,+0.973
1628775600,+3.46,+26.323, +6.792,+0.974
1628775660,+3.46,+26.306, +6.734,+0.973
1628775720,+3.46,+26.340, +6.689,+0.973
1628775780,+3.46,+26.306, +6.788,+0.973
1628775840,+3.46,+26.298, +6.794,+0.973
1628775900,+3.46,+26.289, +6.742,+0.973
1628775960,+3.46,+26.289, +6.757,+0.974
1628776020,+3.46,+26.306, +6.740,+0.974
1628776080,+3.46,+26.306, +6.777,+0.973
1628776140,+3.46,+26.281, +6.766,+0.973
1628776200,+3.46,+26.264, +6.718,+0.972
1628776260,+3.46,+26.289, +6.683,+0.973
1628776320,+3.46,+26.289, +6.678,+0.974
1628776380,+3.46,+26.272, +6.768,+0.973
1628776440,+3.46,+26.272, +6.746,+0.973
1628776500,+3.46,+26.256, +6.757,+0.973
1628776560,+3.46,+26.247, +6.712,+0.973
1628776620,+3.46,+26.264, +6.703,+0.973
1628776680,+3.46,+26.256, +6.654,+0.973
1628776740,+3.46,+26.264, +6.709,+0.973
1628776800,+3.46,+26.230, +6.752,+0.973
1628776860,+3.46,+26.264, +6.666,+0.973
1628776920,+3.46,+26.222, +6.718,+0.974
1628776980,+3.46,+26.230, +6.685,+0.973
1628777040,+3.46,+26.230, +6.668,+0.973
1628777100,+3.46,+26.247, +6.626,+0.973
1628777160,+3.46,+26.222, +6.705,+0.973
1628777220,+3.46,+26.239, +6.697,+0.973
1628777280,+3.46,+26.230, +6.658,+0.972
1628777340,+3.46,+26.239, +6.624,+0.973
1628777400,+3.46,+26.256, +6.628,+0.973
1628777460,+3.46,+26.230, +6.659,+0.973
1628777520,+3.46,+26.247, +6.673,+0.973
1628777580,+3.46,+26.222, +6.645,+0.972
1628777640,+3.46,+26.213, +6.708,+0.973
1628777700,+3.46,+26.205, +6.681,+0.973
1628777760,+3.46,+26.222, +6.632,+0.973
1628777820,+3.46,+26.239, +6.582,+0.973
1628777880,+3.46,+26.230, +6.591,+0.973
1628777940,+3.46,+26.239, +6.589,+0.973
1628778000,+3.46,+26.213, +6.629,+0.973
1628778060,+3.46,+26.222, +6.543,+0.973
1628778120,+3.46,+26.213, +6.621,+0.973
1628778180,+3.46,+26.196, +6.689,+0.973
1628778240,+3.46,+26.188, +6.647,+0.973
1628778300,+3.46,+26.188, +6.558,+0.973
1628778360,+3.46,+26.205, +6.533,+0.973
1628778420,+3.46,+26.196, +6.494,+0.973
1628778480,+3.46,+26.188, +6.611,+0.973
1628778540,+3.46,+26.163, +6.578,+0.973
1628778600,+3.46,+26.171, +6.657,+0.974
1628778660,+3.46,+26.163, +6.639,+0.973
1628778720,+3.46,+26.171, +6.559,+0.973
1628778780,+3.46,+26.163, +6.590,+0.973
1628778840,+3.46,+26.137, +6.665,+0.974
1628778900,+3.46,+26.120, +6.618,+0.973
1628778960,+3.46,+26.205, +6.562,+0.973
1628779020,+3.46,+26.180, +6.529,+0.973
1628779080,+3.46,+26.163, +6.520,+0.973
1628779140,+3.46,+26.137, +6.563,+0.973
1628779200,+3.46,+26.129, +6.597,+0.973
1628779260,+3.46,+26.112, +6.648,+0.973
1628779320,+3.46,+26.120, +6.580,+0.972
1628779380,+3.46,+26.188, +6.496,+0.973
1628779440,+3.46,+26.171, +6.449,+0.973
1628779500,+3.46,+26.146, +6.452,+0.973
1628779560,+3.46,+26.146, +6.494,+0.973
1628779620,+3.46,+26.213, +6.440,+0.973
1628779680,+3.46,+26.222, +6.453,+0.973
1628779740,+3.46,+26.213, +6.366,+0.973
1628779800,+3.46,+26.171, +6.347,+0.973
1628779860,+3.46,+26.163, +6.429,+0.973
1628779920,+3.46,+26.188, +6.413,+0.973
1628779980,+3.46,+26.222, +6.401,+0.973
1628780040,+3.46,+26.222, +6.402,+0.972
1628780100,+3.46,+26.239, +6.411,+0.973
1628780160,+3.46,+26.222, +6.400,+0.973
1628780220,+3.46,+26.239, +6.426,+0.973
1628780280,+3.46,+26.213, +6.425,+0.973
1628780340,+3.46,+26.230, +6.364,+0.973
1628780400,+3.46,+26.230, +6.378,+0.973
1628780460,+3.46,+26.230, +6.416,+0.973
1628780520,+3.46,+26.239, +6.322,+0.973
1628780580,+3.46,+26.230, +6.336,+0.973
1628780640,+3.46,+26.230, +6.331,+0.973
1628780700,+3.46,+26.264, +6.348,+0.973
1628780760,+3.46,+26.264, +6.263,+0.973
1628780820,+3.46,+26.264, +6.243,+0.973
1628780880,+3.46,+26.256, +6.312,+0.973
1628780940,+3.46,+26.230, +6.235,+0.972
1628781000,+3.46,+26.239, +6.240,+0.973
1628781060,+3.46,+26.222, +6.334,+0.973
1628781120,+3.46,+26.213, +6.277,+0.973
1628781180,+3.46,+26.196, +6.206,+0.973
1628781240,+3.46,+26.196, +6.230,+0.972
1628781300,+3.46,+26.188, +6.289,+0.973
1628781360,+3.46,+26.230, +6.245,+0.973
1628781420,+3.46,+26.222, +6.224,+0.973
1628781480,+3.46,+26.205, +6.202,+0.973
1628781540,+3.46,+26.205, +6.224,+0.972
1628781600,+3.46,+26.205, +6.216,+0.972
1628781660,+3.46,+26.213, +6.250,+0.973
1628781720,+3.46,+26.196, +6.119,+0.972
1628781780,+3.46,+26.196, +6.154,+0.973
1628781840,+3.46,+26.196, +6.114,+0.973
1628781900,+3.46,+26.188, +6.103,+0.973
1628781960,+3.46,+26.205, +6.133,+0.973
1628782020,+3.46,+26.205, +6.130,+0.973
1628782080,+3.46,+26.205, +6.115,+0.973
1628782140,+3.46,+26.188, +6.060,+0.972
1628782200,+3.46,+26.188, +6.079,+0.972
1628782260,+3.46,+26.196, +6.142,+0.973
1628782320,+3.46,+26.196, +6.130,+0.972
1628782380,+3.46,+26.196, +6.105,+0.972
1628782440,+3.46,+26.180, +6.171,+0.973
1628782500,+3.46,+26.188, +6.053,+0.973
1628782560,+3.46,+26.180, +6.076,+0.973
1628782620,+3.46,+26.180, +6.119,+0.973
1628782680,+3.46,+26.196, +6.075,+0.973
1628782740,+3.46,+26.196, +6.040,+0.973
1628782800,+3.46,+26.222, +6.090,+0.972
1628782860,+3.46,+26.196, +6.066,+0.973
1628782920,+3.46,+26.171, +6.014,+0.972
1628782980,+3.46,+26.196, +6.034,+0.973
1628783040,+3.46,+26.196, +6.127,+0.972
1628783100,+3.46,+26.188, +6.073,+0.973
1628783160,+3.46,+26.188, +6.075,+0.973
1628783220,+3.46,+26.188, +6.045,+0.973
1628783280,+3.46,+26.188, +6.023,+0.973
1628783340,+3.46,+26.196, +6.082,+0.972
1628783400,+3.46,+26.171, +6.027,+0.972
1628783460,+3.46,+26.188, +6.112,+0.973
1628783520,+3.46,+26.188, +6.108,+0.972
1628783580,+3.46,+26.196, +5.982,+0.972
1628783640,+3.46,+26.213, +5.989,+0.973
1628783700,+3.46,+26.196, +5.952,+0.973
1628783760,+3.46,+26.188, +5.996,+0.973
1628783820,+3.46,+26.196, +6.032,+0.973
1628783880,+3.46,+26.180, +6.073,+0.973
1628783940,+3.46,+26.205, +6.050,+0.973
1628784000,+3.46,+26.180, +5.956,+0.973
1628784060,+3.46,+26.180, +6.024,+0.973
1628784120,+3.46,+26.163, +5.876,+0.972
1628784180,+3.46,+26.171, +6.006,+0.972
1628784240,+3.46,+26.171, +5.945,+0.972
1628784300,+3.46,+26.154, +5.962,+0.972
1628784360,+3.46,+26.180, +5.931,+0.972
1628784420,+3.46,+26.171, +5.924,+0.973
1628784480,+3.46,+26.154, +5.929,+0.972
1628784540,+3.46,+26.180, +5.995,+0.972
1628784600,+3.46,+26.188, +5.994,+0.972
1628784660,+3.46,+26.188, +6.051,+0.973
1628784720,+3.46,+26.188, +5.987,+0.973
1628784780,+3.46,+26.196, +5.824,+0.973
1628784840,+3.46,+26.196, +5.870,+0.972
1628784900,+3.46,+26.213, +5.972,+0.972
1628784960,+3.46,+26.196, +6.051,+0.972
1628785020,+3.46,+26.188, +6.019,+0.973
1628785080,+3.46,+26.188, +5.996,+0.973
1628785140,+3.46,+26.163, +5.813,+0.972
1628785200,+3.46,+26.171, +5.915,+0.973
1628785260,+3.46,+26.154, +5.977,+0.972
1628785320,+3.46,+26.163, +5.998,+0.972
1628785380,+3.46,+26.154, +5.966,+0.972
1628785440,+3.46,+26.137, +5.995,+0.973
1628785500,+3.46,+26.137, +5.968,+0.972
1628785560,+3.46,+26.154, +5.979,+0.973
1628785620,+3.46,+26.171, +5.996,+0.972
1628785680,+3.46,+26.171, +6.014,+0.972
1628785740,+3.46,+26.154, +6.021,+0.972
1628785800,+3.46,+26.154, +5.913,+0.972
1628785860,+3.46,+26.163, +5.867,+0.972
1628785920,+3.46,+26.171, +5.955,+0.973
1628785980,+3.46,+26.163, +5.798,+0.972
1628786040,+3.46,+26.154, +5.791,+0.972
1628786100,+3.46,+26.163, +5.897,+0.973
1628786160,+3.46,+26.146, +5.992,+0.973
1628786220,+3.46,+26.163, +5.991,+0.972
1628786280,+3.46,+26.146, +5.875,+0.972
1628786340,+3.46,+26.163, +5.897,+0.973
1628786400,+3.46,+26.154, +5.744,+0.972
1628786460,+3.46,+26.154, +5.850,+0.972
1628786520,+3.46,+26.154, +5.966,+0.972
1628786580,+3.46,+26.154, +6.046,+0.972
1628786640,+3.46,+26.129, +5.901,+0.972
1628786700,+3.46,+26.129, +5.895,+0.972
1628786760,+3.46,+26.120, +5.781,+0.972
1628786820,+3.46,+26.129, +5.848,+0.972
1628786880,+3.46,+26.146, +5.861,+0.972
1628786940,+3.46,+26.146, +5.908,+0.972
1628787000,+3.46,+26.137, +5.890,+0.972
1628787060,+3.46,+26.137, +5.888,+0.973
1628787120,+3.46,+26.137, +5.904,+0.972
1628787180,+3.46,+26.146, +5.883,+0.972
1628787240,+3.46,+26.137, +5.733,+0.972
1628787300,+3.46,+26.129, +5.876,+0.972
1628787360,+3.46,+26.146, +5.794,+0.972
1628787420,+3.46,+26.146, +5.875,+0.972
1628787480,+3.46,+26.120, +5.840,+0.972
1628787540,+3.46,+26.129, +5.772,+0.972
1628787600,+3.46,+26.137, +5.837,+0.972
1628787660,+3.46,+26.129, +5.876,+0.972
1628787720,+3.46,+26.146, +5.894,+0.973
1628787780,+3.46,+26.129, +5.856,+0.972
1628787840,+3.46,+26.120, +5.721,+0.972
1628787900,+3.46,+26.146, +5.855,+0.972
1628787960,+3.46,+26.137, +5.893,+0.973
1628788020,+3.46,+26.137, +5.851,+0.972
1628788080,+3.46,+26.137, +5.857,+0.972
1628788140,+3.46,+26.137, +5.881,+0.973
1628788200,+3.46,+26.146, +5.854,+0.972
1628788260,+3.46,+26.146, +5.929,+0.972
1628788320,+3.46,+26.146, +5.831,+0.972
1628788380,+3.46,+26.154, +5.842,+0.972
1628788440,+3.46,+26.154, +5.846,+0.972
1628788500,+3.46,+26.129, +5.868,+0.973
1628788560,+3.46,+26.137, +5.975,+0.972
1628788620,+3.46,+26.137, +5.907,+0.973
1628788680,+3.46,+26.146, +5.899,+0.973
1628788740,+3.46,+26.146, +5.886,+0.972
1628788800,+3.46,+26.146, +5.894,+0.972
1628788860,+3.46,+26.154, +5.876,+0.972
1628788920,+3.46,+26.154, +5.857,+0.972
1628788980,+3.46,+26.154, +5.793,+0.973
1628789040,+3.46,+26.154, +5.814,+0.972
1628789100,+3.46,+26.171, +5.960,+0.972
1628789160,+3.46,+26.163, +5.852,+0.972
1628789220,+3.46,+26.163, +5.849,+0.972
1628789280,+3.46,+26.154, +5.900,+0.973
1628789340,+3.46,+26.163, +5.950,+0.972
1628789400,+3.46,+26.154, +5.832,+0.972
1628789460,+3.46,+26.154, +5.953,+0.973
1628789520,+3.46,+26.146, +5.986,+0.972
1628789580,+3.46,+26.137, +5.865,+0.972
1628789640,+3.46,+26.146, +5.973,+0.973
1628789700,+3.46,+26.137, +5.933,+0.972
1628789760,+3.46,+26.163, +5.918,+0.972
1628789820,+3.46,+26.154, +5.948,+0.972
1628789880,+3.46,+26.180, +6.005,+0.973
1628789940,+3.46,+26.180, +6.022,+0.972
1628790000,+3.46,+26.188, +5.880,+0.972
1628790060,+3.46,+26.188, +5.998,+0.973
1628790120,+3.46,+26.171, +5.817,+0.972
1628790180,+3.46,+26.171, +5.971,+0.972
1628790240,+3.46,+26.188, +5.976,+0.972
1628790300,+3.46,+26.171, +5.904,+0.972
1628790360,+3.46,+26.163, +6.048,+0.972
1628790420,+3.46,+26.171, +6.067,+0.973
1628790480,+3.46,+26.171, +6.109,+0.973
1628790540,+3.46,+26.188, +6.044,+0.973
1628790600,+3.46,+26.188, +6.067,+0.973
1628790660,+3.46,+26.196, +5.986,+0.972
1628790720,+3.46,+26.196, +5.926,+0.972
1628790780,+3.46,+26.188, +5.796,+0.972
1628790840,+3.46,+26.205, +6.014,+0.973
1628790900,+3.46,+26.222, +6.115,+0.973
1628790960,+3.46,+26.205, +6.074,+0.973
1628791020,+3.46,+26.213, +5.927,+0.972
1628791080,+3.46,+26.196, +5.903,+0.972
1628791140,+3.46,+26.222, +6.097,+0.972
1628791200,+3.46,+26.222, +5.958,+0.972
1628791260,+3.46,+26.205, +5.957,+0.973
1628791320,+3.46,+26.213, +6.034,+0.972
1628791380,+3.46,+26.222, +6.078,+0.972
1628791440,+3.46,+26.230, +5.973,+0.972
1628791500,+3.46,+26.239, +6.065,+0.972
1628791560,+3.46,+26.230, +5.995,+0.972
1628791620,+3.46,+26.230, +6.060,+0.973
1628791680,+3.46,+26.222, +6.171,+0.972
1628791740,+3.46,+26.230, +6.124,+0.973
1628791800,+3.46,+26.222, +5.927,+0.972
1628791860,+3.46,+26.213, +5.970,+0.973
1628791920,+3.46,+26.222, +6.145,+0.973
1628791980,+3.46,+26.213, +6.141,+0.972
1628792040,+3.46,+26.247, +6.201,+0.973
1628792100,+3.46,+26.239, +6.142,+0.973
1628792160,+3.46,+26.239, +6.131,+0.972
1628792220,+3.46,+26.222, +6.120,+0.972
1628792280,+3.46,+26.230, +6.218,+0.973
1628792340,+3.46,+26.256, +6.228,+0.973
1628792400,+3.46,+26.239, +6.167,+0.972
1628792460,+3.46,+26.230, +6.005,+0.972
1628792520,+3.46,+26.230, +6.125,+0.973
1628792580,+3.46,+26.239, +6.112,+0.973
1628792640,+3.46,+26.256, +6.152,+0.973
1628792700,+3.46,+26.247, +6.300,+0.973
1628792760,+3.46,+26.272, +6.364,+0.973
1628792820,+3.46,+26.247, +6.372,+0.972
1628792880,+3.46,+26.264, +6.307,+0.973
1628792940,+3.46,+26.247, +6.095,+0.973
1628793000,+3.46,+26.264, +6.167,+0.973
1628793060,+3.46,+26.247, +6.255,+0.973
1628793120,+3.46,+26.256, +6.235,+0.973
1628793180,+3.46,+26.256, +6.214,+0.972
1628793240,+3.46,+26.272, +6.386,+0.973
1628793300,+3.46,+26.289, +6.428,+0.973
1628793360,+3.46,+26.264, +6.247,+0.972
1628793420,+3.46,+26.272, +6.321,+0.973
1628793480,+3.46,+26.281, +6.434,+0.973
1628793540,+3.46,+26.289, +6.263,+0.973
1628793600,+3.46,+26.272, +6.287,+0.973
1628793660,+3.46,+26.264, +6.145,+0.973
1628793720,+3.46,+26.264, +6.139,+0.973
1628793780,+3.46,+26.272, +6.443,+0.973
1628793840,+3.46,+26.289, +6.498,+0.973
1628793900,+3.46,+26.289, +6.375,+0.973
1628793960,+3.46,+26.281, +6.380,+0.973
1628794020,+3.46,+26.298, +6.405,+0.973
1628794080,+3.46,+26.306, +6.453,+0.973
1628794140,+3.46,+26.315, +6.359,+0.972
1628794200,+3.46,+26.323, +6.250,+0.972
1628794260,+3.46,+26.340, +6.524,+0.973
1628794320,+3.46,+26.323, +6.595,+0.973
1628794380,+3.46,+26.340, +6.660,+0.973
1628794440,+3.46,+26.332, +6.520,+0.973
1628794500,+3.46,+26.365, +6.549,+0.973
1628794560,+3.46,+26.340, +6.420,+0.972
1628794620,+3.46,+26.349, +6.612,+0.973
1628794680,+3.46,+26.365, +6.571,+0.973
1628794740,+3.46,+26.357, +6.349,+0.973
1628794800,+3.46,+26.357, +6.361,+0.973
1628794860,+3.46,+26.340, +6.536,+0.973
1628794920,+3.46,+26.391, +6.675,+0.972
1628794980,+3.46,+26.391, +6.595,+0.973
1628795040,+3.46,+26.391, +6.645,+0.973
1628795100,+3.46,+26.416, +6.588,+0.973
1628795160,+3.46,+26.399, +6.597,+0.974
1628795220,+3.46,+26.399, +6.614,+0.973
1628795280,+3.46,+26.408, +6.580,+0.973
1628795340,+3.46,+26.416, +6.676,+0.973
1628795400,+3.46,+26.425, +6.680,+0.973
1628795460,+3.46,+26.416, +6.554,+0.973
1628795520,+3.46,+26.433, +6.754,+0.973
1628795580,+3.46,+26.433, +6.762,+0.973
1628795640,+3.46,+26.433, +6.725,+0.973
1628795700,+3.46,+26.425, +6.694,+0.973
1628795760,+3.46,+26.425, +6.743,+0.973
1628795820,+3.46,+26.433, +6.828,+0.973
1628795880,+3.46,+26.433, +6.782,+0.973
1628795940,+3.46,+26.442, +6.752,+0.973
1628796000,+3.46,+26.442, +6.778,+0.973
1628796060,+3.46,+26.433, +6.832,+0.973
1628796120,+3.46,+26.442, +6.966,+0.974
1628796180,+3.46,+26.467, +6.860,+0.973
1628796240,+3.46,+26.475, +6.919,+0.973
1628796300,+3.46,+26.475, +6.953,+0.974
1628796360,+3.46,+26.467, +6.757,+0.973
1628796420,+3.46,+26.450, +6.790,+0.973
1628796480,+3.46,+26.475, +6.932,+0.974
1628796540,+3.46,+26.467, +6.994,+0.973
1628796600,+3.46,+26.458, +6.827,+0.973
1628796660,+3.46,+26.442, +6.808,+0.973
1628796720,+3.46,+26.458, +6.755,+0.973
1628796780,+3.46,+26.433, +6.626,+0.973
1628796840,+3.46,+26.458, +6.768,+0.973
1628796900,+3.46,+26.467, +6.842,+0.973
1628796960,+3.46,+26.467, +6.866,+0.973
1628797020,+3.46,+26.492, +6.898,+0.974
1628797080,+3.46,+26.492, +6.815,+0.973
1628797140,+3.46,+26.492, +6.930,+0.974
1628797200,+3.46,+26.509, +7.067,+0.974
1628797260,+3.46,+26.518, +7.048,+0.974
1628797320,+3.46,+26.526, +7.042,+0.973
1628797380,+3.46,+26.526, +7.055,+0.974
1628797440,+3.46,+26.526, +7.079,+0.974
1628797500,+3.46,+26.526, +7.101,+0.974
1628797560,+3.46,+26.526, +7.032,+0.974
1628797620,+3.46,+26.551, +7.012,+0.974
1628797680,+3.46,+26.535, +7.082,+0.974
1628797740,+3.46,+26.535, +7.016,+0.974
1628797800,+3.46,+26.551, +7.074,+0.974
1628797860,+3.46,+26.535, +7.085,+0.974
1628797920,+3.46,+26.543, +7.145,+0.974
1628797980,+3.46,+26.543, +7.169,+0.974
1628798040,+3.46,+26.551, +7.092,+0.973
1628798100,+3.46,+26.551, +7.042,+0.973
1628798160,+3.46,+26.551, +7.075,+0.974
1628798220,+3.47,+26.560, +7.136,+0.974
1628798280,+3.47,+26.560, +7.054,+0.974
1628798340,+3.47,+26.551, +7.170,+0.974
1628798400,+3.47,+26.568, +7.153,+0.974
1628798460,+3.47,+26.568, +7.135,+0.974
1628798520,+3.47,+26.568, +7.036,+0.973
1628798580,+3.47,+26.577, +7.029,+0.973
1628798640,+3.47,+26.577, +7.283,+0.973
1628798700,+3.47,+26.594, +7.375,+0.974
1628798760,+3.47,+26.594, +7.423,+0.974
1628798820,+3.47,+26.568, +7.137,+0.973
1628798880,+3.47,+26.594, +7.288,+0.974
1628798940,+3.47,+26.602, +7.340,+0.974
1628799000,+3.47,+26.594, +7.240,+0.973
1628799060,+3.47,+26.619, +7.307,+0.974
1628799120,+3.47,+26.628, +7.288,+0.974
1628799180,+3.47,+26.611, +7.245,+0.974
1628799240,+3.47,+26.619, +7.234,+0.973
1628799300,+3.47,+26.645, +7.161,+0.974
1628799360,+3.47,+26.645, +7.288,+0.974
1628799420,+3.47,+26.636, +7.220,+0.974
1628799480,+3.47,+26.645, +7.176,+0.974
1628799540,+3.47,+26.645, +7.202,+0.974
1628799600,+3.47,+26.661, +7.299,+0.975
1628799660,+3.47,+26.678, +7.335,+0.974
1628799720,+3.47,+26.661, +7.296,+0.974
1628799780,+3.47,+26.687, +7.478,+0.974
1628799840,+3.47,+26.738, +7.586,+0.975
1628799900,+3.47,+26.704, +7.484,+0.974
1628799960,+3.47,+26.712, +7.363,+0.974
1628800020,+3.47,+26.712, +7.403,+0.974
1628800080,+3.47,+26.729, +7.352,+0.973
1628800140,+3.47,+26.729, +7.474,+0.973
1628800200,+3.47,+26.755, +7.586,+0.974
1628800260,+3.47,+26.746, +7.569,+0.974
1628800320,+3.47,+26.755, +7.502,+0.974
1628800380,+3.47,+26.755, +7.482,+0.974
1628800440,+3.47,+26.772, +7.665,+0.975
1628800500,+3.47,+26.805, +7.623,+0.974
1628800560,+3.47,+26.822, +7.571,+0.974
1628800620,+3.47,+26.788, +7.565,+0.975
1628800680,+3.47,+26.805, +7.605,+0.974
1628800740,+3.47,+26.831, +7.678,+0.974
1628800800,+3.47,+26.848, +7.800,+0.975
1628800860,+3.47,+26.882, +7.915,+0.975
1628800920,+3.47,+26.907, +7.947,+0.974
1628800980,+3.47,+26.899, +7.814,+0.975
1628801040,+3.47,+26.932, +7.866,+0.975
1628801100,+3.47,+26.924, +7.818,+0.976
1628801160,+3.47,+26.924, +7.902,+0.975
1628801220,+3.47,+26.941, +8.008,+0.975
1628801280,+3.47,+26.958, +7.896,+0.974
1628801340,+3.47,+26.958, +7.954,+0.975
1628801400,+3.47,+26.975, +7.932,+0.975
1628801460,+3.46,+26.992, +7.933,+0.975
1628801520,+3.46,+27.000, +7.984,+0.975
1628801580,+3.47,+26.992, +8.048,+0.975
1628801640,+3.46,+27.043, +8.160,+0.976
1628801700,+3.46,+27.043, +8.180,+0.975
1628801760,+3.46,+27.060, +8.191,+0.976
1628801820,+3.46,+27.077, +8.172,+0.975
1628801880,+3.46,+27.085, +8.267,+0.975
1628801940,+3.46,+27.094, +8.268,+0.975
1628802000,+3.46,+27.102, +8.295,+0.976
1628802060,+3.46,+27.102, +8.237,+0.974
1628802120,+3.46,+27.094, +8.250,+0.976
1628802180,+3.46,+27.119, +8.317,+0.976
1628802240,+3.46,+27.111, +8.503,+0.975
1628802300,+3.46,+27.144, +8.525,+0.976
1628802360,+3.46,+27.161, +8.472,+0.975
1628802420,+3.46,+27.161, +8.550,+0.976
1628802480,+3.46,+27.161, +8.361,+0.976
1628802540,+3.46,+27.144, +8.348,+0.975
1628802600,+3.46,+27.144, +8.362,+0.975
1628802660,+3.46,+27.111, +8.261,+0.976
1628802720,+3.46,+27.136, +8.414,+0.976
1628802780,+3.46,+27.128, +8.364,+0.975
1628802840,+3.46,+27.119, +8.378,+0.976
1628802900,+3.46,+27.119, +8.312,+0.975
1628802960,+3.46,+27.119, +8.373,+0.975
1628803020,+3.46,+27.144, +8.436,+0.976
1628803080,+3.46,+27.136, +8.350,+0.976
1628803140,+3.46,+27.111, +8.249,+0.976
1628803200,+3.46,+27.119, +8.235,+0.975
1628803260,+3.46,+27.128, +8.454,+0.975
1628803320,+3.46,+27.144, +8.430,+0.975
1628803380,+3.46,+27.144, +8.409,+0.976
1628803440,+3.46,+27.144, +8.411,+0.976
1628803500,+3.46,+27.136, +8.274,+0.975
1628803560,+3.46,+27.119, +8.266,+0.975
1628803620,+3.46,+27.128, +8.317,+0.976
1628803680,+3.46,+27.102, +8.218,+0.975
1628803740,+3.46,+27.094, +8.185,+0.975
1628803800,+3.46,+27.119, +8.499,+0.975
1628803860,+3.46,+27.153, +8.729,+0.975
1628803920,+3.46,+27.187, +8.728,+0.976
1628803980,+3.46,+27.161, +8.636,+0.976
1628804040,+3.46,+27.187, +8.608,+0.976
1628804100,+3.46,+27.170, +8.593,+0.975
1628804160,+3.46,+27.170, +8.626,+0.975
1628804220,+3.46,+27.161, +8.577,+0.975
1628804280,+3.46,+27.187, +8.617,+0.976
1628804340,+3.46,+27.170, +8.586,+0.975
1628804400,+3.46,+27.178, +8.572,+0.975
1628804460,+3.46,+27.187, +8.546,+0.975
1628804520,+3.46,+27.178, +8.534,+0.975
1628804580,+3.46,+27.178, +8.568,+0.976
1628804640,+3.46,+27.178, +8.658,+0.976
1628804700,+3.46,+27.195, +8.724,+0.975
1628804760,+3.46,+27.187, +8.811,+0.976
1628804820,+3.46,+27.221, +8.858,+0.976
1628804880,+3.46,+27.212, +8.874,+0.976
1628804940,+3.46,+27.238, +8.865,+0.976
1628805000,+3.46,+27.229, +8.852,+0.977
1628805060,+3.46,+27.238, +8.817,+0.976
1628805120,+3.46,+27.255, +8.822,+0.976
1628805180,+3.46,+27.263, +8.798,+0.976
1628805240,+3.46,+27.255, +8.738,+0.975
1628805300,+3.46,+27.255, +8.824,+0.975
1628805360,+3.46,+27.272, +8.857,+0.975
1628805420,+3.46,+27.255, +8.873,+0.976
1628805480,+3.46,+27.272, +8.890,+0.975
1628805540,+3.46,+27.280, +8.927,+0.976
1628805600,+3.46,+27.289, +8.940,+0.976
1628805660,+3.46,+27.297, +8.942,+0.976
1628805720,+3.46,+27.289, +8.910,+0.976
1628805780,+3.46,+27.289, +8.898,+0.976
1628805840,+3.46,+27.306, +8.885,+0.976
1628805900,+3.46,+27.314, +8.844,+0.975
1628805960,+3.46,+27.297, +8.858,+0.975
1628806020,+3.46,+27.314, +8.887,+0.976
1628806080,+3.46,+27.331, +8.934,+0.976
1628806140,+3.46,+27.340, +8.913,+0.975
1628806200,+3.46,+27.357, +9.074,+0.977
1628806260,+3.46,+27.374, +9.068,+0.976
1628806320,+3.46,+27.391, +9.144,+0.976
1628806380,+3.46,+27.425, +9.156,+0.977
1628806440,+3.46,+27.433, +9.131,+0.976
1628806500,+3.46,+27.425, +9.104,+0.976
1628806560,+3.46,+27.416, +9.138,+0.976
1628806620,+3.46,+27.416, +9.142,+0.976
1628806680,+3.46,+27.425, +9.150,+0.976
1628806740,+3.46,+27.442, +9.179,+0.977
1628806800,+3.46,+27.442, +9.147,+0.976
1628806860,+3.46,+27.450, +9.164,+0.976
1628806920,+3.46,+27.450, +9.150,+0.976
1628806980,+3.46,+27.450, +9.176,+0.976
1628807040,+3.46,+27.450, +9.121,+0.976
1628807100,+3.46,+27.459, +9.146,+0.976
1628807160,+3.46,+27.467, +9.133,+0.976
1628807220,+3.46,+27.476, +9.210,+0.976
1628807280,+3.46,+27.501, +9.239,+0.977
1628807340,+3.46,+27.501, +9.279,+0.976
1628807400,+3.46,+27.518, +9.258,+0.977
1628807460,+3.46,+27.527, +9.237,+0.975
1628807520,+3.46,+27.544, +9.254,+0.976
1628807580,+3.46,+27.535, +9.274,+0.976
1628807640,+3.46,+27.544, +9.253,+0.976
1628807700,+3.46,+27.544, +9.262,+0.977
1628807760,+3.46,+27.561, +9.302,+0.977
1628807820,+3.46,+27.586, +9.299,+0.977
1628807880,+3.46,+27.586, +9.233,+0.976
1628807940,+3.47,+27.569, +9.265,+0.976
1628808000,+3.46,+27.578, +9.265,+0.976
1628808060,+3.46,+27.586, +9.268,+0.976
1628808120,+3.47,+27.595, +9.239,+0.976
1628808180,+3.46,+27.612, +9.221,+0.976
1628808240,+3.47,+27.646, +9.262,+0.976
1628808300,+3.47,+27.646, +9.312,+0.977
1628808360,+3.47,+27.671, +9.303,+0.976
1628808420,+3.47,+27.654, +9.314,+0.977
1628808480,+3.47,+27.671, +9.349,+0.977
1628808540,+3.47,+27.697, +9.411,+0.977
1628808600,+3.47,+27.705, +9.398,+0.977
1628808660,+3.47,+27.714, +9.421,+0.976
1628808720,+3.47,+27.722, +9.408,+0.976
1628808780,+3.47,+27.748, +9.433,+0.977
1628808840,+3.47,+27.765, +9.443,+0.976
