7450-735719
OS REV: 1.05 Sensor Cal: 1573748658
Time (sec),  BV (Volts),  T (deg C),  DO (mg/l),  Q ()
1628808900,+3.47,+27.782, +9.479,+0.977
1628808960,+3.47,+27.765, +9.359,+0.977
1628809020,+3.47,+27.782, +9.245,+0.976
1628809080,+3.47,+27.790, +9.263,+0.977
1628809140,+3.47,+27.782, +9.288,+0.977
1628809200,+3.47,+27.773, +9.301,+0.977
1628809260,+3.47,+27.782, +9.318,+0.978
1628809320,+3.47,+27.773, +9.324,+0.977
1628809380,+3.47,+27.765, +9.304,+0.977
1628809440,+3.47,+27.773, +9.295,+0.977
1628809500,+3.47,+27.799, +9.329,+0.977
1628809560,+3.47,+27.799, +9.356,+0.977
1628809620,+3.47,+27.790, +9.345,+0.977
1628809680,+3.47,+27.782, +9.385,+0.977
1628809740,+3.47,+27.799, +9.436,+0.978
1628809800,+3.47,+27.807, +9.469,+0.977
1628809860,+3.47,+27.841, +9.504,+0.978
1628809920,+3.47,+27.867, +9.534,+0.977
1628809980,+3.47,+27.875, +9.512,+0.977
1628810040,+3.47,+27.867, +9.532,+0.978
1628810100,+3.47,+27.884, +9.543,+0.977
1628810160,+3.47,+27.901, +9.555,+0.977
1628810220,+3.47,+27.892, +9.534,+0.977
1628810280,+3.47,+27.892, +9.468,+0.977
1628810340,+3.47,+27.892, +9.512,+0.978
1628810400,+3.47,+27.901, +9.503,+0.977
1628810460,+3.47,+27.901, +9.523,+0.978
1628810520,+3.47,+27.909, +9.451,+0.978
1628810580,+3.47,+27.909, +9.509,+0.978
1628810640,+3.47,+27.918, +9.483,+0.977
1628810700,+3.47,+27.927, +9.561,+0.978
1628810760,+3.47,+27.944, +9.585,+0.977
1628810820,+3.47,+27.952, +9.576,+0.977
1628810880,+3.47,+27.952, +9.566,+0.977
1628810940,+3.47,+27.986, +9.596,+0.977
1628811000,+3.47,+27.978, +9.607,+0.978
1628811060,+3.47,+27.978, +9.581,+0.978
1628811120,+3.47,+27.978, +9.552,+0.978
1628811180,+3.47,+28.003, +9.521,+0.977
1628811240,+3.47,+28.003, +9.496,+0.977
1628811300,+3.47,+28.029, +9.611,+0.977
1628811360,+3.47,+28.029, +9.625,+0.978
1628811420,+3.47,+28.020, +9.572,+0.977
1628811480,+3.47,+28.037, +9.622,+0.977
1628811540,+3.47,+28.003, +9.557,+0.977
1628811600,+3.47,+28.029, +9.538,+0.978
1628811660,+3.47,+28.020, +9.497,+0.976
1628811720,+3.47,+28.003, +9.526,+0.978
1628811780,+3.47,+28.020, +9.475,+0.977
1628811840,+3.47,+28.003, +9.485,+0.977
1628811900,+3.47,+27.978, +9.525,+0.977
1628811960,+3.47,+28.020, +9.562,+0.978
1628812020,+3.47,+28.029, +9.531,+0.978
1628812080,+3.47,+28.046, +9.596,+0.977
1628812140,+3.47,+28.054, +9.608,+0.977
1628812200,+3.47,+28.054, +9.493,+0.978
1628812260,+3.47,+28.063, +9.539,+0.977
1628812320,+3.47,+28.063, +9.548,+0.978
1628812380,+3.47,+28.080, +9.580,+0.979
1628812440,+3.47,+28.071, +9.564,+0.977
1628812500,+3.47,+28.071, +9.549,+0.977
1628812560,+3.47,+28.071, +9.581,+0.977
1628812620,+3.47,+28.071, +9.536,+0.977
1628812680,+3.47,+28.088, +9.567,+0.977
1628812740,+3.47,+28.105, +9.688,+0.978
1628812800,+3.47,+28.114, +9.723,+0.978
1628812860,+3.47,+28.105, +9.704,+0.977
1628812920,+3.47,+28.105, +9.689,+0.979
1628812980,+3.47,+28.097, +9.660,+0.979
1628813040,+3.47,+28.123, +9.642,+0.978
1628813100,+3.47,+28.131, +9.640,+0.978
1628813160,+3.47,+28.157, +9.673,+0.977
1628813220,+3.47,+28.165, +9.576,+0.977
1628813280,+3.47,+28.157, +9.694,+0.979
1628813340,+3.47,+28.148, +9.711,+0.978
1628813400,+3.47,+28.140, +9.687,+0.978
1628813460,+3.47,+28.157, +9.573,+0.978
1628813520,+3.47,+28.174, +9.584,+0.977
1628813580,+3.47,+28.182, +9.619,+0.977
1628813640,+3.47,+28.174, +9.652,+0.977
1628813700,+3.47,+28.191, +9.705,+0.978
1628813760,+3.47,+28.199, +9.662,+0.978
1628813820,+3.47,+28.174, +9.620,+0.977
1628813880,+3.47,+28.182, +9.485,+0.977
1628813940,+3.47,+28.182, +9.531,+0.978
1628814000,+3.47,+28.208, +9.637,+0.977
1628814060,+3.47,+28.199, +9.676,+0.978
1628814120,+3.47,+28.216, +9.720,+0.978
1628814180,+3.47,+28.182, +9.745,+0.978
1628814240,+3.47,+28.208, +9.694,+0.979
1628814300,+3.47,+28.199, +9.649,+0.978
1628814360,+3.47,+28.216, +9.545,+0.977
1628814420,+3.47,+28.199, +9.636,+0.978
1628814480,+3.47,+28.199, +9.675,+0.978
1628814540,+3.47,+28.199, +9.690,+0.977
1628814600,+3.47,+28.157, +9.723,+0.978
1628814660,+3.47,+28.165, +9.707,+0.978
1628814720,+3.47,+28.165, +9.685,+0.978
1628814780,+3.47,+28.174, +9.547,+0.977
1628814840,+3.47,+28.174, +9.680,+0.977
1628814900,+3.47,+28.165, +9.767,+0.977
1628814960,+3.47,+28.174, +9.748,+0.978
1628815020,+3.47,+28.191, +9.734,+0.979
1628815080,+3.47,+28.182, +9.707,+0.977
1628815140,+3.47,+28.191, +9.601,+0.977
1628815200,+3.47,+28.199, +9.570,+0.979
1628815260,+3.47,+28.199, +9.664,+0.977
1628815320,+3.47,+28.191, +9.748,+0.977
1628815380,+3.47,+28.182, +9.768,+0.978
1628815440,+3.47,+28.165, +9.800,+0.978
1628815500,+3.47,+28.174, +9.832,+0.978
1628815560,+3.47,+28.174, +9.836,+0.978
1628815620,+3.47,+28.165, +9.791,+0.978
1628815680,+3.47,+28.174, +9.735,+0.977
1628815740,+3.47,+28.199, +9.566,+0.978
1628815800,+3.47,+28.165, +9.718,+0.978
1628815860,+3.47,+28.148, +9.702,+0.978
1628815920,+3.47,+28.148, +9.640,+0.977
1628815980,+3.47,+28.157, +9.740,+0.977
1628816040,+3.47,+28.165, +9.759,+0.978
1628816100,+3.47,+28.157, +9.687,+0.977
1628816160,+3.47,+28.140, +9.752,+0.978
1628816220,+3.47,+28.148, +9.744,+0.978
1628816280,+3.47,+28.157, +9.642,+0.977
1628816340,+3.47,+28.140, +9.597,+0.977
1628816400,+3.47,+28.157, +9.617,+0.978
1628816460,+3.47,+28.140, +9.720,+0.977
1628816520,+3.47,+28.157, +9.455,+0.977
1628816580,+3.47,+28.140, +9.561,+0.978
1628816640,+3.47,+28.140, +9.687,+0.979
1628816700,+3.47,+28.131, +9.764,+0.978
1628816760,+3.47,+28.131, +9.753,+0.978
1628816820,+3.47,+28.114, +9.720,+0.978
1628816880,+3.47,+28.140, +9.581,+0.978
1628816940,+3.47,+28.131, +9.695,+0.977
1628817000,+3.47,+28.123, +9.755,+0.978
1628817060,+3.47,+28.097, +9.699,+0.978
1628817120,+3.47,+28.097, +9.614,+0.978
1628817180,+3.47,+28.105, +9.744,+0.978
1628817240,+3.47,+28.097, +9.751,+0.977
1628817300,+3.47,+28.088, +9.689,+0.978
1628817360,+3.47,+28.105, +9.584,+0.978
1628817420,+3.47,+28.097, +9.567,+0.978
1628817480,+3.47,+28.123, +9.523,+0.977
1628817540,+3.47,+28.114, +9.515,+0.977
1628817600,+3.47,+28.131, +9.743,+0.977
1628817660,+3.47,+28.123, +9.793,+0.978
1628817720,+3.47,+28.105, +9.784,+0.978
1628817780,+3.47,+28.088, +9.790,+0.979
1628817840,+3.47,+28.131, +9.561,+0.978
1628817900,+3.47,+28.140, +9.619,+0.978
1628817960,+3.47,+28.131, +9.492,+0.978
1628818020,+3.47,+28.140, +9.516,+0.976
1628818080,+3.47,+28.148, +9.533,+0.977
1628818140,+3.47,+28.131, +9.700,+0.978
1628818200,+3.47,+28.123, +9.691,+0.977
1628818260,+3.47,+28.114, +9.732,+0.978
1628818320,+3.47,+28.105, +9.746,+0.977
1628818380,+3.47,+28.097, +9.702,+0.978
1628818440,+3.47,+28.105, +9.694,+0.977
1628818500,+3.47,+28.097, +9.656,+0.978
1628818560,+3.47,+28.088, +9.670,+0.978
1628818620,+3.47,+28.088, +9.683,+0.977
1628818680,+3.47,+28.080, +9.687,+0.977
1628818740,+3.47,+28.088, +9.654,+0.978
1628818800,+3.47,+28.080, +9.586,+0.978
1628818860,+3.47,+28.105, +9.629,+0.978
1628818920,+3.47,+28.080, +9.685,+0.979
1628818980,+3.47,+28.071, +9.493,+0.978
1628819040,+3.47,+28.071, +9.439,+0.978
1628819100,+3.47,+28.063, +9.495,+0.977
1628819160,+3.47,+28.054, +9.404,+0.978
1628819220,+3.47,+28.046, +9.530,+0.978
1628819280,+3.47,+28.037, +9.554,+0.978
1628819340,+3.47,+28.037, +9.630,+0.977
1628819400,+3.47,+28.029, +9.622,+0.977
1628819460,+3.47,+28.029, +9.667,+0.978
1628819520,+3.47,+28.003, +9.530,+0.977
1628819580,+3.47,+28.003, +9.529,+0.977
1628819640,+3.47,+27.978, +9.573,+0.977
1628819700,+3.47,+27.995, +9.613,+0.978
1628819760,+3.47,+27.995, +9.638,+0.978
1628819820,+3.47,+27.978, +9.650,+0.978
1628819880,+3.47,+27.995, +9.610,+0.977
1628819940,+3.47,+27.986, +9.389,+0.977
1628820000,+3.47,+27.978, +9.300,+0.978
1628820060,+3.47,+27.986, +9.533,+0.978
1628820120,+3.47,+27.978, +9.593,+0.977
1628820180,+3.47,+27.961, +9.624,+0.978
1628820240,+3.47,+27.952, +9.607,+0.978
1628820300,+3.47,+27.961, +9.516,+0.977
1628820360,+3.47,+27.952, +9.394,+0.978
1628820420,+3.47,+27.944, +9.470,+0.978
1628820480,+3.47,+27.944, +9.535,+0.977
1628820540,+3.47,+27.918, +9.545,+0.977
1628820600,+3.47,+27.918, +9.462,+0.977
1628820660,+3.47,+27.918, +9.511,+0.977
1628820720,+3.47,+27.918, +9.513,+0.977
1628820780,+3.47,+27.909, +9.555,+0.977
1628820840,+3.47,+27.909, +9.553,+0.977
1628820900,+3.47,+27.918, +9.608,+0.977
1628820960,+3.47,+27.909, +9.518,+0.977
1628821020,+3.47,+27.892, +9.429,+0.977
1628821080,+3.47,+27.884, +9.403,+0.977
1628821140,+3.47,+27.892, +9.473,+0.977
1628821200,+3.47,+27.875, +9.428,+0.977
1628821260,+3.47,+27.875, +9.455,+0.978
1628821320,+3.47,+27.867, +9.453,+0.977
1628821380,+3.47,+27.850, +9.516,+0.977
1628821440,+3.47,+27.858, +9.440,+0.977
1628821500,+3.47,+27.850, +9.407,+0.977
1628821560,+3.47,+27.833, +9.568,+0.977
1628821620,+3.47,+27.833, +9.517,+0.977
1628821680,+3.47,+27.816, +9.544,+0.977
1628821740,+3.47,+27.807, +9.495,+0.978
1628821800,+3.47,+27.807, +9.465,+0.978
1628821860,+3.47,+27.799, +9.441,+0.977
1628821920,+3.47,+27.807, +9.367,+0.978
1628821980,+3.47,+27.790, +9.355,+0.977
1628822040,+3.47,+27.799, +9.414,+0.978
1628822100,+3.47,+27.773, +9.438,+0.977
1628822160,+3.47,+27.765, +9.517,+0.978
1628822220,+3.47,+27.756, +9.361,+0.977
1628822280,+3.47,+27.756, +9.409,+0.977
1628822340,+3.47,+27.756, +9.468,+0.977
1628822400,+3.47,+27.756, +9.498,+0.977
1628822460,+3.47,+27.748, +9.492,+0.977
1628822520,+3.47,+27.722, +9.377,+0.977
1628822580,+3.47,+27.748, +9.487,+0.978
1628822640,+3.47,+27.739, +9.360,+0.976
1628822700,+3.47,+27.722, +9.290,+0.977
1628822760,+3.47,+27.705, +9.243,+0.977
1628822820,+3.47,+27.714, +9.256,+0.977
1628822880,+3.47,+27.705, +9.361,+0.977
1628822940,+3.47,+27.705, +9.444,+0.977
1628823000,+3.47,+27.722, +9.435,+0.977
1628823060,+3.47,+27.688, +9.224,+0.977
1628823120,+3.47,+27.697, +9.283,+0.977
1628823180,+3.47,+27.705, +9.437,+0.977
1628823240,+3.47,+27.688, +9.242,+0.977
1628823300,+3.47,+27.688, +9.302,+0.978
1628823360,+3.47,+27.697, +9.290,+0.977
1628823420,+3.47,+27.671, +9.149,+0.977
1628823480,+3.47,+27.688, +9.295,+0.977
1628823540,+3.47,+27.688, +9.294,+0.977
1628823600,+3.47,+27.680, +9.371,+0.977
1628823660,+3.47,+27.671, +9.271,+0.977
1628823720,+3.47,+27.663, +9.119,+0.977
1628823780,+3.47,+27.646, +9.041,+0.977
1628823840,+3.47,+27.654, +9.172,+0.977
1628823900,+3.47,+27.646, +9.208,+0.978
1628823960,+3.47,+27.646, +9.321,+0.977
1628824020,+3.47,+27.637, +9.317,+0.977
1628824080,+3.47,+27.654, +9.342,+0.977
1628824140,+3.47,+27.654, +9.320,+0.977
1628824200,+3.47,+27.637, +9.231,+0.977
1628824260,+3.47,+27.620, +9.232,+0.977
1628824320,+3.47,+27.629, +9.191,+0.977
1628824380,+3.47,+27.629, +9.252,+0.978
1628824440,+3.47,+27.612, +9.137,+0.977
1628824500,+3.47,+27.595, +9.195,+0.977
1628824560,+3.47,+27.595, +9.116,+0.977
1628824620,+3.47,+27.595, +9.217,+0.978
1628824680,+3.47,+27.578, +9.014,+0.976
1628824740,+3.46,+27.578, +9.016,+0.977
1628824800,+3.46,+27.569, +9.077,+0.977
1628824860,+3.46,+27.578, +9.133,+0.977
1628824920,+3.46,+27.552, +9.046,+0.977
1628824980,+3.46,+27.578, +9.145,+0.977
1628825040,+3.47,+27.561, +9.214,+0.977
1628825100,+3.46,+27.569, +9.159,+0.977
1628825160,+3.47,+27.561, +9.152,+0.976
1628825220,+3.46,+27.569, +9.132,+0.978
1628825280,+3.46,+27.544, +9.108,+0.977
1628825340,+3.46,+27.569, +9.096,+0.977
1628825400,+3.46,+27.552, +9.041,+0.977
1628825460,+3.46,+27.527, +8.981,+0.976
1628825520,+3.46,+27.518, +9.030,+0.977
1628825580,+3.46,+27.518, +9.009,+0.977
1628825640,+3.46,+27.527, +9.086,+0.977
1628825700,+3.46,+27.518, +9.084,+0.977
1628825760,+3.46,+27.518, +8.972,+0.976
1628825820,+3.46,+27.518, +8.998,+0.976
1628825880,+3.46,+27.501, +8.912,+0.976
1628825940,+3.46,+27.493, +8.822,+0.976
1628826000,+3.46,+27.476, +8.786,+0.976
1628826060,+3.46,+27.484, +8.819,+0.976
1628826120,+3.46,+27.467, +8.890,+0.977
1628826180,+3.46,+27.476, +8.952,+0.976
1628826240,+3.46,+27.467, +8.957,+0.977
1628826300,+3.46,+27.476, +8.955,+0.977
1628826360,+3.46,+27.467, +8.992,+0.977
1628826420,+3.46,+27.442, +8.781,+0.977
1628826480,+3.46,+27.425, +8.717,+0.977
1628826540,+3.46,+27.433, +8.814,+0.977
1628826600,+3.46,+27.433, +8.786,+0.976
1628826660,+3.46,+27.399, +8.622,+0.975
1628826720,+3.46,+27.374, +8.603,+0.976
1628826780,+3.46,+27.399, +8.823,+0.977
1628826840,+3.46,+27.399, +8.675,+0.976
1628826900,+3.46,+27.374, +8.711,+0.976
1628826960,+3.46,+27.399, +8.788,+0.976
1628827020,+3.46,+27.399, +8.769,+0.977
1628827080,+3.46,+27.408, +8.725,+0.976
1628827140,+3.46,+27.382, +8.665,+0.977
1628827200,+3.46,+27.357, +8.666,+0.977
1628827260,+3.46,+27.382, +8.727,+0.976
1628827320,+3.46,+27.382, +8.730,+0.976
1628827380,+3.46,+27.391, +8.733,+0.976
1628827440,+3.46,+27.391, +8.697,+0.976
1628827500,+3.46,+27.365, +8.690,+0.976
1628827560,+3.46,+27.374, +8.731,+0.977
1628827620,+3.46,+27.374, +8.717,+0.976
1628827680,+3.46,+27.357, +8.593,+0.976
1628827740,+3.46,+27.348, +8.562,+0.975
1628827800,+3.46,+27.348, +8.553,+0.976
1628827860,+3.46,+27.340, +8.590,+0.975
1628827920,+3.46,+27.340, +8.662,+0.975
1628827980,+3.46,+27.331, +8.614,+0.976
1628828040,+3.46,+27.348, +8.558,+0.976
1628828100,+3.46,+27.323, +8.598,+0.976
1628828160,+3.46,+27.357, +8.655,+0.976
1628828220,+3.46,+27.340, +8.588,+0.976
1628828280,+3.46,+27.331, +8.534,+0.976
1628828340,+3.46,+27.306, +8.491,+0.977
1628828400,+3.46,+27.280, +8.475,+0.976
1628828460,+3.46,+27.280, +8.478,+0.976
1628828520,+3.46,+27.289, +8.512,+0.976
1628828580,+3.46,+27.289, +8.564,+0.977
1628828640,+3.46,+27.323, +8.574,+0.976
1628828700,+3.46,+27.314, +8.549,+0.975
1628828760,+3.46,+27.297, +8.500,+0.976
1628828820,+3.46,+27.297, +8.481,+0.976
1628828880,+3.46,+27.297, +8.460,+0.977
1628828940,+3.46,+27.289, +8.422,+0.976
1628829000,+3.46,+27.272, +8.396,+0.976
1628829060,+3.46,+27.272, +8.435,+0.976
1628829120,+3.46,+27.263, +8.495,+0.976
1628829180,+3.46,+27.272, +8.434,+0.976
1628829240,+3.46,+27.263, +8.384,+0.976
1628829300,+3.47,+27.246, +8.394,+0.976
1628829360,+3.47,+27.263, +8.442,+0.977
1628829420,+3.46,+27.246, +8.399,+0.976
1628829480,+3.46,+27.263, +8.395,+0.976
1628829540,+3.46,+27.263, +8.461,+0.976
1628829600,+3.46,+27.255, +8.455,+0.976
1628829660,+3.46,+27.280, +8.403,+0.976
1628829720,+3.46,+27.238, +8.321,+0.976
1628829780,+3.47,+27.229, +8.350,+0.976
1628829840,+3.46,+27.238, +8.356,+0.976
1628829900,+3.46,+27.238, +8.356,+0.976
1628829960,+3.46,+27.238, +8.379,+0.976
1628830020,+3.47,+27.238, +8.366,+0.976
1628830080,+3.46,+27.238, +8.294,+0.976
1628830140,+3.46,+27.221, +8.277,+0.976
1628830200,+3.47,+27.212, +8.279,+0.975
1628830260,+3.47,+27.212, +8.333,+0.976
1628830320,+3.46,+27.212, +8.309,+0.976
1628830380,+3.46,+27.221, +8.303,+0.975
1628830440,+3.46,+27.212, +8.343,+0.976
1628830500,+3.46,+27.212, +8.259,+0.975
1628830560,+3.46,+27.212, +8.300,+0.977
1628830620,+3.46,+27.212, +8.286,+0.976
1628830680,+3.47,+27.212, +8.242,+0.976
1628830740,+3.46,+27.195, +8.259,+0.976
1628830800,+3.47,+27.204, +8.217,+0.975
1628830860,+3.47,+27.178, +8.234,+0.976
1628830920,+3.46,+27.195, +8.202,+0.976
1628830980,+3.47,+27.161, +8.178,+0.976
1628831040,+3.47,+27.170, +8.189,+0.975
1628831100,+3.47,+27.161, +8.215,+0.975
1628831160,+3.47,+27.187, +8.258,+0.976
1628831220,+3.47,+27.161, +8.218,+0.976
1628831280,+3.47,+27.178, +8.198,+0.975
1628831340,+3.46,+27.170, +8.182,+0.975
1628831400,+3.47,+27.178, +8.169,+0.975
1628831460,+3.47,+27.153, +8.127,+0.975
1628831520,+3.47,+27.144, +8.184,+0.975
1628831580,+3.47,+27.153, +8.203,+0.975
1628831640,+3.47,+27.144, +8.119,+0.975
1628831700,+3.47,+27.144, +8.119,+0.975
1628831760,+3.47,+27.119, +8.129,+0.976
1628831820,+3.47,+27.144, +8.147,+0.976
1628831880,+3.47,+27.128, +8.166,+0.976
1628831940,+3.47,+27.153, +8.198,+0.975
1628832000,+3.47,+27.153, +8.213,+0.975
1628832060,+3.47,+27.136, +8.168,+0.976
1628832120,+3.47,+27.144, +8.136,+0.975
1628832180,+3.47,+27.144, +8.166,+0.976
1628832240,+3.47,+27.128, +8.127,+0.975
1628832300,+3.47,+27.119, +8.103,+0.975
1628832360,+3.47,+27.119, +8.093,+0.976
1628832420,+3.47,+27.128, +8.135,+0.976
1628832480,+3.47,+27.111, +8.137,+0.976
1628832540,+3.47,+27.111, +8.115,+0.975
1628832600,+3.47,+27.119, +8.104,+0.975
1628832660,+3.47,+27.128, +8.087,+0.975
1628832720,+3.47,+27.102, +8.066,+0.976
1628832780,+3.47,+27.094, +8.085,+0.976
1628832840,+3.47,+27.111, +8.094,+0.975
1628832900,+3.47,+27.094, +8.106,+0.975
1628832960,+3.47,+27.102, +8.108,+0.976
1628833020,+3.47,+27.111, +8.090,+0.975
1628833080,+3.47,+27.094, +8.057,+0.976
1628833140,+3.47,+27.077, +8.020,+0.975
1628833200,+3.47,+27.077, +8.020,+0.975
1628833260,+3.47,+27.060, +8.024,+0.976
1628833320,+3.47,+27.034, +8.006,+0.975
1628833380,+3.47,+27.043, +8.012,+0.976
1628833440,+3.47,+27.043, +8.001,+0.975
1628833500,+3.47,+27.034, +8.025,+0.976
1628833560,+3.47,+27.034, +8.059,+0.975
1628833620,+3.47,+27.060, +8.052,+0.976
1628833680,+3.47,+27.060, +8.034,+0.975
1628833740,+3.47,+27.051, +8.019,+0.976
1628833800,+3.47,+27.043, +7.990,+0.975
1628833860,+3.47,+27.034, +7.984,+0.975
1628833920,+3.47,+27.026, +7.991,+0.976
1628833980,+3.47,+27.009, +8.004,+0.975
1628834040,+3.47,+27.026, +7.983,+0.976
1628834100,+3.47,+27.043, +8.021,+0.976
1628834160,+3.47,+27.043, +8.022,+0.976
1628834220,+3.47,+27.026, +7.973,+0.975
1628834280,+3.47,+27.017, +7.947,+0.975
1628834340,+3.47,+26.992, +7.939,+0.976
1628834400,+3.47,+26.975, +7.939,+0.975
1628834460,+3.47,+26.975, +7.962,+0.975
1628834520,+3.47,+27.000, +7.950,+0.975
1628834580,+3.47,+27.009, +7.957,+0.975
1628834640,+3.47,+27.009, +7.929,+0.975
1628834700,+3.47,+26.992, +7.907,+0.975
1628834760,+3.47,+26.975, +7.889,+0.975
1628834820,+3.47,+26.983, +7.915,+0.975
1628834880,+3.47,+26.992, +7.907,+0.976
1628834940,+3.47,+26.992, +7.884,+0.975
1628835000,+3.47,+26.975, +7.875,+0.976
1628835060,+3.47,+26.975, +7.883,+0.975
1628835120,+3.47,+26.983, +7.892,+0.975
1628835180,+3.47,+26.975, +7.894,+0.975
1628835240,+3.47,+26.983, +7.905,+0.976
1628835300,+3.47,+26.992, +7.886,+0.975
1628835360,+3.47,+27.000, +7.859,+0.975
1628835420,+3.47,+26.966, +7.851,+0.975
1628835480,+3.47,+26.975, +7.861,+0.975
1628835540,+3.47,+26.958, +7.863,+0.975
1628835600,+3.47,+26.966, +7.902,+0.975
1628835660,+3.47,+26.992, +7.899,+0.975
1628835720,+3.47,+26.992, +7.912,+0.975
1628835780,+3.47,+27.009, +7.894,+0.975
1628835840,+3.47,+27.000, +7.900,+0.975
1628835900,+3.47,+27.009, +7.871,+0.975
1628835960,+3.47,+26.966, +7.844,+0.975
1628836020,+3.47,+26.966, +7.850,+0.975
1628836080,+3.47,+26.958, +7.872,+0.976
1628836140,+3.47,+26.958, +7.864,+0.975
1628836200,+3.47,+26.958, +7.847,+0.975
1628836260,+3.47,+26.941, +7.828,+0.975
1628836320,+3.47,+26.916, +7.818,+0.975
1628836380,+3.47,+26.916, +7.839,+0.974
1628836440,+3.47,+26.932, +7.848,+0.975
1628836500,+3.47,+26.949, +7.838,+0.975
1628836560,+3.47,+26.949, +7.825,+0.975
1628836620,+3.47,+26.958, +7.786,+0.975
1628836680,+3.47,+26.924, +7.798,+0.975
1628836740,+3.47,+26.899, +7.789,+0.975
1628836800,+3.47,+26.882, +7.807,+0.976
1628836860,+3.47,+26.907, +7.801,+0.975
1628836920,+3.47,+26.916, +7.813,+0.975
1628836980,+3.47,+26.916, +7.808,+0.975
1628837040,+3.47,+26.916, +7.798,+0.975
1628837100,+3.47,+26.907, +7.780,+0.975
1628837160,+3.47,+26.882, +7.795,+0.975
1628837220,+3.47,+26.924, +7.811,+0.975
1628837280,+3.47,+26.932, +7.810,+0.975
1628837340,+3.47,+26.882, +7.784,+0.975
1628837400,+3.47,+26.882, +7.787,+0.976
1628837460,+3.47,+26.882, +7.772,+0.975
1628837520,+3.47,+26.890, +7.782,+0.975
1628837580,+3.47,+26.890, +7.787,+0.975
1628837640,+3.47,+26.890, +7.779,+0.975
1628837700,+3.47,+26.899, +7.773,+0.975
1628837760,+3.47,+26.899, +7.773,+0.975
1628837820,+3.47,+26.873, +7.778,+0.975
1628837880,+3.47,+26.882, +7.768,+0.975
1628837940,+3.47,+26.873, +7.778,+0.976
1628838000,+3.47,+26.882, +7.754,+0.975
1628838060,+3.47,+26.890, +7.750,+0.974
1628838120,+3.47,+26.907, +7.757,+0.975
1628838180,+3.47,+26.916, +7.741,+0.975
1628838240,+3.47,+26.890, +7.744,+0.975
1628838300,+3.47,+26.899, +7.737,+0.975
1628838360,+3.47,+26.890, +7.732,+0.975
1628838420,+3.47,+26.890, +7.714,+0.975
1628838480,+3.47,+26.890, +7.713,+0.975
1628838540,+3.47,+26.890, +7.706,+0.975
1628838600,+3.47,+26.899, +7.707,+0.975
1628838660,+3.47,+26.890, +7.696,+0.975
1628838720,+3.47,+26.882, +7.686,+0.975
1628838780,+3.47,+26.873, +7.683,+0.975
1628838840,+3.47,+26.856, +7.693,+0.975
1628838900,+3.47,+26.848, +7.694,+0.975
1628838960,+3.47,+26.848, +7.683,+0.975
1628839020,+3.47,+26.873, +7.664,+0.975
1628839080,+3.47,+26.873, +7.668,+0.975
1628839140,+3.47,+26.865, +7.663,+0.975
1628839200,+3.47,+26.865, +7.652,+0.975
1628839260,+3.47,+26.848, +7.654,+0.975
1628839320,+3.47,+26.856, +7.638,+0.975
1628839380,+3.47,+26.822, +7.654,+0.975
1628839440,+3.47,+26.839, +7.643,+0.975
1628839500,+3.47,+26.839, +7.640,+0.975
1628839560,+3.47,+26.839, +7.652,+0.975
1628839620,+3.47,+26.848, +7.668,+0.975
1628839680,+3.47,+26.873, +7.665,+0.975
1628839740,+3.47,+26.865, +7.655,+0.975
1628839800,+3.47,+26.848, +7.648,+0.974
1628839860,+3.47,+26.839, +7.646,+0.974
1628839920,+3.47,+26.831, +7.651,+0.975
1628839980,+3.47,+26.839, +7.640,+0.975
1628840040,+3.47,+26.839, +7.643,+0.975
1628840100,+3.47,+26.865, +7.637,+0.975
1628840160,+3.47,+26.865, +7.630,+0.975
1628840220,+3.47,+26.848, +7.628,+0.975
1628840280,+3.47,+26.839, +7.625,+0.974
1628840340,+3.47,+26.848, +7.623,+0.974
1628840400,+3.47,+26.856, +7.627,+0.974
1628840460,+3.47,+26.839, +7.628,+0.975
1628840520,+3.47,+26.839, +7.625,+0.975
1628840580,+3.47,+26.822, +7.625,+0.975
1628840640,+3.47,+26.814, +7.612,+0.974
1628840700,+3.47,+26.822, +7.610,+0.975
1628840760,+3.47,+26.839, +7.598,+0.974
1628840820,+3.47,+26.814, +7.615,+0.974
1628840880,+3.47,+26.822, +7.606,+0.975
1628840940,+3.47,+26.831, +7.568,+0.974
1628841000,+3.47,+26.831, +7.581,+0.975
1628841060,+3.47,+26.814, +7.586,+0.975
1628841120,+3.47,+26.797, +7.581,+0.974
1628841180,+3.47,+26.805, +7.585,+0.975
1628841240,+3.47,+26.797, +7.569,+0.974
1628841300,+3.47,+26.788, +7.595,+0.975
1628841360,+3.47,+26.780, +7.583,+0.975
1628841420,+3.47,+26.797, +7.565,+0.974
1628841480,+3.47,+26.788, +7.571,+0.975
1628841540,+3.47,+26.797, +7.571,+0.975
1628841600,+3.47,+26.805, +7.558,+0.975
1628841660,+3.47,+26.797, +7.553,+0.974
1628841720,+3.47,+26.797, +7.561,+0.975
1628841780,+3.47,+26.797, +7.545,+0.975
1628841840,+3.47,+26.788, +7.530,+0.974
1628841900,+3.47,+26.780, +7.555,+0.975
1628841960,+3.47,+26.780, +7.564,+0.974
1628842020,+3.47,+26.763, +7.566,+0.974
1628842080,+3.47,+26.763, +7.514,+0.975
1628842140,+3.47,+26.788, +7.496,+0.975
1628842200,+3.47,+26.788, +7.501,+0.975
1628842260,+3.47,+26.772, +7.520,+0.975
1628842320,+3.47,+26.788, +7.482,+0.975
1628842380,+3.47,+26.780, +7.505,+0.975
1628842440,+3.47,+26.772, +7.510,+0.975
1628842500,+3.47,+26.763, +7.513,+0.975
1628842560,+3.47,+26.746, +7.508,+0.975
1628842620,+3.47,+26.755, +7.481,+0.974
1628842680,+3.47,+26.763, +7.462,+0.975
1628842740,+3.47,+26.746, +7.468,+0.975
1628842800,+3.47,+26.738, +7.468,+0.974
1628842860,+3.47,+26.746, +7.450,+0.975
1628842920,+3.47,+26.772, +7.424,+0.974
1628842980,+3.47,+26.763, +7.414,+0.974
1628843040,+3.47,+26.729, +7.468,+0.974
1628843100,+3.47,+26.738, +7.462,+0.975
1628843160,+3.47,+26.704, +7.477,+0.975
1628843220,+3.47,+26.712, +7.434,+0.974
1628843280,+3.47,+26.712, +7.447,+0.974
1628843340,+3.47,+26.729, +7.408,+0.975
1628843400,+3.47,+26.729, +7.390,+0.974
1628843460,+3.47,+26.712, +7.417,+0.975
1628843520,+3.47,+26.721, +7.379,+0.974
1628843580,+3.47,+26.712, +7.380,+0.974
1628843640,+3.47,+26.678, +7.446,+0.975
1628843700,+3.47,+26.678, +7.442,+0.975
1628843760,+3.47,+26.678, +7.420,+0.974
1628843820,+3.47,+26.678, +7.414,+0.975
1628843880,+3.47,+26.695, +7.402,+0.974
1628843940,+3.47,+26.678, +7.414,+0.975
1628844000,+3.47,+26.687, +7.406,+0.974
1628844060,+3.47,+26.670, +7.405,+0.974
1628844120,+3.47,+26.661, +7.430,+0.975
1628844180,+3.47,+26.670, +7.426,+0.974
1628844240,+3.47,+26.661, +7.419,+0.975
1628844300,+3.47,+26.661, +7.396,+0.974
1628844360,+3.47,+26.687, +7.374,+0.975
1628844420,+3.47,+26.661, +7.360,+0.974
1628844480,+3.47,+26.670, +7.347,+0.974
1628844540,+3.47,+26.661, +7.339,+0.975
1628844600,+3.47,+26.661, +7.331,+0.975
1628844660,+3.47,+26.670, +7.325,+0.974
1628844720,+3.47,+26.661, +7.322,+0.975
1628844780,+3.47,+26.653, +7.366,+0.975
1628844840,+3.47,+26.645, +7.396,+0.974
1628844900,+3.47,+26.611, +7.384,+0.975
1628844960,+3.47,+26.619, +7.350,+0.974
1628845020,+3.47,+26.636, +7.331,+0.975
1628845080,+3.47,+26.636, +7.305,+0.974
1628845140,+3.47,+26.645, +7.315,+0.974
1628845200,+3.47,+26.611, +7.377,+0.974
1628845260,+3.47,+26.611, +7.374,+0.975
1628845320,+3.47,+26.619, +7.329,+0.974
1628845380,+3.47,+26.628, +7.324,+0.974
1628845440,+3.47,+26.619, +7.291,+0.974
1628845500,+3.47,+26.594, +7.331,+0.975
1628845560,+3.47,+26.602, +7.288,+0.974
1628845620,+3.47,+26.619, +7.282,+0.974
1628845680,+3.47,+26.585, +7.343,+0.974
1628845740,+3.47,+26.577, +7.332,+0.974
1628845800,+3.47,+26.577, +7.310,+0.974
1628845860,+3.47,+26.568, +7.360,+0.974
1628845920,+3.47,+26.577, +7.311,+0.974
1628845980,+3.47,+26.585, +7.266,+0.975
1628846040,+3.47,+26.568, +7.292,+0.974
1628846100,+3.47,+26.568, +7.285,+0.974
1628846160,+3.47,+26.568, +7.309,+0.974
1628846220,+3.47,+26.568, +7.252,+0.974
1628846280,+3.47,+26.585, +7.238,+0.974
1628846340,+3.47,+26.577, +7.305,+0.974
1628846400,+3.47,+26.568, +7.274,+0.973
1628846460,+3.47,+26.585, +7.243,+0.974
1628846520,+3.47,+26.577, +7.246,+0.974
1628846580,+3.47,+26.585, +7.258,+0.974
1628846640,+3.47,+26.551, +7.309,+0.974
1628846700,+3.47,+26.543, +7.302,+0.974
1628846760,+3.47,+26.551, +7.311,+0.974
1628846820,+3.47,+26.535, +7.299,+0.974
1628846880,+3.46,+26.526, +7.296,+0.975
1628846940,+3.47,+26.543, +7.265,+0.974
1628847000,+3.47,+26.560, +7.265,+0.974
1628847060,+3.47,+26.543, +7.269,+0.974
1628847120,+3.47,+26.560, +7.246,+0.974
1628847180,+3.47,+26.551, +7.287,+0.974
1628847240,+3.47,+26.543, +7.271,+0.975
1628847300,+3.47,+26.568, +7.253,+0.974
1628847360,+3.47,+26.543, +7.251,+0.974
1628847420,+3.47,+26.551, +7.275,+0.974
1628847480,+3.47,+26.543, +7.271,+0.974
1628847540,+3.47,+26.551, +7.244,+0.974
1628847600,+3.47,+26.560, +7.207,+0.974
1628847660,+3.47,+26.535, +7.264,+0.973
1628847720,+3.46,+26.535, +7.302,+0.973
1628847780,+3.46,+26.526, +7.317,+0.974
1628847840,+3.46,+26.501, +7.304,+0.974
1628847900,+3.46,+26.518, +7.275,+0.975
1628847960,+3.46,+26.518, +7.216,+0.974
1628848020,+3.47,+26.526, +7.222,+0.974
1628848080,+3.46,+26.543, +7.229,+0.974
1628848140,+3.47,+26.543, +7.207,+0.974
1628848200,+3.47,+26.551, +7.230,+0.974
1628848260,+3.46,+26.526, +7.256,+0.974
1628848320,+3.46,+26.526, +7.224,+0.974
1628848380,+3.47,+26.551, +7.180,+0.974
1628848440,+3.46,+26.535, +7.212,+0.974
1628848500,+3.47,+26.543, +7.211,+0.974
1628848560,+3.46,+26.535, +7.201,+0.974
1628848620,+3.47,+26.543, +7.186,+0.974
1628848680,+3.46,+26.509, +7.257,+0.974
1628848740,+3.46,+26.509, +7.257,+0.974
1628848800,+3.46,+26.509, +7.216,+0.974
1628848860,+3.46,+26.526, +7.187,+0.974
1628848920,+3.46,+26.526, +7.191,+0.974
1628848980,+3.46,+26.535, +7.172,+0.974
1628849040,+3.46,+26.526, +7.219,+0.974
1628849100,+3.47,+26.526, +7.182,+0.974
1628849160,+3.46,+26.535, +7.161,+0.974
1628849220,+3.47,+26.535, +7.223,+0.974
1628849280,+3.47,+26.518, +7.214,+0.974
1628849340,+3.46,+26.509, +7.183,+0.974
1628849400,+3.46,+26.509, +7.172,+0.973
1628849460,+3.46,+26.526, +7.180,+0.974
1628849520,+3.46,+26.551, +7.130,+0.974
1628849580,+3.46,+26.535, +7.184,+0.973
1628849640,+3.46,+26.518, +7.201,+0.973
1628849700,+3.46,+26.501, +7.214,+0.974
1628849760,+3.46,+26.509, +7.212,+0.973
1628849820,+3.46,+26.518, +7.144,+0.974
1628849880,+3.46,+26.518, +7.189,+0.974
1628849940,+3.46,+26.501, +7.222,+0.974
1628850000,+3.46,+26.492, +7.240,+0.975
1628850060,+3.46,+26.501, +7.159,+0.974
1628850120,+3.46,+26.535, +7.130,+0.974
1628850180,+3.46,+26.501, +7.223,+0.974
1628850240,+3.46,+26.484, +7.230,+0.974
1628850300,+3.46,+26.492, +7.206,+0.973
1628850360,+3.46,+26.484, +7.184,+0.974
1628850420,+3.46,+26.501, +7.202,+0.973
1628850480,+3.46,+26.492, +7.140,+0.974
1628850540,+3.46,+26.492, +7.120,+0.973
1628850600,+3.46,+26.518, +7.124,+0.973
1628850660,+3.46,+26.501, +7.213,+0.974
1628850720,+3.46,+26.501, +7.177,+0.974
1628850780,+3.46,+26.518, +7.096,+0.974
1628850840,+3.46,+26.492, +7.172,+0.974
1628850900,+3.46,+26.492, +7.198,+0.974
1628850960,+3.46,+26.492, +7.241,+0.975
1628851020,+3.46,+26.484, +7.243,+0.974
1628851080,+3.46,+26.475, +7.230,+0.974
1628851140,+3.46,+26.492, +7.227,+0.974
1628851200,+3.46,+26.484, +7.158,+0.974
1628851260,+3.46,+26.509, +7.114,+0.974
1628851320,+3.46,+26.518, +7.109,+0.974
1628851380,+3.46,+26.501, +7.153,+0.974
1628851440,+3.46,+26.509, +7.167,+0.975
1628851500,+3.46,+26.509, +7.134,+0.974
1628851560,+3.46,+26.484, +7.156,+0.973
1628851620,+3.46,+26.492, +7.193,+0.974
1628851680,+3.46,+26.501, +7.189,+0.974
1628851740,+3.46,+26.475, +7.180,+0.974
1628851800,+3.46,+26.484, +7.173,+0.974
1628851860,+3.46,+26.501, +7.147,+0.974
1628851920,+3.46,+26.509, +7.110,+0.974
1628851980,+3.46,+26.509, +7.095,+0.974
1628852040,+3.46,+26.526, +7.108,+0.974
1628852100,+3.46,+26.509, +7.131,+0.974
1628852160,+3.46,+26.518, +7.128,+0.974
1628852220,+3.46,+26.492, +7.167,+0.974
1628852280,+3.46,+26.484, +7.238,+0.974
1628852340,+3.46,+26.484, +7.195,+0.973
1628852400,+3.46,+26.458, +7.210,+0.974
1628852460,+3.46,+26.475, +7.163,+0.974
1628852520,+3.46,+26.484, +7.157,+0.974
1628852580,+3.46,+26.492, +7.144,+0.974
1628852640,+3.46,+26.509, +7.122,+0.974
1628852700,+3.46,+26.501, +7.120,+0.974
1628852760,+3.46,+26.526, +7.108,+0.974
1628852820,+3.46,+26.501, +7.143,+0.974
1628852880,+3.46,+26.484, +7.188,+0.974
1628852940,+3.46,+26.501, +7.126,+0.974
1628853000,+3.46,+26.484, +7.160,+0.974
1628853060,+3.46,+26.475, +7.167,+0.974
1628853120,+3.46,+26.484, +7.148,+0.974
1628853180,+3.46,+26.458, +7.203,+0.974
1628853240,+3.46,+26.467, +7.194,+0.974
1628853300,+3.46,+26.492, +7.186,+0.974
1628853360,+3.46,+26.475, +7.114,+0.973
1628853420,+3.46,+26.492, +7.108,+0.974
1628853480,+3.46,+26.484, +7.096,+0.973
1628853540,+3.46,+26.492, +7.147,+0.975
1628853600,+3.46,+26.475, +7.140,+0.974
1628853660,+3.46,+26.484, +7.142,+0.974
1628853720,+3.46,+26.458, +7.168,+0.974
1628853780,+3.46,+26.475, +7.147,+0.974
1628853840,+3.46,+26.458, +7.162,+0.974
1628853900,+3.46,+26.458, +7.159,+0.973
1628853960,+3.46,+26.458, +7.143,+0.974
1628854020,+3.46,+26.475, +7.088,+0.974
1628854080,+3.46,+26.475, +7.139,+0.973
1628854140,+3.46,+26.458, +7.142,+0.974
1628854200,+3.46,+26.450, +7.186,+0.974
1628854260,+3.46,+26.484, +7.125,+0.974
1628854320,+3.46,+26.450, +7.186,+0.974
1628854380,+3.46,+26.450, +7.153,+0.974
1628854440,+3.46,+26.433, +7.158,+0.974
1628854500,+3.46,+26.475, +7.091,+0.974
1628854560,+3.46,+26.475, +7.056,+0.974
1628854620,+3.46,+26.484, +7.089,+0.973
1628854680,+3.46,+26.458, +7.171,+0.974
1628854740,+3.46,+26.467, +7.117,+0.974
1628854800,+3.46,+26.484, +7.053,+0.974
1628854860,+3.46,+26.475, +7.077,+0.974
1628854920,+3.46,+26.458, +7.155,+0.974
1628854980,+3.46,+26.467, +7.149,+0.974
1628855040,+3.46,+26.458, +7.104,+0.974
1628855100,+3.46,+26.467, +7.093,+0.974
1628855160,+3.46,+26.467, +7.104,+0.973
1628855220,+3.46,+26.458, +7.111,+0.974
1628855280,+3.46,+26.458, +7.097,+0.974
1628855340,+3.46,+26.467, +7.090,+0.974
1628855400,+3.46,+26.458, +7.089,+0.974
1628855460,+3.46,+26.467, +7.048,+0.974
1628855520,+3.46,+26.458, +7.099,+0.974
1628855580,+3.46,+26.475, +7.069,+0.973
1628855640,+3.46,+26.450, +7.110,+0.974
1628855700,+3.46,+26.467, +7.060,+0.973
1628855760,+3.46,+26.450, +7.059,+0.974
1628855820,+3.46,+26.458, +7.108,+0.974
1628855880,+3.46,+26.433, +7.178,+0.974
1628855940,+3.46,+26.433, +7.071,+0.974
1628856000,+3.46,+26.442, +7.045,+0.974
1628856060,+3.46,+26.450, +7.099,+0.974
1628856120,+3.46,+26.458, +7.088,+0.973
1628856180,+3.46,+26.425, +7.107,+0.974
1628856240,+3.46,+26.458, +7.012,+0.973
1628856300,+3.46,+26.467, +7.022,+0.975
1628856360,+3.46,+26.458, +7.046,+0.974
1628856420,+3.46,+26.450, +7.123,+0.974
1628856480,+3.46,+26.458, +7.063,+0.974
1628856540,+3.46,+26.450, +7.140,+0.974
1628856600,+3.46,+26.425, +7.151,+0.974
1628856660,+3.46,+26.416, +7.155,+0.974
1628856720,+3.46,+26.442, +7.024,+0.974
1628856780,+3.46,+26.458, +7.028,+0.974
1628856840,+3.46,+26.450, +7.107,+0.974
1628856900,+3.46,+26.433, +7.125,+0.974
1628856960,+3.46,+26.416, +7.108,+0.973
1628857020,+3.46,+26.442, +7.081,+0.974
1628857080,+3.46,+26.433, +7.140,+0.974
1628857140,+3.46,+26.416, +7.127,+0.974
1628857200,+3.46,+26.416, +7.111,+0.974
1628857260,+3.46,+26.425, +7.109,+0.974
1628857320,+3.46,+26.425, +7.115,+0.974
1628857380,+3.46,+26.425, +7.095,+0.974
1628857440,+3.46,+26.442, +7.098,+0.973
1628857500,+3.46,+26.442, +7.105,+0.974
1628857560,+3.46,+26.442, +7.062,+0.974
1628857620,+3.46,+26.458, +7.058,+0.974
1628857680,+3.46,+26.450, +7.077,+0.974
1628857740,+3.46,+26.450, +7.057,+0.974
1628857800,+3.46,+26.442, +7.112,+0.974
1628857860,+3.46,+26.425, +7.171,+0.974
1628857920,+3.46,+26.433, +7.117,+0.974
1628857980,+3.46,+26.425, +7.116,+0.973
1628858040,+3.46,+26.416, +7.110,+0.974
1628858100,+3.46,+26.425, +7.123,+0.974
1628858160,+3.46,+26.416, +7.159,+0.973
1628858220,+3.46,+26.408, +7.131,+0.974
1628858280,+3.46,+26.425, +7.083,+0.974
1628858340,+3.46,+26.399, +7.159,+0.974
1628858400,+3.46,+26.416, +7.145,+0.974
1628858460,+3.46,+26.408, +7.082,+0.974
1628858520,+3.46,+26.416, +7.119,+0.974
1628858580,+3.46,+26.442, +7.066,+0.974
1628858640,+3.46,+26.416, +7.101,+0.974
1628858700,+3.46,+26.391, +7.154,+0.974
1628858760,+3.46,+26.399, +7.097,+0.974
1628858820,+3.46,+26.391, +7.151,+0.974
1628858880,+3.46,+26.382, +7.102,+0.974
1628858940,+3.46,+26.433, +7.011,+0.974
1628859000,+3.46,+26.408, +7.013,+0.974
1628859060,+3.46,+26.433, +7.005,+0.973
1628859120,+3.46,+26.416, +7.111,+0.974
1628859180,+3.46,+26.374, +7.142,+0.974
1628859240,+3.46,+26.391, +7.060,+0.974
1628859300,+3.46,+26.399, +7.023,+0.974
1628859360,+3.46,+26.399, +7.034,+0.974
1628859420,+3.46,+26.425, +6.967,+0.974
1628859480,+3.46,+26.408, +7.047,+0.973
1628859540,+3.46,+26.391, +7.115,+0.974
1628859600,+3.46,+26.391, +7.139,+0.974
1628859660,+3.46,+26.391, +7.044,+0.973
1628859720,+3.46,+26.408, +7.014,+0.973
1628859780,+3.46,+26.399, +7.032,+0.974
1628859840,+3.46,+26.408, +6.978,+0.973
1628859900,+3.46,+26.399, +7.028,+0.974
1628859960,+3.46,+26.374, +7.054,+0.974
1628860020,+3.46,+26.391, +7.070,+0.974
1628860080,+3.46,+26.391, +7.018,+0.974
1628860140,+3.46,+26.399, +6.986,+0.973
1628860200,+3.46,+26.399, +6.977,+0.974
1628860260,+3.46,+26.425, +7.001,+0.973
1628860320,+3.46,+26.399, +7.071,+0.974
1628860380,+3.46,+26.408, +7.021,+0.974
1628860440,+3.46,+26.416, +7.002,+0.974
1628860500,+3.46,+26.399, +7.074,+0.974
1628860560,+3.46,+26.399, +7.081,+0.973
1628860620,+3.46,+26.408, +7.101,+0.974
1628860680,+3.46,+26.391, +7.070,+0.974
1628860740,+3.46,+26.399, +7.065,+0.974
1628860800,+3.46,+26.416, +7.038,+0.974
1628860860,+3.46,+26.425, +7.032,+0.974
1628860920,+3.46,+26.399, +7.049,+0.974
1628860980,+3.46,+26.408, +7.081,+0.974
1628861040,+3.46,+26.416, +7.046,+0.974
1628861100,+3.46,+26.408, +7.047,+0.974
1628861160,+3.46,+26.408, +7.105,+0.973
1628861220,+3.46,+26.391, +7.141,+0.974
1628861280,+3.46,+26.399, +7.072,+0.974
1628861340,+3.46,+26.408, +6.994,+0.974
1628861400,+3.46,+26.416, +6.981,+0.973
1628861460,+3.46,+26.416, +7.027,+0.974
1628861520,+3.46,+26.382, +7.086,+0.973
1628861580,+3.46,+26.374, +7.102,+0.974
1628861640,+3.46,+26.382, +7.022,+0.973
1628861700,+3.46,+26.365, +7.060,+0.974
1628861760,+3.46,+26.391, +7.005,+0.973
1628861820,+3.46,+26.374, +7.015,+0.974
1628861880,+3.46,+26.365, +7.116,+0.974
1628861940,+3.46,+26.382, +6.955,+0.973
1628862000,+3.46,+26.382, +6.936,+0.973
1628862060,+3.46,+26.374, +7.005,+0.973
1628862120,+3.46,+26.365, +7.032,+0.973
1628862180,+3.46,+26.374, +6.983,+0.974
1628862240,+3.46,+26.357, +6.950,+0.973
1628862300,+3.46,+26.357, +7.014,+0.974
1628862360,+3.46,+26.349, +7.058,+0.973
1628862420,+3.46,+26.340, +7.057,+0.974
1628862480,+3.46,+26.340, +7.037,+0.973
1628862540,+3.46,+26.340, +6.993,+0.973
1628862600,+3.46,+26.357, +7.012,+0.974
1628862660,+3.46,+26.349, +7.032,+0.973
1628862720,+3.46,+26.340, +6.976,+0.973
1628862780,+3.46,+26.357, +6.976,+0.974
1628862840,+3.46,+26.349, +7.049,+0.974
1628862900,+3.46,+26.340, +7.015,+0.973
1628862960,+3.46,+26.340, +7.015,+0.973
1628863020,+3.46,+26.340, +7.005,+0.973
1628863080,+3.46,+26.340, +7.056,+0.974
1628863140,+3.46,+26.332, +7.027,+0.973
1628863200,+3.46,+26.340, +6.940,+0.973
1628863260,+3.46,+26.357, +6.950,+0.973
1628863320,+3.46,+26.340, +7.013,+0.973
1628863380,+3.46,+26.349, +6.971,+0.973
1628863440,+3.46,+26.332, +7.072,+0.973
1628863500,+3.46,+26.306, +7.030,+0.973
1628863560,+3.46,+26.332, +6.964,+0.973
1628863620,+3.46,+26.332, +6.956,+0.973
1628863680,+3.46,+26.332, +7.024,+0.974
1628863740,+3.46,+26.323, +6.966,+0.973
1628863800,+3.46,+26.323, +6.887,+0.973
1628863860,+3.46,+26.349, +6.912,+0.974
1628863920,+3.46,+26.332, +6.962,+0.973
1628863980,+3.46,+26.323, +7.024,+0.973
1628864040,+3.46,+26.332, +6.934,+0.973
1628864100,+3.46,+26.349, +6.866,+0.973
1628864160,+3.46,+26.365, +6.919,+0.973
1628864220,+3.46,+26.357, +6.894,+0.973
1628864280,+3.46,+26.349, +6.929,+0.973
1628864340,+3.46,+26.374, +6.898,+0.973
1628864400,+3.46,+26.365, +6.872,+0.973
1628864460,+3.46,+26.382, +6.920,+0.973
1628864520,+3.46,+26.323, +7.057,+0.974
1628864580,+3.46,+26.349, +6.982,+0.973
1628864640,+3.46,+26.349, +6.945,+0.973
1628864700,+3.46,+26.357, +6.966,+0.973
1628864760,+3.46,+26.340, +6.979,+0.973
1628864820,+3.46,+26.357, +6.945,+0.973
1628864880,+3.46,+26.349, +7.027,+0.973
1628864940,+3.46,+26.332, +7.062,+0.973
1628865000,+3.46,+26.323, +7.056,+0.973
1628865060,+3.46,+26.365, +6.963,+0.974
1628865120,+3.46,+26.357, +6.920,+0.974
1628865180,+3.46,+26.382, +6.917,+0.974
1628865240,+3.46,+26.391, +6.920,+0.973
1628865300,+3.46,+26.374, +6.967,+0.973
1628865360,+3.46,+26.357, +7.016,+0.973
1628865420,+3.46,+26.365, +6.974,+0.974
1628865480,+3.46,+26.349, +6.994,+0.973
1628865540,+3.46,+26.349, +7.054,+0.974
1628865600,+3.46,+26.340, +7.045,+0.974
1628865660,+3.46,+26.357, +6.962,+0.973
1628865720,+3.46,+26.340, +6.996,+0.974
1628865780,+3.46,+26.365, +6.998,+0.973
1628865840,+3.46,+26.349, +7.052,+0.973
1628865900,+3.46,+26.340, +7.081,+0.974
1628865960,+3.46,+26.340, +7.025,+0.973
1628866020,+3.46,+26.340, +6.971,+0.973
1628866080,+3.46,+26.332, +7.030,+0.974
1628866140,+3.46,+26.340, +7.047,+0.974
1628866200,+3.46,+26.340, +7.012,+0.973
1628866260,+3.46,+26.315, +6.999,+0.973
1628866320,+3.46,+26.340, +7.000,+0.973
1628866380,+3.46,+26.315, +7.007,+0.974
1628866440,+3.46,+26.315, +7.038,+0.973
1628866500,+3.46,+26.323, +6.982,+0.974
1628866560,+3.46,+26.315, +6.989,+0.974
1628866620,+3.46,+26.332, +6.978,+0.973
1628866680,+3.46,+26.323, +6.981,+0.974
1628866740,+3.46,+26.306, +7.077,+0.974
1628866800,+3.46,+26.289, +7.076,+0.973
1628866860,+3.46,+26.306, +7.006,+0.973
1628866920,+3.46,+26.306, +7.001,+0.973
1628866980,+3.46,+26.332, +6.974,+0.973
1628867040,+3.46,+26.315, +7.054,+0.974
1628867100,+3.46,+26.306, +7.038,+0.973
1628867160,+3.46,+26.315, +7.012,+0.974
1628867220,+3.46,+26.323, +6.975,+0.973
1628867280,+3.46,+26.340, +6.980,+0.974
1628867340,+3.46,+26.332, +7.012,+0.973
1628867400,+3.46,+26.340, +7.049,+0.973
1628867460,+3.46,+26.289, +7.093,+0.974
1628867520,+3.46,+26.306, +7.004,+0.973
1628867580,+3.46,+26.306, +7.050,+0.974
1628867640,+3.46,+26.298, +7.089,+0.974
1628867700,+3.46,+26.298, +7.092,+0.974
1628867760,+3.46,+26.298, +7.066,+0.974
1628867820,+3.46,+26.306, +7.017,+0.973
1628867880,+3.46,+26.289, +7.059,+0.973
1628867940,+3.46,+26.289, +7.118,+0.973
1628868000,+3.46,+26.264, +7.168,+0.973
1628868060,+3.46,+26.264, +7.088,+0.974
1628868120,+3.46,+26.306, +7.021,+0.974
1628868180,+3.46,+26.340, +7.023,+0.973
1628868240,+3.46,+26.315, +7.078,+0.974
1628868300,+3.46,+26.306, +7.079,+0.974
1628868360,+3.46,+26.272, +7.169,+0.974
1628868420,+3.46,+26.289, +7.104,+0.973
1628868480,+3.46,+26.306, +7.052,+0.974
1628868540,+3.46,+26.298, +7.108,+0.974
1628868600,+3.46,+26.306, +7.138,+0.974
1628868660,+3.46,+26.289, +7.119,+0.973
1628868720,+3.46,+26.281, +7.131,+0.973
1628868780,+3.46,+26.306, +7.081,+0.973
1628868840,+3.46,+26.306, +7.068,+0.974
1628868900,+3.46,+26.323, +7.075,+0.974
1628868960,+3.46,+26.306, +7.114,+0.973
1628869020,+3.46,+26.298, +7.125,+0.974
1628869080,+3.46,+26.315, +7.114,+0.974
1628869140,+3.46,+26.315, +7.112,+0.974
1628869200,+3.46,+26.323, +7.117,+0.974
1628869260,+3.46,+26.315, +7.118,+0.974
1628869320,+3.46,+26.306, +7.158,+0.973
1628869380,+3.46,+26.272, +7.182,+0.974
1628869440,+3.46,+26.298, +7.122,+0.974
1628869500,+3.46,+26.281, +7.154,+0.974
1628869560,+3.46,+26.289, +7.168,+0.974
1628869620,+3.46,+26.281, +7.184,+0.974
1628869680,+3.46,+26.256, +7.225,+0.974
1628869740,+3.46,+26.281, +7.152,+0.974
1628869800,+3.46,+26.281, +7.135,+0.974
1628869860,+3.46,+26.298, +7.163,+0.974
1628869920,+3.46,+26.306, +7.107,+0.974
1628869980,+3.46,+26.298, +7.127,+0.974
1628870040,+3.46,+26.289, +7.169,+0.974
1628870100,+3.46,+26.298, +7.133,+0.973
1628870160,+3.46,+26.298, +7.139,+0.974
1628870220,+3.46,+26.306, +7.110,+0.974
1628870280,+3.46,+26.306, +7.134,+0.974
1628870340,+3.46,+26.289, +7.159,+0.974
1628870400,+3.46,+26.264, +7.198,+0.974
1628870460,+3.46,+26.256, +7.215,+0.974
1628870520,+3.46,+26.264, +7.159,+0.973
1628870580,+3.46,+26.281, +7.126,+0.974
1628870640,+3.46,+26.264, +7.204,+0.974
1628870700,+3.46,+26.247, +7.208,+0.973
1628870760,+3.46,+26.256, +7.242,+0.974
1628870820,+3.46,+26.239, +7.237,+0.974
1628870880,+3.46,+26.247, +7.178,+0.973
1628870940,+3.46,+26.281, +7.135,+0.974
1628871000,+3.46,+26.306, +7.136,+0.973
1628871060,+3.46,+26.289, +7.180,+0.974
1628871120,+3.46,+26.289, +7.203,+0.974
1628871180,+3.46,+26.289, +7.236,+0.974
1628871240,+3.46,+26.247, +7.254,+0.974
1628871300,+3.46,+26.256, +7.262,+0.974
1628871360,+3.46,+26.247, +7.247,+0.974
1628871420,+3.46,+26.272, +7.194,+0.974
1628871480,+3.46,+26.306, +7.189,+0.973
1628871540,+3.46,+26.281, +7.221,+0.973
1628871600,+3.46,+26.264, +7.236,+0.973
1628871660,+3.46,+26.289, +7.206,+0.974
1628871720,+3.46,+26.289, +7.208,+0.973
1628871780,+3.46,+26.281, +7.175,+0.973
1628871840,+3.46,+26.323, +7.153,+0.973
1628871900,+3.46,+26.298, +7.202,+0.973
1628871960,+3.46,+26.289, +7.239,+0.974
1628872020,+3.46,+26.289, +7.202,+0.974
1628872080,+3.46,+26.306, +7.174,+0.974
1628872140,+3.46,+26.298, +7.183,+0.973
1628872200,+3.46,+26.272, +7.261,+0.974
1628872260,+3.46,+26.272, +7.214,+0.973
1628872320,+3.46,+26.298, +7.211,+0.974
1628872380,+3.46,+26.306, +7.168,+0.974
1628872440,+3.46,+26.298, +7.206,+0.973
1628872500,+3.46,+26.272, +7.249,+0.973
1628872560,+3.46,+26.272, +7.233,+0.973
1628872620,+3.46,+26.281, +7.210,+0.973
1628872680,+3.46,+26.289, +7.189,+0.973
1628872740,+3.46,+26.315, +7.178,+0.974
1628872800,+3.46,+26.315, +7.205,+0.974
1628872860,+3.46,+26.315, +7.213,+0.974
1628872920,+3.46,+26.306, +7.252,+0.974
1628872980,+3.46,+26.298, +7.236,+0.974
1628873040,+3.46,+26.332, +7.196,+0.973
1628873100,+3.46,+26.315, +7.216,+0.973
1628873160,+3.46,+26.323, +7.227,+0.974
1628873220,+3.46,+26.315, +7.223,+0.974
1628873280,+3.46,+26.298, +7.218,+0.974
1628873340,+3.46,+26.315, +7.188,+0.974
1628873400,+3.46,+26.315, +7.212,+0.974
1628873460,+3.46,+26.315, +7.255,+0.974
1628873520,+3.46,+26.306, +7.247,+0.974
1628873580,+3.46,+26.315, +7.213,+0.973
1628873640,+3.46,+26.315, +7.220,+0.974
1628873700,+3.46,+26.323, +7.214,+0.973
1628873760,+3.46,+26.315, +7.223,+0.974
1628873820,+3.46,+26.315, +7.234,+0.973
1628873880,+3.46,+26.298, +7.235,+0.973
1628873940,+3.46,+26.306, +7.252,+0.973
1628874000,+3.46,+26.306, +7.221,+0.974
1628874060,+3.46,+26.298, +7.235,+0.973
1628874120,+3.46,+26.289, +7.264,+0.974
1628874180,+3.46,+26.315, +7.232,+0.974
1628874240,+3.46,+26.306, +7.232,+0.973
1628874300,+3.46,+26.298, +7.288,+0.973
1628874360,+3.46,+26.289, +7.301,+0.973
1628874420,+3.46,+26.289, +7.254,+0.973
1628874480,+3.46,+26.323, +7.212,+0.973
1628874540,+3.46,+26.332, +7.208,+0.973
1628874600,+3.46,+26.323, +7.226,+0.974
1628874660,+3.46,+26.323, +7.252,+0.974
1628874720,+3.46,+26.306, +7.299,+0.974
1628874780,+3.46,+26.306, +7.278,+0.974
1628874840,+3.46,+26.315, +7.226,+0.974
1628874900,+3.46,+26.306, +7.248,+0.973
1628874960,+3.46,+26.306, +7.299,+0.974
1628875020,+3.46,+26.298, +7.314,+0.974
1628875080,+3.46,+26.298, +7.306,+0.974
1628875140,+3.46,+26.315, +7.248,+0.974
1628875200,+3.46,+26.323, +7.262,+0.973
1628875260,+3.46,+26.315, +7.276,+0.973
1628875320,+3.46,+26.323, +7.277,+0.974
1628875380,+3.46,+26.332, +7.265,+0.973
1628875440,+3.46,+26.315, +7.307,+0.973
1628875500,+3.46,+26.332, +7.243,+0.974
1628875560,+3.46,+26.323, +7.273,+0.974
1628875620,+3.46,+26.340, +7.255,+0.974
1628875680,+3.46,+26.349, +7.267,+0.973
1628875740,+3.46,+26.323, +7.304,+0.974
1628875800,+3.46,+26.332, +7.271,+0.974
1628875860,+3.46,+26.340, +7.281,+0.974
1628875920,+3.46,+26.340, +7.321,+0.973
1628875980,+3.46,+26.332, +7.339,+0.974
1628876040,+3.46,+26.332, +7.341,+0.974
1628876100,+3.46,+26.323, +7.305,+0.974
1628876160,+3.46,+26.340, +7.262,+0.973
1628876220,+3.46,+26.365, +7.274,+0.974
1628876280,+3.46,+26.323, +7.339,+0.973
1628876340,+3.46,+26.323, +7.353,+0.974
1628876400,+3.46,+26.323, +7.374,+0.974
1628876460,+3.46,+26.357, +7.295,+0.974
1628876520,+3.46,+26.382, +7.265,+0.974
1628876580,+3.46,+26.391, +7.266,+0.973
1628876640,+3.46,+26.365, +7.321,+0.974
1628876700,+3.46,+26.374, +7.359,+0.974
1628876760,+3.46,+26.382, +7.333,+0.974
1628876820,+3.46,+26.357, +7.340,+0.974
1628876880,+3.46,+26.365, +7.367,+0.974
1628876940,+3.46,+26.357, +7.367,+0.973
1628877000,+3.46,+26.349, +7.358,+0.974
1628877060,+3.46,+26.365, +7.342,+0.974
1628877120,+3.46,+26.357, +7.345,+0.974
1628877180,+3.46,+26.357, +7.349,+0.974
1628877240,+3.46,+26.365, +7.310,+0.974
1628877300,+3.46,+26.382, +7.330,+0.974
1628877360,+3.46,+26.382, +7.331,+0.974
1628877420,+3.46,+26.365, +7.380,+0.974
1628877480,+3.46,+26.340, +7.418,+0.974
1628877540,+3.46,+26.340, +7.408,+0.974
1628877600,+3.46,+26.340, +7.382,+0.974
1628877660,+3.46,+26.357, +7.388,+0.973
1628877720,+3.46,+26.340, +7.372,+0.974
1628877780,+3.46,+26.365, +7.356,+0.973
1628877840,+3.46,+26.365, +7.365,+0.974
1628877900,+3.46,+26.357, +7.388,+0.974
1628877960,+3.46,+26.365, +7.404,+0.974
1628878020,+3.46,+26.357, +7.371,+0.974
1628878080,+3.46,+26.391, +7.344,+0.974
1628878140,+3.46,+26.408, +7.367,+0.973
1628878200,+3.46,+26.416, +7.321,+0.974
1628878260,+3.46,+26.425, +7.367,+0.974
1628878320,+3.46,+26.399, +7.400,+0.974
1628878380,+3.46,+26.408, +7.386,+0.973
1628878440,+3.46,+26.408, +7.420,+0.974
1628878500,+3.46,+26.408, +7.375,+0.974
1628878560,+3.46,+26.416, +7.363,+0.974
1628878620,+3.46,+26.425, +7.362,+0.974
1628878680,+3.46,+26.442, +7.339,+0.974
1628878740,+3.46,+26.433, +7.360,+0.974
1628878800,+3.46,+26.467, +7.381,+0.975
1628878860,+3.46,+26.484, +7.345,+0.974
1628878920,+3.46,+26.467, +7.360,+0.974
1628878980,+3.46,+26.467, +7.372,+0.975
1628879040,+3.46,+26.458, +7.422,+0.974
1628879100,+3.46,+26.450, +7.435,+0.974
1628879160,+3.46,+26.450, +7.406,+0.974
1628879220,+3.46,+26.458, +7.433,+0.974
1628879280,+3.46,+26.450, +7.475,+0.974
1628879340,+3.46,+26.484, +7.387,+0.974
1628879400,+3.46,+26.484, +7.405,+0.974
1628879460,+3.46,+26.475, +7.460,+0.974
1628879520,+3.46,+26.475, +7.442,+0.974
1628879580,+3.46,+26.467, +7.448,+0.974
1628879640,+3.46,+26.475, +7.453,+0.974
1628879700,+3.46,+26.467, +7.463,+0.974
1628879760,+3.46,+26.484, +7.408,+0.974
1628879820,+3.46,+26.492, +7.395,+0.974
1628879880,+3.46,+26.501, +7.446,+0.975
1628879940,+3.46,+26.492, +7.465,+0.975
1628880000,+3.46,+26.475, +7.474,+0.974
1628880060,+3.46,+26.484, +7.443,+0.974
1628880120,+3.46,+26.501, +7.453,+0.975
1628880180,+3.46,+26.501, +7.448,+0.974
1628880240,+3.46,+26.518, +7.465,+0.975
1628880300,+3.46,+26.492, +7.476,+0.974
1628880360,+3.46,+26.492, +7.499,+0.974
1628880420,+3.46,+26.509, +7.454,+0.974
1628880480,+3.46,+26.518, +7.461,+0.975
1628880540,+3.46,+26.526, +7.453,+0.975
1628880600,+3.46,+26.543, +7.445,+0.974
1628880660,+3.46,+26.535, +7.460,+0.975
1628880720,+3.47,+26.551, +7.444,+0.974
1628880780,+3.46,+26.535, +7.469,+0.974
1628880840,+3.46,+26.535, +7.501,+0.973
1628880900,+3.46,+26.509, +7.523,+0.974
1628880960,+3.46,+26.518, +7.511,+0.975
1628881020,+3.46,+26.526, +7.500,+0.974
1628881080,+3.46,+26.518, +7.508,+0.974
1628881140,+3.46,+26.535, +7.524,+0.974
1628881200,+3.46,+26.526, +7.505,+0.975
1628881260,+3.46,+26.535, +7.536,+0.975
1628881320,+3.46,+26.535, +7.513,+0.974
1628881380,+3.46,+26.535, +7.531,+0.974
1628881440,+3.46,+26.526, +7.526,+0.974
1628881500,+3.46,+26.518, +7.552,+0.975
1628881560,+3.46,+26.526, +7.489,+0.974
1628881620,+3.47,+26.560, +7.436,+0.974
1628881680,+3.46,+26.551, +7.458,+0.974
1628881740,+3.46,+26.551, +7.494,+0.973
1628881800,+3.46,+26.551, +7.502,+0.974
1628881860,+3.46,+26.543, +7.521,+0.975
1628881920,+3.47,+26.560, +7.442,+0.975
1628881980,+3.47,+26.568, +7.433,+0.974
1628882040,+3.46,+26.560, +7.478,+0.975
1628882100,+3.47,+26.585, +7.441,+0.975
1628882160,+3.46,+26.568, +7.427,+0.974
1628882220,+3.47,+26.585, +7.425,+0.974
1628882280,+3.47,+26.594, +7.429,+0.975
1628882340,+3.47,+26.594, +7.413,+0.974
1628882400,+3.47,+26.594, +7.433,+0.974
1628882460,+3.47,+26.602, +7.457,+0.975
1628882520,+3.47,+26.585, +7.469,+0.975
1628882580,+3.47,+26.594, +7.495,+0.974
1628882640,+3.47,+26.577, +7.490,+0.974
1628882700,+3.47,+26.585, +7.493,+0.974
1628882760,+3.47,+26.594, +7.531,+0.975
1628882820,+3.47,+26.594, +7.507,+0.974
1628882880,+3.47,+26.594, +7.511,+0.974
1628882940,+3.47,+26.619, +7.511,+0.975
1628883000,+3.47,+26.628, +7.523,+0.974
1628883060,+3.47,+26.619, +7.529,+0.974
1628883120,+3.47,+26.619, +7.514,+0.974
1628883180,+3.47,+26.653, +7.512,+0.975
1628883240,+3.47,+26.628, +7.528,+0.974
1628883300,+3.47,+26.628, +7.565,+0.975
1628883360,+3.47,+26.611, +7.567,+0.975
1628883420,+3.47,+26.636, +7.521,+0.975
1628883480,+3.47,+26.619, +7.513,+0.974
1628883540,+3.47,+26.636, +7.524,+0.975
1628883600,+3.47,+26.628, +7.512,+0.975
1628883660,+3.47,+26.653, +7.503,+0.974
1628883720,+3.47,+26.636, +7.520,+0.975
1628883780,+3.47,+26.636, +7.528,+0.975
1628883840,+3.47,+26.636, +7.528,+0.974
1628883900,+3.47,+26.645, +7.511,+0.974
1628883960,+3.47,+26.645, +7.515,+0.974
1628884020,+3.47,+26.661, +7.519,+0.974
1628884080,+3.47,+26.653, +7.558,+0.975
1628884140,+3.47,+26.645, +7.525,+0.974
1628884200,+3.47,+26.653, +7.519,+0.974
1628884260,+3.47,+26.661, +7.523,+0.974
1628884320,+3.47,+26.670, +7.516,+0.975
1628884380,+3.47,+26.678, +7.552,+0.975
1628884440,+3.47,+26.661, +7.554,+0.974
1628884500,+3.47,+26.670, +7.567,+0.974
1628884560,+3.47,+26.661, +7.563,+0.975
1628884620,+3.47,+26.678, +7.588,+0.975
1628884680,+3.47,+26.653, +7.608,+0.974
1628884740,+3.47,+26.687, +7.582,+0.974
1628884800,+3.47,+26.678, +7.583,+0.974
1628884860,+3.47,+26.670, +7.615,+0.975
1628884920,+3.47,+26.678, +7.605,+0.975
1628884980,+3.47,+26.670, +7.609,+0.975
1628885040,+3.47,+26.678, +7.583,+0.974
1628885100,+3.47,+26.687, +7.574,+0.974
1628885160,+3.47,+26.678, +7.579,+0.974
1628885220,+3.47,+26.695, +7.585,+0.974
1628885280,+3.47,+26.721, +7.602,+0.975
1628885340,+3.47,+26.729, +7.593,+0.974
1628885400,+3.47,+26.729, +7.596,+0.975
1628885460,+3.47,+26.746, +7.590,+0.974
1628885520,+3.47,+26.738, +7.610,+0.975
1628885580,+3.47,+26.755, +7.614,+0.975
1628885640,+3.47,+26.738, +7.616,+0.975
1628885700,+3.47,+26.729, +7.636,+0.975
1628885760,+3.47,+26.746, +7.640,+0.975
1628885820,+3.47,+26.755, +7.625,+0.975
1628885880,+3.47,+26.755, +7.623,+0.974
1628885940,+3.47,+26.755, +7.619,+0.975
1628886000,+3.47,+26.763, +7.622,+0.975
1628886060,+3.47,+26.763, +7.631,+0.975
1628886120,+3.47,+26.746, +7.633,+0.975
1628886180,+3.47,+26.780, +7.638,+0.975
1628886240,+3.47,+26.763, +7.660,+0.975
1628886300,+3.47,+26.772, +7.670,+0.974
1628886360,+3.47,+26.772, +7.683,+0.975
1628886420,+3.47,+26.763, +7.711,+0.975
1628886480,+3.47,+26.805, +7.724,+0.975
1628886540,+3.47,+26.797, +7.731,+0.975
1628886600,+3.47,+26.805, +7.734,+0.975
1628886660,+3.47,+26.814, +7.751,+0.975
1628886720,+3.47,+26.822, +7.831,+0.975
1628886780,+3.47,+26.831, +7.805,+0.976
1628886840,+3.47,+26.814, +7.795,+0.975
1628886900,+3.47,+26.831, +7.806,+0.975
1628886960,+3.47,+26.839, +7.808,+0.974
1628887020,+3.47,+26.839, +7.851,+0.976
1628887080,+3.47,+26.856, +7.819,+0.975
1628887140,+3.47,+26.856, +7.831,+0.975
1628887200,+3.47,+26.848, +7.915,+0.975
1628887260,+3.47,+26.865, +7.937,+0.975
1628887320,+3.47,+26.873, +7.904,+0.975
1628887380,+3.47,+26.865, +7.892,+0.975
1628887440,+3.47,+26.865, +7.933,+0.975
1628887500,+3.47,+26.865, +7.919,+0.975
1628887560,+3.47,+26.882, +7.896,+0.975
1628887620,+3.47,+26.882, +7.950,+0.976
1628887680,+3.47,+26.899, +8.018,+0.975
1628887740,+3.46,+26.907, +8.037,+0.975
1628887800,+3.47,+26.907, +7.998,+0.975
1628887860,+3.47,+26.899, +7.881,+0.975
1628887920,+3.47,+26.899, +7.838,+0.975
1628887980,+3.47,+26.907, +7.878,+0.975
1628888040,+3.47,+26.890, +7.885,+0.975
1628888100,+3.47,+26.924, +7.861,+0.975
1628888160,+3.47,+26.907, +7.860,+0.975
1628888220,+3.47,+26.907, +7.862,+0.975
1628888280,+3.47,+26.890, +7.859,+0.975
1628888340,+3.47,+26.899, +7.863,+0.975
1628888400,+3.47,+26.890, +7.865,+0.976
1628888460,+3.46,+26.899, +7.857,+0.975
1628888520,+3.47,+26.916, +7.842,+0.975
1628888580,+3.47,+26.899, +7.833,+0.975
1628888640,+3.47,+26.890, +7.835,+0.975
1628888700,+3.47,+26.899, +7.809,+0.975
1628888760,+3.47,+26.907, +7.826,+0.975
1628888820,+3.47,+26.916, +7.828,+0.975
1628888880,+3.47,+26.899, +7.821,+0.975
1628888940,+3.47,+26.899, +7.807,+0.975
1628889000,+3.47,+26.907, +7.804,+0.975
1628889060,+3.47,+26.907, +7.811,+0.975
1628889120,+3.47,+26.907, +7.810,+0.975
1628889180,+3.47,+26.907, +7.795,+0.974
1628889240,+3.47,+26.916, +7.778,+0.975
1628889300,+3.47,+26.907, +7.772,+0.974
1628889360,+3.47,+26.924, +7.775,+0.975
1628889420,+3.47,+26.899, +7.794,+0.976
1628889480,+3.47,+26.916, +7.777,+0.975
1628889540,+3.47,+26.890, +7.806,+0.975
1628889600,+3.47,+26.916, +7.807,+0.975
1628889660,+3.47,+26.907, +7.817,+0.974
1628889720,+3.47,+26.932, +7.812,+0.975
1628889780,+3.47,+26.916, +7.802,+0.975
1628889840,+3.47,+26.932, +7.825,+0.976
1628889900,+3.47,+26.932, +7.814,+0.975
1628889960,+3.47,+26.907, +7.823,+0.975
1628890020,+3.47,+26.924, +7.815,+0.976
1628890080,+3.47,+26.916, +7.836,+0.976
1628890140,+3.47,+26.932, +7.812,+0.975
1628890200,+3.47,+26.932, +7.822,+0.976
1628890260,+3.47,+26.949, +7.802,+0.975
1628890320,+3.47,+26.941, +7.808,+0.975
1628890380,+3.47,+26.941, +7.810,+0.976
1628890440,+3.47,+26.958, +7.780,+0.975
1628890500,+3.47,+26.949, +7.789,+0.975
1628890560,+3.47,+26.958, +7.780,+0.975
1628890620,+3.47,+26.983, +7.784,+0.975
1628890680,+3.47,+26.958, +7.780,+0.975
1628890740,+3.47,+26.966, +7.787,+0.975
1628890800,+3.47,+26.958, +7.790,+0.975
1628890860,+3.47,+26.958, +7.795,+0.976
1628890920,+3.47,+26.975, +7.800,+0.976
1628890980,+3.47,+26.983, +7.789,+0.975
1628891040,+3.47,+26.992, +7.789,+0.975
1628891100,+3.47,+26.983, +7.771,+0.975
1628891160,+3.47,+26.992, +7.788,+0.975
1628891220,+3.47,+27.009, +7.799,+0.975
1628891280,+3.47,+26.992, +7.797,+0.975
1628891340,+3.47,+27.000, +7.808,+0.976
1628891400,+3.46,+27.009, +7.796,+0.975
1628891460,+3.46,+27.000, +7.801,+0.976
1628891520,+3.47,+27.000, +7.821,+0.976
1628891580,+3.47,+27.017, +7.876,+0.975
1628891640,+3.46,+27.034, +7.876,+0.975
1628891700,+3.46,+27.051, +7.877,+0.975
1628891760,+3.46,+27.043, +7.845,+0.975
1628891820,+3.46,+27.060, +7.855,+0.976
1628891880,+3.46,+27.051, +7.880,+0.976
1628891940,+3.46,+27.068, +7.877,+0.975
1628892000,+3.46,+27.085, +7.897,+0.976
1628892060,+3.46,+27.077, +7.886,+0.976
1628892120,+3.46,+27.077, +7.883,+0.976
1628892180,+3.46,+27.085, +7.873,+0.975
1628892240,+3.46,+27.094, +7.881,+0.977
1628892300,+3.46,+27.094, +7.868,+0.976
1628892360,+3.46,+27.111, +7.845,+0.976
1628892420,+3.46,+27.111, +7.855,+0.975
1628892480,+3.46,+27.102, +7.858,+0.976
1628892540,+3.46,+27.111, +7.845,+0.975
1628892600,+3.46,+27.119, +7.836,+0.975
1628892660,+3.46,+27.111, +7.831,+0.975
1628892720,+3.46,+27.119, +7.824,+0.975
1628892780,+3.46,+27.119, +7.820,+0.975
1628892840,+3.46,+27.119, +7.829,+0.976
1628892900,+3.46,+27.128, +7.825,+0.976
1628892960,+3.46,+27.136, +7.803,+0.975
1628893020,+3.46,+27.153, +7.798,+0.975
1628893080,+3.46,+27.144, +7.801,+0.975
1628893140,+3.46,+27.161, +7.790,+0.975
1628893200,+3.46,+27.170, +7.798,+0.975
1628893260,+3.46,+27.153, +7.805,+0.976
1628893320,+3.46,+27.170, +7.805,+0.975
1628893380,+3.46,+27.178, +7.811,+0.976
1628893440,+3.46,+27.178, +7.796,+0.975
1628893500,+3.46,+27.187, +7.806,+0.975
1628893560,+3.46,+27.195, +7.796,+0.976
1628893620,+3.46,+27.187, +7.849,+0.976
1628893680,+3.46,+27.204, +7.845,+0.976
1628893740,+3.46,+27.195, +7.821,+0.975
1628893800,+3.46,+27.195, +7.843,+0.976
1628893860,+3.46,+27.204, +7.816,+0.975
1628893920,+3.46,+27.195, +7.832,+0.976
1628893980,+3.46,+27.195, +7.827,+0.976
1628894040,+3.46,+27.195, +7.792,+0.976
1628894100,+3.46,+27.204, +7.796,+0.976
1628894160,+3.46,+27.195, +7.795,+0.975
1628894220,+3.46,+27.195, +7.801,+0.976
1628894280,+3.46,+27.195, +7.808,+0.976
1628894340,+3.46,+27.212, +7.776,+0.976
1628894400,+3.46,+27.212, +7.762,+0.975
1628894460,+3.46,+27.221, +7.772,+0.975
1628894520,+3.46,+27.221, +7.765,+0.975
1628894580,+3.46,+27.212, +7.773,+0.976
1628894640,+3.46,+27.204, +7.764,+0.975
1628894700,+3.46,+27.221, +7.757,+0.976
1628894760,+3.46,+27.221, +7.755,+0.975
1628894820,+3.46,+27.204, +7.782,+0.976
1628894880,+3.46,+27.229, +7.800,+0.976
1628894940,+3.46,+27.221, +7.805,+0.976
1628895000,+3.46,+27.212, +7.806,+0.976
1628895060,+3.46,+27.221, +7.817,+0.975
1628895120,+3.46,+27.221, +7.783,+0.976
1628895180,+3.46,+27.238, +7.808,+0.976
1628895240,+3.46,+27.238, +7.812,+0.975
