7450-735719
OS REV: 1.05 Sensor Cal: 1573748658
Time (sec),  BV (Volts),  T (deg C),  DO (mg/l),  Q ()
1629327300,+3.46,+26.323, +8.731,+0.975
1629327360,+3.46,+26.323, +8.755,+0.974
1629327420,+3.46,+26.332, +8.698,+0.975
1629327480,+3.46,+26.340, +8.760,+0.974
1629327540,+3.46,+26.365, +8.718,+0.975
1629327600,+3.46,+26.349, +8.483,+0.974
1629327660,+3.46,+26.365, +8.597,+0.975
1629327720,+3.46,+26.365, +8.695,+0.975
1629327780,+3.46,+26.391, +8.766,+0.975
1629327840,+3.46,+26.374, +8.626,+0.974
1629327900,+3.46,+26.374, +8.599,+0.974
1629327960,+3.46,+26.374, +8.412,+0.975
1629328020,+3.46,+26.399, +8.687,+0.974
1629328080,+3.46,+26.408, +8.719,+0.974
1629328140,+3.46,+26.408, +8.573,+0.974
1629328200,+3.46,+26.408, +8.656,+0.975
1629328260,+3.46,+26.416, +8.637,+0.974
1629328320,+3.46,+26.408, +8.683,+0.975
1629328380,+3.46,+26.433, +8.717,+0.975
1629328440,+3.46,+26.442, +8.768,+0.975
1629328500,+3.46,+26.458, +8.768,+0.975
1629328560,+3.46,+26.467, +8.736,+0.974
1629328620,+3.46,+26.467, +8.642,+0.975
1629328680,+3.46,+26.467, +8.709,+0.974
1629328740,+3.46,+26.458, +8.767,+0.975
1629328800,+3.46,+26.467, +8.640,+0.975
1629328860,+3.46,+26.467, +8.681,+0.975
1629328920,+3.46,+26.458, +8.561,+0.975
1629328980,+3.46,+26.467, +8.741,+0.975
1629329040,+3.46,+26.475, +8.661,+0.974
1629329100,+3.46,+26.484, +8.570,+0.974
1629329160,+3.46,+26.501, +8.726,+0.975
1629329220,+3.46,+26.492, +8.722,+0.975
1629329280,+3.46,+26.492, +8.701,+0.975
1629329340,+3.46,+26.501, +8.694,+0.975
1629329400,+3.46,+26.509, +8.651,+0.975
1629329460,+3.46,+26.518, +8.644,+0.975
1629329520,+3.46,+26.509, +8.623,+0.974
1629329580,+3.46,+26.526, +8.620,+0.975
1629329640,+3.46,+26.526, +8.674,+0.975
1629329700,+3.46,+26.526, +8.643,+0.975
1629329760,+3.46,+26.543, +8.750,+0.974
1629329820,+3.46,+26.535, +8.499,+0.975
1629329880,+3.46,+26.551, +8.695,+0.975
1629329940,+3.46,+26.551, +8.799,+0.975
1629330000,+3.46,+26.535, +8.647,+0.975
1629330060,+3.46,+26.543, +8.633,+0.976
1629330120,+3.46,+26.543, +8.548,+0.975
1629330180,+3.46,+26.568, +8.764,+0.975
1629330240,+3.46,+26.585, +8.721,+0.975
1629330300,+3.46,+26.594, +8.751,+0.975
1629330360,+3.46,+26.602, +8.710,+0.975
1629330420,+3.46,+26.594, +8.722,+0.974
1629330480,+3.46,+26.594, +8.665,+0.975
1629330540,+3.46,+26.602, +8.639,+0.976
1629330600,+3.46,+26.585, +8.617,+0.975
1629330660,+3.46,+26.594, +8.449,+0.974
1629330720,+3.46,+26.602, +8.636,+0.975
1629330780,+3.46,+26.594, +8.613,+0.976
1629330840,+3.47,+26.619, +8.590,+0.976
1629330900,+3.46,+26.611, +8.522,+0.975
1629330960,+3.46,+26.611, +8.545,+0.975
1629331020,+3.46,+26.602, +8.461,+0.974
1629331080,+3.46,+26.619, +8.467,+0.975
1629331140,+3.46,+26.628, +8.587,+0.975
1629331200,+3.46,+26.653, +8.506,+0.975
1629331260,+3.46,+26.661, +8.612,+0.975
1629331320,+3.46,+26.661, +8.713,+0.975
1629331380,+3.46,+26.670, +8.668,+0.975
1629331440,+3.46,+26.687, +8.684,+0.975
1629331500,+3.46,+26.687, +8.493,+0.976
1629331560,+3.46,+26.670, +8.554,+0.975
1629331620,+3.46,+26.670, +8.541,+0.975
1629331680,+3.46,+26.687, +8.479,+0.975
1629331740,+3.46,+26.678, +8.654,+0.975
1629331800,+3.46,+26.687, +8.599,+0.975
1629331860,+3.46,+26.687, +8.530,+0.975
1629331920,+3.46,+26.678, +8.559,+0.975
1629331980,+3.46,+26.695, +8.618,+0.975
1629332040,+3.46,+26.661, +8.447,+0.975
1629332100,+3.46,+26.678, +8.586,+0.975
1629332160,+3.46,+26.704, +8.704,+0.975
1629332220,+3.46,+26.695, +8.538,+0.975
1629332280,+3.46,+26.704, +8.617,+0.975
1629332340,+3.46,+26.695, +8.718,+0.975
1629332400,+3.46,+26.738, +8.637,+0.975
1629332460,+3.46,+26.695, +8.576,+0.975
1629332520,+3.46,+26.687, +8.688,+0.975
1629332580,+3.46,+26.687, +8.621,+0.975
1629332640,+3.46,+26.678, +8.577,+0.975
1629332700,+3.46,+26.670, +8.648,+0.976
1629332760,+3.46,+26.678, +8.613,+0.976
1629332820,+3.46,+26.687, +8.549,+0.975
1629332880,+3.46,+26.661, +8.558,+0.975
1629332940,+3.46,+26.678, +8.583,+0.975
1629333000,+3.47,+26.670, +8.578,+0.975
1629333060,+3.46,+26.695, +8.531,+0.975
1629333120,+3.46,+26.678, +8.404,+0.975
1629333180,+3.46,+26.670, +8.588,+0.975
1629333240,+3.46,+26.687, +8.529,+0.976
1629333300,+3.46,+26.678, +8.550,+0.974
1629333360,+3.46,+26.704, +8.594,+0.975
1629333420,+3.46,+26.670, +8.523,+0.975
1629333480,+3.46,+26.687, +8.484,+0.975
1629333540,+3.46,+26.661, +8.621,+0.976
1629333600,+3.47,+26.687, +8.559,+0.975
1629333660,+3.46,+26.670, +8.574,+0.975
1629333720,+3.47,+26.678, +8.711,+0.975
1629333780,+3.46,+26.695, +8.611,+0.975
1629333840,+3.46,+26.695, +8.578,+0.975
1629333900,+3.46,+26.678, +8.636,+0.975
1629333960,+3.46,+26.670, +8.591,+0.975
1629334020,+3.47,+26.670, +8.626,+0.975
1629334080,+3.46,+26.645, +8.364,+0.975
1629334140,+3.46,+26.636, +8.497,+0.975
1629334200,+3.47,+26.645, +8.613,+0.975
1629334260,+3.47,+26.653, +8.392,+0.976
1629334320,+3.47,+26.653, +8.528,+0.975
1629334380,+3.47,+26.653, +8.425,+0.975
1629334440,+3.47,+26.636, +8.357,+0.975
1629334500,+3.47,+26.636, +8.468,+0.975
1629334560,+3.47,+26.611, +8.336,+0.975
1629334620,+3.47,+26.585, +8.312,+0.975
1629334680,+3.47,+26.602, +8.376,+0.975
1629334740,+3.47,+26.602, +8.513,+0.975
1629334800,+3.47,+26.602, +8.443,+0.976
1629334860,+3.47,+26.602, +8.515,+0.975
1629334920,+3.47,+26.611, +8.345,+0.975
1629334980,+3.47,+26.602, +8.412,+0.975
1629335040,+3.47,+26.611, +8.465,+0.975
1629335100,+3.47,+26.585, +8.345,+0.975
1629335160,+3.47,+26.602, +8.349,+0.975
1629335220,+3.47,+26.594, +8.301,+0.975
1629335280,+3.47,+26.568, +8.254,+0.975
1629335340,+3.47,+26.560, +8.314,+0.975
1629335400,+3.47,+26.560, +8.165,+0.974
1629335460,+3.47,+26.551, +8.397,+0.975
1629335520,+3.46,+26.543, +8.383,+0.974
1629335580,+3.46,+26.543, +8.259,+0.975
1629335640,+3.46,+26.535, +8.020,+0.975
1629335700,+3.46,+26.526, +8.068,+0.975
1629335760,+3.46,+26.543, +8.157,+0.974
1629335820,+3.47,+26.560, +8.242,+0.976
1629335880,+3.46,+26.535, +8.135,+0.975
1629335940,+3.46,+26.518, +8.236,+0.975
1629336000,+3.46,+26.535, +8.371,+0.974
1629336060,+3.46,+26.509, +8.105,+0.975
1629336120,+3.46,+26.518, +8.376,+0.975
1629336180,+3.46,+26.526, +8.174,+0.975
1629336240,+3.46,+26.526, +8.239,+0.975
1629336300,+3.46,+26.535, +8.458,+0.975
1629336360,+3.46,+26.526, +8.320,+0.975
1629336420,+3.46,+26.560, +8.316,+0.975
1629336480,+3.46,+26.543, +8.377,+0.975
1629336540,+3.46,+26.535, +8.460,+0.974
1629336600,+3.46,+26.526, +8.527,+0.974
1629336660,+3.46,+26.526, +8.545,+0.975
1629336720,+3.46,+26.551, +8.470,+0.975
1629336780,+3.46,+26.518, +8.429,+0.975
1629336840,+3.46,+26.518, +8.546,+0.976
1629336900,+3.46,+26.509, +8.307,+0.976
1629336960,+3.46,+26.518, +8.204,+0.975
1629337020,+3.46,+26.492, +8.114,+0.974
1629337080,+3.46,+26.484, +8.352,+0.975
1629337140,+3.46,+26.484, +8.367,+0.975
1629337200,+3.46,+26.467, +8.539,+0.975
1629337260,+3.46,+26.484, +8.427,+0.974
1629337320,+3.46,+26.475, +8.366,+0.975
1629337380,+3.46,+26.458, +8.511,+0.975
1629337440,+3.46,+26.475, +8.559,+0.975
1629337500,+3.46,+26.484, +8.299,+0.974
1629337560,+3.46,+26.458, +8.265,+0.975
1629337620,+3.46,+26.458, +8.314,+0.975
1629337680,+3.46,+26.450, +8.448,+0.975
1629337740,+3.46,+26.442, +8.172,+0.975
1629337800,+3.46,+26.458, +8.448,+0.975
1629337860,+3.46,+26.442, +8.415,+0.975
1629337920,+3.46,+26.425, +8.118,+0.975
1629337980,+3.46,+26.408, +8.212,+0.975
1629338040,+3.46,+26.391, +8.251,+0.975
1629338100,+3.46,+26.425, +8.510,+0.975
1629338160,+3.46,+26.382, +8.285,+0.974
1629338220,+3.46,+26.408, +8.370,+0.975
1629338280,+3.46,+26.374, +8.119,+0.974
1629338340,+3.46,+26.382, +8.169,+0.974
1629338400,+3.46,+26.391, +8.479,+0.975
1629338460,+3.46,+26.391, +8.375,+0.975
1629338520,+3.46,+26.382, +8.095,+0.974
1629338580,+3.46,+26.365, +8.105,+0.975
1629338640,+3.46,+26.349, +8.096,+0.975
1629338700,+3.46,+26.332, +8.206,+0.974
1629338760,+3.46,+26.357, +8.411,+0.974
1629338820,+3.46,+26.332, +8.147,+0.974
1629338880,+3.46,+26.340, +8.243,+0.974
1629338940,+3.46,+26.340, +8.105,+0.974
1629339000,+3.46,+26.340, +8.274,+0.974
1629339060,+3.46,+26.306, +8.137,+0.974
1629339120,+3.46,+26.315, +7.991,+0.974
1629339180,+3.46,+26.332, +8.026,+0.975
1629339240,+3.46,+26.332, +8.052,+0.975
1629339300,+3.46,+26.349, +7.978,+0.974
1629339360,+3.46,+26.332, +7.891,+0.975
1629339420,+3.46,+26.365, +8.026,+0.974
1629339480,+3.46,+26.365, +8.218,+0.974
1629339540,+3.46,+26.374, +8.087,+0.975
1629339600,+3.46,+26.374, +8.046,+0.974
1629339660,+3.46,+26.374, +8.156,+0.974
1629339720,+3.46,+26.382, +8.265,+0.975
1629339780,+3.46,+26.382, +8.280,+0.975
1629339840,+3.46,+26.408, +8.357,+0.975
1629339900,+3.46,+26.382, +8.236,+0.975
1629339960,+3.46,+26.399, +8.185,+0.975
1629340020,+3.46,+26.382, +8.055,+0.974
1629340080,+3.46,+26.365, +8.061,+0.974
1629340140,+3.46,+26.382, +8.190,+0.976
1629340200,+3.46,+26.416, +8.252,+0.975
1629340260,+3.46,+26.416, +8.330,+0.975
1629340320,+3.46,+26.425, +8.250,+0.974
1629340380,+3.46,+26.416, +8.193,+0.975
1629340440,+3.46,+26.399, +8.097,+0.974
1629340500,+3.46,+26.425, +8.452,+0.975
1629340560,+3.46,+26.416, +8.308,+0.974
1629340620,+3.46,+26.416, +8.091,+0.975
1629340680,+3.46,+26.416, +8.193,+0.974
1629340740,+3.46,+26.391, +8.131,+0.975
1629340800,+3.46,+26.374, +7.807,+0.975
1629340860,+3.46,+26.332, +7.869,+0.974
1629340920,+3.46,+26.349, +7.901,+0.974
1629340980,+3.46,+26.349, +8.143,+0.974
1629341040,+3.46,+26.357, +8.299,+0.974
1629341100,+3.46,+26.357, +8.216,+0.975
1629341160,+3.46,+26.365, +8.365,+0.974
1629341220,+3.46,+26.349, +8.219,+0.974
1629341280,+3.46,+26.332, +8.206,+0.974
1629341340,+3.46,+26.349, +8.184,+0.975
1629341400,+3.46,+26.340, +8.036,+0.975
1629341460,+3.46,+26.323, +8.075,+0.974
1629341520,+3.46,+26.315, +7.907,+0.974
1629341580,+3.46,+26.332, +8.305,+0.975
1629341640,+3.46,+26.315, +8.086,+0.975
1629341700,+3.46,+26.281, +7.939,+0.974
1629341760,+3.46,+26.306, +8.146,+0.974
1629341820,+3.46,+26.281, +8.107,+0.975
1629341880,+3.46,+26.264, +7.956,+0.974
1629341940,+3.46,+26.289, +8.230,+0.975
1629342000,+3.46,+26.264, +8.096,+0.974
1629342060,+3.46,+26.272, +8.215,+0.975
1629342120,+3.46,+26.264, +8.190,+0.974
1629342180,+3.46,+26.272, +8.104,+0.975
1629342240,+3.46,+26.281, +8.256,+0.975
1629342300,+3.46,+26.281, +8.276,+0.975
1629342360,+3.46,+26.272, +8.095,+0.974
1629342420,+3.46,+26.264, +8.124,+0.975
1629342480,+3.46,+26.272, +8.063,+0.974
1629342540,+3.46,+26.264, +8.164,+0.975
1629342600,+3.46,+26.281, +8.334,+0.974
1629342660,+3.46,+26.256, +8.225,+0.975
1629342720,+3.46,+26.247, +8.098,+0.975
1629342780,+3.46,+26.247, +8.236,+0.975
1629342840,+3.46,+26.230, +8.034,+0.974
1629342900,+3.46,+26.205, +7.951,+0.974
1629342960,+3.46,+26.196, +8.088,+0.974
1629343020,+3.46,+26.205, +8.282,+0.974
1629343080,+3.46,+26.205, +7.942,+0.975
1629343140,+3.46,+26.180, +7.916,+0.974
1629343200,+3.46,+26.146, +8.037,+0.974
1629343260,+3.46,+26.146, +7.912,+0.974
1629343320,+3.46,+26.095, +8.090,+0.974
1629343380,+3.46,+26.028, +8.147,+0.974
1629343440,+3.46,+25.994, +8.194,+0.974
1629343500,+3.46,+26.002, +8.217,+0.974
1629343560,+3.46,+25.985, +8.341,+0.975
1629343620,+3.46,+25.985, +8.201,+0.973
1629343680,+3.46,+25.977, +8.049,+0.974
1629343740,+3.46,+25.943, +8.094,+0.974
1629343800,+3.46,+25.952, +8.173,+0.974
1629343860,+3.46,+25.968, +8.370,+0.974
1629343920,+3.46,+25.968, +8.178,+0.973
1629343980,+3.46,+25.952, +8.136,+0.975
1629344040,+3.46,+25.994, +8.188,+0.974
1629344100,+3.46,+25.968, +8.221,+0.974
1629344160,+3.46,+25.952, +8.131,+0.974
1629344220,+3.46,+25.926, +8.174,+0.975
1629344280,+3.46,+25.918, +8.119,+0.974
1629344340,+3.46,+25.918, +8.106,+0.974
1629344400,+3.46,+26.011, +8.111,+0.975
1629344460,+3.46,+26.011, +8.052,+0.974
1629344520,+3.46,+26.036, +8.019,+0.974
1629344580,+3.46,+26.019, +7.891,+0.974
1629344640,+3.46,+26.028, +8.001,+0.974
1629344700,+3.46,+25.994, +7.807,+0.974
1629344760,+3.46,+26.002, +7.946,+0.974
1629344820,+3.46,+25.977, +7.832,+0.974
1629344880,+3.46,+25.985, +7.857,+0.973
1629344940,+3.46,+25.977, +7.825,+0.974
1629345000,+3.46,+25.985, +7.859,+0.973
1629345060,+3.46,+26.028, +8.026,+0.973
1629345120,+3.46,+26.028, +8.090,+0.974
1629345180,+3.46,+26.011, +7.779,+0.973
1629345240,+3.46,+25.985, +7.841,+0.974
1629345300,+3.46,+25.985, +7.955,+0.975
1629345360,+3.46,+26.002, +7.960,+0.974
1629345420,+3.46,+25.968, +7.900,+0.974
1629345480,+3.46,+25.960, +7.773,+0.973
1629345540,+3.46,+25.918, +7.846,+0.974
1629345600,+3.46,+25.909, +7.754,+0.974
1629345660,+3.46,+25.909, +7.698,+0.974
1629345720,+3.46,+25.893, +7.655,+0.973
1629345780,+3.46,+25.867, +7.747,+0.974
1629345840,+3.46,+25.876, +7.804,+0.973
1629345900,+3.46,+25.850, +7.587,+0.974
1629345960,+3.46,+25.850, +7.615,+0.974
1629346020,+3.46,+25.825, +7.543,+0.972
1629346080,+3.46,+25.817, +7.512,+0.973
1629346140,+3.46,+25.859, +7.828,+0.974
1629346200,+3.46,+25.884, +7.960,+0.974
1629346260,+3.46,+25.884, +7.888,+0.974
1629346320,+3.46,+25.926, +8.005,+0.974
1629346380,+3.46,+25.876, +7.698,+0.974
1629346440,+3.46,+25.876, +7.818,+0.973
1629346500,+3.46,+25.850, +7.662,+0.974
1629346560,+3.46,+25.867, +7.847,+0.974
1629346620,+3.46,+25.884, +7.886,+0.973
1629346680,+3.46,+25.884, +7.887,+0.974
1629346740,+3.46,+25.859, +7.695,+0.974
1629346800,+3.46,+25.884, +7.675,+0.974
1629346860,+3.46,+25.850, +7.697,+0.973
1629346920,+3.46,+25.867, +7.774,+0.974
1629346980,+3.46,+25.893, +7.802,+0.974
1629347040,+3.46,+25.901, +7.882,+0.974
1629347100,+3.46,+25.893, +7.888,+0.974
1629347160,+3.46,+25.842, +7.582,+0.974
1629347220,+3.46,+25.800, +7.609,+0.973
1629347280,+3.46,+25.825, +7.700,+0.973
1629347340,+3.46,+25.825, +7.769,+0.974
1629347400,+3.46,+25.850, +7.819,+0.974
1629347460,+3.46,+25.867, +7.772,+0.974
1629347520,+3.46,+25.901, +7.802,+0.974
1629347580,+3.46,+25.901, +7.931,+0.974
1629347640,+3.46,+25.859, +7.660,+0.974
1629347700,+3.46,+25.876, +7.702,+0.974
1629347760,+3.46,+25.833, +7.545,+0.973
1629347820,+3.46,+25.850, +7.642,+0.973
1629347880,+3.46,+25.842, +7.722,+0.973
1629347940,+3.46,+25.850, +7.840,+0.974
1629348000,+3.46,+25.808, +7.517,+0.974
1629348060,+3.46,+25.825, +7.453,+0.973
1629348120,+3.46,+25.791, +7.358,+0.973
1629348180,+3.46,+25.749, +7.293,+0.973
1629348240,+3.46,+25.749, +7.417,+0.973
1629348300,+3.46,+25.758, +7.434,+0.973
1629348360,+3.46,+25.741, +7.438,+0.973
1629348420,+3.46,+25.724, +7.410,+0.973
1629348480,+3.46,+25.741, +7.639,+0.974
1629348540,+3.46,+25.741, +7.491,+0.973
1629348600,+3.46,+25.749, +7.566,+0.974
1629348660,+3.46,+25.783, +7.603,+0.974
1629348720,+3.46,+25.783, +7.592,+0.973
1629348780,+3.46,+25.791, +7.644,+0.973
1629348840,+3.46,+25.783, +7.547,+0.973
1629348900,+3.46,+25.808, +7.596,+0.973
1629348960,+3.46,+25.800, +7.701,+0.974
1629349020,+3.46,+25.825, +7.742,+0.974
1629349080,+3.46,+25.842, +7.636,+0.974
1629349140,+3.46,+25.783, +7.411,+0.973
1629349200,+3.46,+25.724, +7.749,+0.974
1629349260,+3.46,+25.741, +7.521,+0.973
1629349320,+3.46,+25.707, +7.383,+0.973
1629349380,+3.46,+25.690, +7.417,+0.972
1629349440,+3.46,+25.665, +7.691,+0.973
1629349500,+3.46,+25.631, +7.597,+0.973
1629349560,+3.46,+25.640, +7.663,+0.973
1629349620,+3.46,+25.648, +7.744,+0.973
1629349680,+3.46,+25.606, +7.597,+0.973
1629349740,+3.46,+25.614, +7.478,+0.973
1629349800,+3.46,+25.589, +7.666,+0.973
1629349860,+3.46,+25.597, +7.691,+0.973
1629349920,+3.46,+25.631, +7.869,+0.973
1629349980,+3.46,+25.640, +7.879,+0.973
1629350040,+3.46,+25.623, +7.892,+0.973
1629350100,+3.46,+25.623, +7.885,+0.973
1629350160,+3.46,+25.606, +7.890,+0.973
1629350220,+3.46,+25.614, +7.730,+0.973
1629350280,+3.46,+25.597, +7.728,+0.973
1629350340,+3.46,+25.606, +7.832,+0.974
1629350400,+3.46,+25.589, +7.861,+0.973
1629350460,+3.46,+25.606, +7.851,+0.974
1629350520,+3.46,+25.614, +7.773,+0.973
1629350580,+3.46,+25.623, +7.794,+0.974
1629350640,+3.46,+25.640, +7.869,+0.973
1629350700,+3.46,+25.606, +7.811,+0.973
1629350760,+3.46,+25.614, +7.752,+0.973
1629350820,+3.46,+25.597, +7.731,+0.974
1629350880,+3.46,+25.572, +7.810,+0.973
1629350940,+3.46,+25.581, +7.786,+0.973
1629351000,+3.46,+25.555, +7.732,+0.974
1629351060,+3.46,+25.572, +7.737,+0.973
1629351120,+3.46,+25.572, +7.688,+0.973
1629351180,+3.46,+25.555, +7.643,+0.973
1629351240,+3.46,+25.564, +7.801,+0.973
1629351300,+3.46,+25.589, +7.687,+0.973
1629351360,+3.46,+25.648, +7.482,+0.972
1629351420,+3.46,+25.631, +7.646,+0.973
1629351480,+3.46,+25.597, +7.666,+0.974
1629351540,+3.46,+25.597, +7.733,+0.973
1629351600,+3.46,+25.589, +7.616,+0.973
1629351660,+3.46,+25.597, +7.541,+0.973
1629351720,+3.46,+25.614, +7.555,+0.973
1629351780,+3.46,+25.597, +7.499,+0.973
1629351840,+3.46,+25.589, +7.728,+0.974
1629351900,+3.46,+25.597, +7.824,+0.973
1629351960,+3.46,+25.597, +7.875,+0.973
1629352020,+3.46,+25.597, +7.739,+0.973
1629352080,+3.46,+25.606, +7.769,+0.974
1629352140,+3.46,+25.589, +7.839,+0.973
1629352200,+3.46,+25.597, +7.865,+0.974
1629352260,+3.46,+25.631, +7.755,+0.973
1629352320,+3.46,+25.640, +7.751,+0.973
1629352380,+3.46,+25.640, +7.702,+0.974
1629352440,+3.46,+25.665, +7.857,+0.974
1629352500,+3.46,+25.648, +7.940,+0.973
1629352560,+3.46,+25.665, +7.829,+0.973
1629352620,+3.46,+25.665, +7.822,+0.974
1629352680,+3.46,+25.665, +7.703,+0.974
1629352740,+3.46,+25.640, +7.862,+0.973
1629352800,+3.46,+25.631, +7.827,+0.973
1629352860,+3.46,+25.656, +7.741,+0.973
1629352920,+3.46,+25.614, +7.793,+0.974
1629352980,+3.46,+25.640, +7.873,+0.974
1629353040,+3.46,+25.631, +7.715,+0.973
1629353100,+3.46,+25.614, +7.711,+0.973
1629353160,+3.46,+25.606, +7.796,+0.972
1629353220,+3.46,+25.597, +7.769,+0.973
1629353280,+3.46,+25.606, +7.846,+0.974
1629353340,+3.46,+25.606, +7.782,+0.973
1629353400,+3.46,+25.606, +7.816,+0.973
1629353460,+3.46,+25.614, +7.671,+0.973
1629353520,+3.46,+25.606, +7.771,+0.974
1629353580,+3.46,+25.631, +7.630,+0.973
1629353640,+3.46,+25.606, +7.797,+0.973
1629353700,+3.46,+25.631, +7.871,+0.974
1629353760,+3.46,+25.648, +7.835,+0.974
1629353820,+3.46,+25.606, +7.795,+0.973
1629353880,+3.46,+25.597, +7.713,+0.973
1629353940,+3.46,+25.538, +7.734,+0.973
1629354000,+3.46,+25.555, +7.696,+0.973
1629354060,+3.46,+25.555, +7.810,+0.973
1629354120,+3.46,+25.606, +7.799,+0.973
1629354180,+3.46,+25.581, +7.794,+0.973
1629354240,+3.46,+25.597, +7.827,+0.974
1629354300,+3.46,+25.581, +7.808,+0.973
1629354360,+3.46,+25.597, +7.703,+0.973
1629354420,+3.46,+25.614, +7.708,+0.974
1629354480,+3.46,+25.623, +7.827,+0.973
1629354540,+3.46,+25.640, +7.841,+0.974
1629354600,+3.46,+25.631, +7.746,+0.973
1629354660,+3.46,+25.640, +7.814,+0.973
1629354720,+3.46,+25.631, +7.824,+0.973
1629354780,+3.46,+25.640, +7.809,+0.973
1629354840,+3.46,+25.631, +7.796,+0.974
1629354900,+3.46,+25.614, +7.815,+0.973
1629354960,+3.46,+25.648, +7.816,+0.973
1629355020,+3.46,+25.648, +7.802,+0.974
1629355080,+3.46,+25.690, +7.789,+0.974
1629355140,+3.46,+25.682, +7.776,+0.973
1629355200,+3.46,+25.656, +7.810,+0.973
1629355260,+3.46,+25.648, +7.802,+0.973
1629355320,+3.46,+25.614, +7.814,+0.973
1629355380,+3.46,+25.648, +7.804,+0.973
1629355440,+3.46,+25.631, +7.815,+0.974
1629355500,+3.46,+25.673, +7.814,+0.973
1629355560,+3.46,+25.707, +7.800,+0.974
1629355620,+3.46,+25.699, +7.763,+0.974
1629355680,+3.46,+25.665, +7.741,+0.973
1629355740,+3.46,+25.656, +7.774,+0.973
1629355800,+3.46,+25.665, +7.780,+0.973
1629355860,+3.46,+25.682, +7.784,+0.974
1629355920,+3.46,+25.665, +7.775,+0.973
1629355980,+3.46,+25.665, +7.770,+0.973
1629356040,+3.46,+25.682, +7.786,+0.974
1629356100,+3.46,+25.707, +7.774,+0.974
1629356160,+3.46,+25.715, +7.767,+0.974
1629356220,+3.46,+25.699, +7.779,+0.973
1629356280,+3.46,+25.715, +7.766,+0.974
1629356340,+3.46,+25.699, +7.764,+0.974
1629356400,+3.46,+25.699, +7.763,+0.974
1629356460,+3.46,+25.665, +7.780,+0.974
1629356520,+3.46,+25.648, +7.773,+0.973
1629356580,+3.46,+25.648, +7.766,+0.973
1629356640,+3.46,+25.648, +7.763,+0.974
1629356700,+3.46,+25.673, +7.756,+0.973
1629356760,+3.46,+25.648, +7.756,+0.973
1629356820,+3.46,+25.640, +7.762,+0.974
1629356880,+3.46,+25.656, +7.747,+0.973
1629356940,+3.46,+25.640, +7.726,+0.972
1629357000,+3.46,+25.631, +7.748,+0.973
1629357060,+3.46,+25.640, +7.736,+0.973
1629357120,+3.46,+25.648, +7.747,+0.973
1629357180,+3.46,+25.665, +7.732,+0.973
1629357240,+3.46,+25.665, +7.741,+0.974
1629357300,+3.46,+25.640, +7.766,+0.974
1629357360,+3.46,+25.640, +7.760,+0.973
1629357420,+3.46,+25.682, +7.760,+0.974
1629357480,+3.46,+25.699, +7.743,+0.973
1629357540,+3.46,+25.656, +7.756,+0.974
1629357600,+3.46,+25.673, +7.728,+0.973
1629357660,+3.46,+25.673, +7.718,+0.973
1629357720,+3.46,+25.665, +7.732,+0.973
1629357780,+3.46,+25.690, +7.711,+0.973
1629357840,+3.46,+25.665, +7.743,+0.974
1629357900,+3.46,+25.690, +7.724,+0.974
1629357960,+3.46,+25.682, +7.713,+0.973
1629358020,+3.46,+25.656, +7.738,+0.973
1629358080,+3.46,+25.665, +7.722,+0.973
1629358140,+3.46,+25.656, +7.719,+0.973
1629358200,+3.46,+25.640, +7.734,+0.974
1629358260,+3.46,+25.673, +7.717,+0.973
1629358320,+3.46,+25.665, +7.732,+0.973
1629358380,+3.46,+25.673, +7.706,+0.973
1629358440,+3.46,+25.690, +7.699,+0.973
1629358500,+3.46,+25.690, +7.696,+0.973
1629358560,+3.46,+25.673, +7.705,+0.973
1629358620,+3.46,+25.665, +7.707,+0.973
1629358680,+3.46,+25.648, +7.726,+0.974
1629358740,+3.46,+25.656, +7.722,+0.974
1629358800,+3.46,+25.665, +7.707,+0.974
1629358860,+3.46,+25.665, +7.717,+0.974
1629358920,+3.46,+25.648, +7.714,+0.973
1629358980,+3.46,+25.665, +7.701,+0.973
1629359040,+3.46,+25.656, +7.702,+0.973
1629359100,+3.46,+25.682, +7.696,+0.973
1629359160,+3.46,+25.665, +7.702,+0.973
1629359220,+3.46,+25.656, +7.708,+0.973
1629359280,+3.46,+25.656, +7.708,+0.973
1629359340,+3.46,+25.665, +7.712,+0.974
1629359400,+3.46,+25.631, +7.712,+0.973
1629359460,+3.46,+25.640, +7.718,+0.973
1629359520,+3.46,+25.648, +7.696,+0.973
1629359580,+3.46,+25.648, +7.714,+0.974
1629359640,+3.46,+25.640, +7.714,+0.974
1629359700,+3.46,+25.648, +7.697,+0.973
1629359760,+3.46,+25.648, +7.700,+0.973
1629359820,+3.46,+25.656, +7.687,+0.973
1629359880,+3.46,+25.690, +7.681,+0.974
1629359940,+3.46,+25.673, +7.684,+0.973
1629360000,+3.46,+25.682, +7.676,+0.973
1629360060,+3.46,+25.690, +7.666,+0.973
1629360120,+3.46,+25.682, +7.669,+0.973
1629360180,+3.46,+25.673, +7.674,+0.973
1629360240,+3.46,+25.665, +7.675,+0.973
1629360300,+3.46,+25.690, +7.651,+0.973
1629360360,+3.46,+25.682, +7.660,+0.973
1629360420,+3.46,+25.690, +7.657,+0.973
1629360480,+3.46,+25.673, +7.659,+0.974
1629360540,+3.46,+25.656, +7.665,+0.973
1629360600,+3.46,+25.648, +7.684,+0.974
1629360660,+3.46,+25.648, +7.657,+0.973
1629360720,+3.46,+25.673, +7.642,+0.973
1629360780,+3.46,+25.690, +7.634,+0.973
1629360840,+3.46,+25.690, +7.644,+0.973
1629360900,+3.46,+25.665, +7.649,+0.973
1629360960,+3.46,+25.682, +7.641,+0.974
1629361020,+3.46,+25.699, +7.624,+0.973
1629361080,+3.46,+25.715, +7.610,+0.973
1629361140,+3.46,+25.699, +7.635,+0.973
1629361200,+3.46,+25.690, +7.635,+0.973
1629361260,+3.46,+25.656, +7.640,+0.973
1629361320,+3.46,+25.656, +7.642,+0.973
1629361380,+3.46,+25.673, +7.634,+0.973
1629361440,+3.46,+25.682, +7.627,+0.973
1629361500,+3.46,+25.673, +7.623,+0.973
1629361560,+3.46,+25.673, +7.641,+0.973
1629361620,+3.46,+25.665, +7.642,+0.973
1629361680,+3.46,+25.673, +7.630,+0.973
1629361740,+3.46,+25.699, +7.624,+0.974
1629361800,+3.46,+25.682, +7.628,+0.974
1629361860,+3.46,+25.682, +7.634,+0.974
1629361920,+3.46,+25.673, +7.634,+0.973
1629361980,+3.46,+25.673, +7.621,+0.973
1629362040,+3.46,+25.682, +7.623,+0.974
1629362100,+3.46,+25.665, +7.630,+0.973
1629362160,+3.46,+25.656, +7.628,+0.973
1629362220,+3.46,+25.656, +7.638,+0.973
1629362280,+3.46,+25.656, +7.640,+0.973
1629362340,+3.46,+25.648, +7.641,+0.973
1629362400,+3.46,+25.640, +7.641,+0.973
1629362460,+3.46,+25.656, +7.635,+0.973
1629362520,+3.46,+25.673, +7.612,+0.973
1629362580,+3.46,+25.673, +7.603,+0.973
1629362640,+3.46,+25.640, +7.639,+0.973
1629362700,+3.46,+25.656, +7.632,+0.974
1629362760,+3.46,+25.673, +7.614,+0.973
1629362820,+3.46,+25.673, +7.612,+0.973
1629362880,+3.46,+25.682, +7.618,+0.974
1629362940,+3.46,+25.656, +7.613,+0.973
1629363000,+3.46,+25.656, +7.629,+0.974
1629363060,+3.46,+25.665, +7.603,+0.973
1629363120,+3.46,+25.673, +7.571,+0.973
1629363180,+3.46,+25.699, +7.565,+0.973
1629363240,+3.46,+25.673, +7.592,+0.974
1629363300,+3.46,+25.656, +7.586,+0.973
1629363360,+3.46,+25.665, +7.588,+0.973
1629363420,+3.46,+25.656, +7.578,+0.973
1629363480,+3.46,+25.648, +7.596,+0.974
1629363540,+3.46,+25.648, +7.583,+0.973
1629363600,+3.46,+25.682, +7.548,+0.973
1629363660,+3.46,+25.690, +7.541,+0.973
1629363720,+3.46,+25.682, +7.564,+0.974
1629363780,+3.46,+25.665, +7.579,+0.973
1629363840,+3.46,+25.623, +7.596,+0.973
1629363900,+3.46,+25.597, +7.602,+0.973
1629363960,+3.46,+25.606, +7.606,+0.974
1629364020,+3.46,+25.623, +7.565,+0.973
1629364080,+3.46,+25.648, +7.537,+0.973
1629364140,+3.46,+25.665, +7.533,+0.973
1629364200,+3.46,+25.665, +7.538,+0.973
1629364260,+3.46,+25.656, +7.549,+0.973
1629364320,+3.46,+25.614, +7.554,+0.973
1629364380,+3.46,+25.614, +7.581,+0.973
1629364440,+3.46,+25.631, +7.543,+0.973
1629364500,+3.46,+25.640, +7.545,+0.973
1629364560,+3.46,+25.614, +7.575,+0.973
1629364620,+3.46,+25.606, +7.579,+0.973
1629364680,+3.46,+25.589, +7.589,+0.973
1629364740,+3.46,+25.623, +7.544,+0.973
1629364800,+3.46,+25.623, +7.537,+0.973
1629364860,+3.46,+25.640, +7.525,+0.973
1629364920,+3.46,+25.640, +7.538,+0.974
1629364980,+3.46,+25.656, +7.517,+0.973
1629365040,+3.46,+25.656, +7.509,+0.973
1629365100,+3.46,+25.648, +7.508,+0.972
1629365160,+3.46,+25.648, +7.510,+0.972
1629365220,+3.46,+25.623, +7.534,+0.973
1629365280,+3.46,+25.614, +7.543,+0.973
1629365340,+3.46,+25.614, +7.525,+0.973
1629365400,+3.46,+25.614, +7.538,+0.973
1629365460,+3.46,+25.623, +7.517,+0.973
1629365520,+3.46,+25.631, +7.522,+0.974
1629365580,+3.46,+25.648, +7.501,+0.973
1629365640,+3.46,+25.614, +7.527,+0.973
1629365700,+3.46,+25.589, +7.534,+0.973
1629365760,+3.46,+25.589, +7.522,+0.973
1629365820,+3.46,+25.597, +7.520,+0.973
1629365880,+3.46,+25.640, +7.466,+0.973
1629365940,+3.46,+25.640, +7.472,+0.973
1629366000,+3.46,+25.640, +7.488,+0.973
1629366060,+3.46,+25.623, +7.498,+0.973
1629366120,+3.46,+25.623, +7.487,+0.973
1629366180,+3.46,+25.623, +7.471,+0.973
1629366240,+3.46,+25.640, +7.459,+0.973
1629366300,+3.46,+25.631, +7.470,+0.973
1629366360,+3.46,+25.614, +7.483,+0.973
1629366420,+3.46,+25.589, +7.505,+0.973
1629366480,+3.46,+25.581, +7.497,+0.973
1629366540,+3.46,+25.589, +7.480,+0.972
1629366600,+3.46,+25.589, +7.475,+0.973
1629366660,+3.46,+25.589, +7.475,+0.973
1629366720,+3.46,+25.606, +7.435,+0.973
1629366780,+3.46,+25.623, +7.423,+0.973
1629366840,+3.46,+25.623, +7.423,+0.973
1629366900,+3.46,+25.623, +7.433,+0.973
1629366960,+3.46,+25.614, +7.445,+0.973
1629367020,+3.46,+25.589, +7.498,+0.973
1629367080,+3.46,+25.564, +7.469,+0.973
1629367140,+3.46,+25.597, +7.416,+0.973
1629367200,+3.46,+25.581, +7.436,+0.972
1629367260,+3.46,+25.555, +7.472,+0.973
1629367320,+3.46,+25.564, +7.474,+0.973
1629367380,+3.46,+25.572, +7.433,+0.973
1629367440,+3.46,+25.555, +7.445,+0.973
1629367500,+3.46,+25.572, +7.439,+0.973
1629367560,+3.46,+25.614, +7.381,+0.973
1629367620,+3.46,+25.614, +7.374,+0.973
1629367680,+3.46,+25.606, +7.389,+0.972
1629367740,+3.46,+25.597, +7.426,+0.973
1629367800,+3.46,+25.581, +7.418,+0.972
1629367860,+3.46,+25.564, +7.444,+0.973
1629367920,+3.46,+25.547, +7.438,+0.973
1629367980,+3.46,+25.522, +7.474,+0.973
1629368040,+3.46,+25.530, +7.427,+0.972
1629368100,+3.46,+25.530, +7.437,+0.973
1629368160,+3.46,+25.522, +7.443,+0.973
1629368220,+3.46,+25.530, +7.438,+0.972
1629368280,+3.46,+25.513, +7.432,+0.973
1629368340,+3.46,+25.496, +7.453,+0.973
1629368400,+3.46,+25.538, +7.390,+0.974
1629368460,+3.46,+25.572, +7.370,+0.973
1629368520,+3.46,+25.564, +7.375,+0.973
1629368580,+3.46,+25.581, +7.366,+0.973
1629368640,+3.46,+25.581, +7.373,+0.973
1629368700,+3.46,+25.581, +7.377,+0.973
1629368760,+3.46,+25.572, +7.373,+0.973
1629368820,+3.46,+25.572, +7.371,+0.973
1629368880,+3.46,+25.547, +7.398,+0.973
1629368940,+3.46,+25.530, +7.404,+0.973
1629369000,+3.46,+25.564, +7.349,+0.972
1629369060,+3.46,+25.581, +7.339,+0.972
1629369120,+3.46,+25.589, +7.349,+0.972
1629369180,+3.46,+25.538, +7.384,+0.973
1629369240,+3.46,+25.538, +7.406,+0.973
1629369300,+3.46,+25.530, +7.404,+0.973
1629369360,+3.46,+25.564, +7.346,+0.973
1629369420,+3.46,+25.572, +7.343,+0.973
1629369480,+3.46,+25.547, +7.378,+0.973
1629369540,+3.46,+25.538, +7.384,+0.972
1629369600,+3.46,+25.513, +7.425,+0.973
1629369660,+3.46,+25.530, +7.387,+0.973
1629369720,+3.46,+25.538, +7.363,+0.973
1629369780,+3.46,+25.555, +7.352,+0.973
1629369840,+3.46,+25.572, +7.345,+0.973
1629369900,+3.46,+25.572, +7.355,+0.973
1629369960,+3.46,+25.547, +7.360,+0.973
1629370020,+3.46,+25.564, +7.366,+0.973
1629370080,+3.46,+25.572, +7.339,+0.973
1629370140,+3.46,+25.572, +7.361,+0.973
1629370200,+3.46,+25.555, +7.393,+0.973
1629370260,+3.46,+25.522, +7.402,+0.973
1629370320,+3.46,+25.538, +7.352,+0.972
1629370380,+3.46,+25.589, +7.311,+0.973
1629370440,+3.46,+25.564, +7.346,+0.973
1629370500,+3.46,+25.555, +7.366,+0.973
1629370560,+3.46,+25.581, +7.332,+0.972
1629370620,+3.46,+25.589, +7.312,+0.973
1629370680,+3.46,+25.614, +7.281,+0.972
1629370740,+3.46,+25.640, +7.277,+0.973
1629370800,+3.46,+25.640, +7.275,+0.973
1629370860,+3.46,+25.665, +7.240,+0.973
1629370920,+3.46,+25.631, +7.265,+0.972
1629370980,+3.46,+25.614, +7.330,+0.974
1629371040,+3.46,+25.589, +7.324,+0.973
1629371100,+3.46,+25.606, +7.295,+0.973
1629371160,+3.46,+25.589, +7.308,+0.973
1629371220,+3.46,+25.606, +7.296,+0.973
1629371280,+3.46,+25.589, +7.318,+0.974
1629371340,+3.46,+25.614, +7.286,+0.973
1629371400,+3.46,+25.640, +7.273,+0.973
1629371460,+3.46,+25.631, +7.281,+0.973
1629371520,+3.46,+25.623, +7.288,+0.972
1629371580,+3.46,+25.623, +7.295,+0.972
1629371640,+3.46,+25.631, +7.311,+0.973
1629371700,+3.46,+25.606, +7.302,+0.973
1629371760,+3.46,+25.597, +7.316,+0.972
1629371820,+3.46,+25.606, +7.318,+0.973
1629371880,+3.46,+25.597, +7.319,+0.972
1629371940,+3.46,+25.606, +7.291,+0.973
1629372000,+3.46,+25.614, +7.292,+0.973
1629372060,+3.46,+25.640, +7.272,+0.973
1629372120,+3.46,+25.640, +7.258,+0.973
1629372180,+3.46,+25.682, +7.247,+0.973
1629372240,+3.46,+25.682, +7.253,+0.973
1629372300,+3.46,+25.640, +7.299,+0.973
1629372360,+3.46,+25.631, +7.315,+0.973
1629372420,+3.46,+25.606, +7.320,+0.973
1629372480,+3.46,+25.623, +7.315,+0.973
1629372540,+3.46,+25.631, +7.277,+0.973
1629372600,+3.46,+25.648, +7.273,+0.973
1629372660,+3.46,+25.614, +7.313,+0.973
1629372720,+3.46,+25.614, +7.325,+0.973
1629372780,+3.46,+25.623, +7.283,+0.973
1629372840,+3.46,+25.614, +7.275,+0.973
1629372900,+3.46,+25.631, +7.288,+0.973
1629372960,+3.46,+25.623, +7.306,+0.973
1629373020,+3.46,+25.656, +7.258,+0.972
1629373080,+3.46,+25.631, +7.291,+0.973
1629373140,+3.46,+25.631, +7.293,+0.973
1629373200,+3.46,+25.648, +7.293,+0.973
1629373260,+3.46,+25.640, +7.294,+0.973
1629373320,+3.46,+25.656, +7.256,+0.973
1629373380,+3.46,+25.682, +7.225,+0.972
1629373440,+3.46,+25.690, +7.239,+0.973
1629373500,+3.46,+25.665, +7.272,+0.973
1629373560,+3.46,+25.682, +7.265,+0.973
1629373620,+3.46,+25.665, +7.283,+0.973
1629373680,+3.46,+25.640, +7.295,+0.972
1629373740,+3.46,+25.631, +7.308,+0.973
1629373800,+3.46,+25.665, +7.279,+0.973
1629373860,+3.46,+25.648, +7.266,+0.973
1629373920,+3.46,+25.648, +7.290,+0.973
1629373980,+3.46,+25.631, +7.307,+0.973
1629374040,+3.46,+25.631, +7.303,+0.973
1629374100,+3.46,+25.648, +7.238,+0.973
1629374160,+3.46,+25.665, +7.252,+0.973
1629374220,+3.46,+25.665, +7.285,+0.973
1629374280,+3.46,+25.631, +7.309,+0.973
1629374340,+3.46,+25.648, +7.277,+0.973
1629374400,+3.46,+25.682, +7.253,+0.973
1629374460,+3.46,+25.682, +7.230,+0.973
1629374520,+3.46,+25.707, +7.233,+0.974
1629374580,+3.46,+25.715, +7.215,+0.973
1629374640,+3.46,+25.707, +7.236,+0.973
1629374700,+3.46,+25.715, +7.233,+0.973
1629374760,+3.46,+25.724, +7.210,+0.973
1629374820,+3.46,+25.749, +7.197,+0.973
1629374880,+3.46,+25.758, +7.184,+0.972
1629374940,+3.46,+25.724, +7.213,+0.973
1629375000,+3.46,+25.724, +7.234,+0.973
1629375060,+3.46,+25.707, +7.237,+0.974
1629375120,+3.46,+25.699, +7.244,+0.973
1629375180,+3.46,+25.673, +7.261,+0.974
1629375240,+3.46,+25.682, +7.239,+0.973
1629375300,+3.46,+25.699, +7.224,+0.973
1629375360,+3.46,+25.724, +7.150,+0.973
1629375420,+3.46,+25.699, +7.209,+0.973
1629375480,+3.46,+25.707, +7.194,+0.973
1629375540,+3.46,+25.724, +7.188,+0.973
1629375600,+3.46,+25.707, +7.159,+0.973
1629375660,+3.46,+25.707, +7.199,+0.973
1629375720,+3.46,+25.707, +7.204,+0.973
1629375780,+3.46,+25.690, +7.112,+0.973
1629375840,+3.46,+25.682, +7.127,+0.973
1629375900,+3.46,+25.682, +7.133,+0.973
1629375960,+3.46,+25.699, +7.182,+0.972
1629376020,+3.46,+25.707, +7.206,+0.973
1629376080,+3.46,+25.699, +7.176,+0.973
1629376140,+3.46,+25.699, +7.031,+0.972
1629376200,+3.46,+25.682, +7.172,+0.973
1629376260,+3.46,+25.656, +7.132,+0.973
1629376320,+3.46,+25.682, +7.164,+0.973
1629376380,+3.46,+25.715, +7.165,+0.973
1629376440,+3.46,+25.724, +7.098,+0.972
1629376500,+3.46,+25.741, +7.130,+0.973
1629376560,+3.46,+25.732, +7.179,+0.973
1629376620,+3.46,+25.715, +7.106,+0.973
1629376680,+3.46,+25.690, +7.220,+0.973
1629376740,+3.46,+25.715, +7.213,+0.973
1629376800,+3.46,+25.732, +7.130,+0.973
1629376860,+3.46,+25.732, +7.065,+0.973
1629376920,+3.46,+25.749, +7.119,+0.973
1629376980,+3.46,+25.741, +7.186,+0.973
1629377040,+3.46,+25.741, +7.196,+0.973
1629377100,+3.46,+25.724, +7.128,+0.973
1629377160,+3.46,+25.707, +7.136,+0.973
1629377220,+3.46,+25.699, +7.091,+0.973
1629377280,+3.46,+25.690, +7.033,+0.973
1629377340,+3.46,+25.699, +7.166,+0.973
1629377400,+3.46,+25.699, +7.106,+0.973
1629377460,+3.46,+25.732, +7.073,+0.973
1629377520,+3.46,+25.724, +7.143,+0.972
1629377580,+3.46,+25.749, +7.147,+0.973
1629377640,+3.46,+25.749, +7.008,+0.973
1629377700,+3.46,+25.724, +7.037,+0.973
1629377760,+3.46,+25.715, +7.083,+0.973
1629377820,+3.46,+25.707, +7.093,+0.973
1629377880,+3.46,+25.732, +7.060,+0.972
1629377940,+3.46,+25.715, +7.145,+0.973
1629378000,+3.46,+25.715, +7.026,+0.973
1629378060,+3.46,+25.724, +6.963,+0.973
1629378120,+3.46,+25.690, +7.029,+0.973
1629378180,+3.46,+25.724, +7.102,+0.973
1629378240,+3.46,+25.724, +7.131,+0.973
1629378300,+3.46,+25.715, +7.038,+0.972
1629378360,+3.46,+25.732, +7.059,+0.973
1629378420,+3.46,+25.741, +6.941,+0.972
1629378480,+3.46,+25.715, +7.026,+0.973
1629378540,+3.46,+25.707, +6.962,+0.972
1629378600,+3.46,+25.682, +7.017,+0.973
1629378660,+3.46,+25.682, +7.033,+0.972
1629378720,+3.46,+25.699, +6.977,+0.972
1629378780,+3.46,+25.707, +6.936,+0.972
1629378840,+3.46,+25.699, +6.931,+0.973
1629378900,+3.46,+25.699, +7.017,+0.973
1629378960,+3.46,+25.699, +6.937,+0.973
1629379020,+3.46,+25.699, +7.011,+0.972
1629379080,+3.46,+25.673, +7.042,+0.973
1629379140,+3.46,+25.673, +6.976,+0.973
1629379200,+3.46,+25.648, +7.040,+0.972
1629379260,+3.46,+25.656, +7.073,+0.972
1629379320,+3.46,+25.656, +7.022,+0.973
1629379380,+3.46,+25.665, +6.932,+0.972
1629379440,+3.46,+25.673, +6.891,+0.973
1629379500,+3.46,+25.665, +7.042,+0.973
1629379560,+3.46,+25.673, +7.105,+0.972
1629379620,+3.46,+25.673, +6.983,+0.973
1629379680,+3.46,+25.682, +6.863,+0.973
1629379740,+3.46,+25.690, +6.905,+0.972
1629379800,+3.46,+25.690, +7.047,+0.972
1629379860,+3.46,+25.699, +6.945,+0.973
1629379920,+3.46,+25.682, +6.975,+0.973
1629379980,+3.46,+25.648, +6.983,+0.973
1629380040,+3.46,+25.648, +6.965,+0.972
1629380100,+3.46,+25.640, +7.021,+0.973
1629380160,+3.46,+25.640, +7.091,+0.972
1629380220,+3.46,+25.665, +7.042,+0.973
1629380280,+3.46,+25.682, +7.010,+0.973
1629380340,+3.46,+25.673, +6.963,+0.973
1629380400,+3.46,+25.707, +7.018,+0.973
1629380460,+3.46,+25.699, +7.003,+0.972
1629380520,+3.46,+25.707, +6.945,+0.973
1629380580,+3.46,+25.707, +6.877,+0.973
1629380640,+3.46,+25.665, +6.961,+0.972
1629380700,+3.46,+25.656, +6.991,+0.973
1629380760,+3.46,+25.640, +7.087,+0.973
1629380820,+3.46,+25.640, +7.008,+0.972
1629380880,+3.46,+25.648, +6.955,+0.972
1629380940,+3.46,+25.656, +6.933,+0.973
1629381000,+3.46,+25.648, +6.972,+0.973
1629381060,+3.46,+25.656, +6.929,+0.973
1629381120,+3.46,+25.648, +6.901,+0.972
1629381180,+3.46,+25.665, +6.896,+0.972
1629381240,+3.46,+25.665, +6.925,+0.972
1629381300,+3.46,+25.690, +6.880,+0.973
1629381360,+3.46,+25.665, +6.924,+0.972
1629381420,+3.46,+25.682, +6.959,+0.972
1629381480,+3.46,+25.682, +6.950,+0.973
1629381540,+3.46,+25.690, +6.932,+0.973
1629381600,+3.46,+25.673, +6.906,+0.972
1629381660,+3.46,+25.656, +6.939,+0.972
1629381720,+3.46,+25.673, +7.011,+0.973
1629381780,+3.46,+25.673, +6.926,+0.972
1629381840,+3.46,+25.673, +6.864,+0.972
1629381900,+3.46,+25.665, +6.893,+0.973
1629381960,+3.46,+25.656, +6.947,+0.973
1629382020,+3.46,+25.682, +6.950,+0.973
1629382080,+3.46,+25.673, +6.889,+0.973
1629382140,+3.46,+25.673, +6.833,+0.972
1629382200,+3.46,+25.682, +6.864,+0.972
1629382260,+3.46,+25.682, +6.869,+0.973
1629382320,+3.46,+25.673, +6.921,+0.972
1629382380,+3.46,+25.699, +6.872,+0.972
1629382440,+3.46,+25.682, +6.895,+0.973
1629382500,+3.46,+25.673, +6.932,+0.973
1629382560,+3.46,+25.665, +6.929,+0.972
1629382620,+3.46,+25.673, +6.857,+0.973
1629382680,+3.46,+25.656, +6.778,+0.972
1629382740,+3.46,+25.673, +6.876,+0.973
1629382800,+3.46,+25.665, +6.875,+0.972
1629382860,+3.46,+25.640, +6.915,+0.972
1629382920,+3.46,+25.673, +6.881,+0.972
1629382980,+3.46,+25.673, +6.899,+0.972
1629383040,+3.46,+25.682, +6.863,+0.973
1629383100,+3.46,+25.690, +6.839,+0.972
1629383160,+3.46,+25.665, +6.893,+0.972
1629383220,+3.46,+25.673, +6.905,+0.972
1629383280,+3.46,+25.648, +6.931,+0.972
1629383340,+3.46,+25.665, +6.925,+0.972
1629383400,+3.46,+25.648, +6.810,+0.972
1629383460,+3.46,+25.673, +6.838,+0.973
1629383520,+3.46,+25.690, +6.750,+0.973
1629383580,+3.46,+25.665, +6.831,+0.972
1629383640,+3.46,+25.656, +6.816,+0.972
1629383700,+3.46,+25.648, +6.819,+0.972
1629383760,+3.46,+25.640, +6.829,+0.972
1629383820,+3.46,+25.631, +6.852,+0.973
1629383880,+3.46,+25.640, +6.891,+0.972
1629383940,+3.46,+25.640, +6.880,+0.972
1629384000,+3.46,+25.656, +6.827,+0.972
1629384060,+3.46,+25.648, +6.887,+0.973
1629384120,+3.46,+25.656, +6.883,+0.973
1629384180,+3.46,+25.623, +6.880,+0.972
1629384240,+3.46,+25.665, +6.848,+0.973
1629384300,+3.46,+25.690, +6.869,+0.972
1629384360,+3.46,+25.699, +6.856,+0.973
1629384420,+3.46,+25.690, +6.680,+0.972
1629384480,+3.46,+25.690, +6.698,+0.972
1629384540,+3.46,+25.690, +6.735,+0.972
1629384600,+3.46,+25.673, +6.754,+0.972
1629384660,+3.46,+25.673, +6.646,+0.972
1629384720,+3.46,+25.707, +6.655,+0.972
1629384780,+3.46,+25.707, +6.658,+0.973
1629384840,+3.46,+25.690, +6.594,+0.972
1629384900,+3.46,+25.715, +6.483,+0.972
1629384960,+3.46,+25.699, +6.493,+0.973
1629385020,+3.46,+25.699, +6.466,+0.972
1629385080,+3.46,+25.673, +6.648,+0.972
1629385140,+3.46,+25.673, +6.554,+0.972
1629385200,+3.46,+25.673, +6.645,+0.972
1629385260,+3.46,+25.656, +6.673,+0.973
1629385320,+3.46,+25.656, +6.750,+0.973
1629385380,+3.46,+25.707, +6.712,+0.973
1629385440,+3.46,+25.715, +6.558,+0.972
1629385500,+3.46,+25.741, +6.453,+0.973
1629385560,+3.46,+25.766, +6.474,+0.972
1629385620,+3.46,+25.749, +6.507,+0.973
1629385680,+3.46,+25.774, +6.495,+0.972
1629385740,+3.46,+25.732, +6.364,+0.973
1629385800,+3.46,+25.724, +6.364,+0.972
1629385860,+3.46,+25.724, +6.477,+0.972
1629385920,+3.46,+25.741, +6.469,+0.972
1629385980,+3.46,+25.732, +6.516,+0.972
1629386040,+3.46,+25.758, +6.546,+0.973
1629386100,+3.46,+25.758, +6.540,+0.972
1629386160,+3.46,+25.758, +6.443,+0.972
1629386220,+3.46,+25.758, +6.531,+0.972
1629386280,+3.46,+25.766, +6.479,+0.972
1629386340,+3.46,+25.774, +6.572,+0.973
1629386400,+3.46,+25.766, +6.621,+0.972
1629386460,+3.46,+25.774, +6.574,+0.972
1629386520,+3.46,+25.766, +6.586,+0.973
1629386580,+3.46,+25.758, +6.439,+0.972
1629386640,+3.46,+25.741, +6.390,+0.972
1629386700,+3.46,+25.783, +6.462,+0.972
1629386760,+3.46,+25.783, +6.449,+0.972
1629386820,+3.46,+25.783, +6.516,+0.973
1629386880,+3.46,+25.774, +6.516,+0.972
1629386940,+3.46,+25.774, +6.473,+0.972
1629387000,+3.46,+25.749, +6.414,+0.972
1629387060,+3.46,+25.741, +6.475,+0.972
1629387120,+3.46,+25.732, +6.517,+0.972
1629387180,+3.46,+25.766, +6.484,+0.972
1629387240,+3.46,+25.758, +6.509,+0.972
1629387300,+3.46,+25.766, +6.394,+0.972
1629387360,+3.46,+25.774, +6.251,+0.972
1629387420,+3.46,+25.749, +6.392,+0.973
1629387480,+3.46,+25.724, +6.340,+0.972
1629387540,+3.46,+25.741, +6.435,+0.972
1629387600,+3.46,+25.724, +6.371,+0.972
1629387660,+3.46,+25.690, +6.439,+0.972
1629387720,+3.46,+25.724, +6.354,+0.972
1629387780,+3.46,+25.707, +6.330,+0.972
1629387840,+3.46,+25.766, +6.498,+0.972
1629387900,+3.46,+25.774, +6.616,+0.972
1629387960,+3.46,+25.774, +6.497,+0.973
1629388020,+3.46,+25.791, +6.409,+0.972
1629388080,+3.46,+25.774, +6.411,+0.972
1629388140,+3.46,+25.774, +6.361,+0.972
1629388200,+3.46,+25.724, +6.393,+0.972
1629388260,+3.46,+25.732, +6.375,+0.972
1629388320,+3.46,+25.699, +6.325,+0.972
1629388380,+3.46,+25.690, +6.311,+0.972
1629388440,+3.46,+25.707, +6.224,+0.972
1629388500,+3.46,+25.732, +6.382,+0.973
1629388560,+3.46,+25.749, +6.400,+0.973
1629388620,+3.46,+25.741, +6.348,+0.973
1629388680,+3.46,+25.749, +6.405,+0.972
1629388740,+3.46,+25.741, +6.369,+0.972
1629388800,+3.46,+25.758, +6.421,+0.972
1629388860,+3.46,+25.749, +6.417,+0.972
1629388920,+3.46,+25.715, +6.376,+0.973
1629388980,+3.46,+25.699, +6.355,+0.972
1629389040,+3.46,+25.732, +6.399,+0.972
1629389100,+3.46,+25.741, +6.428,+0.972
1629389160,+3.46,+25.749, +6.428,+0.972
1629389220,+3.46,+25.791, +6.525,+0.973
1629389280,+3.46,+25.791, +6.555,+0.973
1629389340,+3.46,+25.783, +6.475,+0.973
1629389400,+3.46,+25.749, +6.370,+0.972
1629389460,+3.46,+25.749, +6.457,+0.972
1629389520,+3.46,+25.758, +6.515,+0.973
1629389580,+3.46,+25.758, +6.418,+0.972
1629389640,+3.46,+25.749, +6.364,+0.972
1629389700,+3.46,+25.766, +6.386,+0.972
1629389760,+3.46,+25.766, +6.312,+0.972
1629389820,+3.46,+25.749, +6.437,+0.973
1629389880,+3.46,+25.758, +6.452,+0.973
1629389940,+3.46,+25.774, +6.475,+0.972
1629390000,+3.46,+25.766, +6.358,+0.972
1629390060,+3.46,+25.741, +6.361,+0.972
1629390120,+3.46,+25.741, +6.442,+0.973
1629390180,+3.46,+25.749, +6.382,+0.972
1629390240,+3.46,+25.774, +6.446,+0.972
1629390300,+3.46,+25.766, +6.379,+0.973
1629390360,+3.46,+25.749, +6.462,+0.972
1629390420,+3.46,+25.766, +6.390,+0.973
1629390480,+3.46,+25.758, +6.338,+0.972
1629390540,+3.46,+25.783, +6.386,+0.972
1629390600,+3.46,+25.783, +6.382,+0.973
1629390660,+3.46,+25.783, +6.321,+0.972
1629390720,+3.46,+25.749, +6.322,+0.972
1629390780,+3.46,+25.766, +6.389,+0.972
1629390840,+3.46,+25.732, +6.395,+0.972
1629390900,+3.46,+25.749, +6.496,+0.972
1629390960,+3.46,+25.749, +6.403,+0.972
1629391020,+3.46,+25.783, +6.421,+0.973
1629391080,+3.46,+25.800, +6.399,+0.972
1629391140,+3.46,+25.791, +6.422,+0.972
1629391200,+3.46,+25.817, +6.423,+0.972
1629391260,+3.46,+25.800, +6.306,+0.972
1629391320,+3.46,+25.758, +6.367,+0.973
1629391380,+3.46,+25.783, +6.464,+0.972
1629391440,+3.46,+25.766, +6.453,+0.973
1629391500,+3.46,+25.749, +6.427,+0.972
1629391560,+3.46,+25.749, +6.472,+0.973
1629391620,+3.46,+25.774, +6.499,+0.973
1629391680,+3.46,+25.783, +6.485,+0.973
1629391740,+3.46,+25.783, +6.454,+0.973
1629391800,+3.46,+25.808, +6.333,+0.972
1629391860,+3.46,+25.800, +6.358,+0.972
1629391920,+3.46,+25.842, +6.306,+0.972
1629391980,+3.46,+25.825, +6.384,+0.972
1629392040,+3.46,+25.791, +6.454,+0.972
1629392100,+3.46,+25.808, +6.378,+0.973
1629392160,+3.46,+25.800, +6.337,+0.972
1629392220,+3.46,+25.783, +6.550,+0.972
1629392280,+3.46,+25.783, +6.531,+0.972
1629392340,+3.46,+25.783, +6.395,+0.972
1629392400,+3.46,+25.791, +6.509,+0.972
1629392460,+3.46,+25.800, +6.474,+0.973
1629392520,+3.46,+25.791, +6.390,+0.972
1629392580,+3.46,+25.817, +6.483,+0.972
1629392640,+3.46,+25.800, +6.440,+0.972
1629392700,+3.46,+25.749, +6.448,+0.972
1629392760,+3.46,+25.758, +6.380,+0.972
1629392820,+3.46,+25.766, +6.499,+0.972
1629392880,+3.46,+25.749, +6.571,+0.973
1629392940,+3.46,+25.791, +6.593,+0.972
1629393000,+3.46,+25.800, +6.512,+0.972
1629393060,+3.46,+25.808, +6.365,+0.972
1629393120,+3.46,+25.817, +6.485,+0.973
1629393180,+3.46,+25.791, +6.512,+0.973
1629393240,+3.46,+25.808, +6.517,+0.972
1629393300,+3.46,+25.808, +6.581,+0.972
1629393360,+3.46,+25.800, +6.523,+0.973
1629393420,+3.46,+25.800, +6.463,+0.973
1629393480,+3.46,+25.791, +6.371,+0.972
1629393540,+3.46,+25.791, +6.525,+0.973
1629393600,+3.46,+25.791, +6.521,+0.972
1629393660,+3.46,+25.808, +6.605,+0.972
1629393720,+3.46,+25.817, +6.553,+0.972
1629393780,+3.46,+25.808, +6.568,+0.972
1629393840,+3.46,+25.817, +6.600,+0.972
1629393900,+3.46,+25.783, +6.522,+0.972
1629393960,+3.46,+25.766, +6.555,+0.972
1629394020,+3.46,+25.817, +6.725,+0.972
1629394080,+3.46,+25.833, +6.700,+0.973
1629394140,+3.46,+25.825, +6.753,+0.973
1629394200,+3.46,+25.791, +6.533,+0.973
1629394260,+3.46,+25.783, +6.708,+0.973
1629394320,+3.46,+25.791, +6.643,+0.972
1629394380,+3.46,+25.808, +6.749,+0.973
1629394440,+3.46,+25.817, +6.688,+0.973
1629394500,+3.46,+25.800, +6.715,+0.973
1629394560,+3.46,+25.800, +6.625,+0.973
1629394620,+3.46,+25.800, +6.715,+0.972
1629394680,+3.46,+25.808, +6.775,+0.973
1629394740,+3.46,+25.808, +6.731,+0.972
1629394800,+3.46,+25.833, +6.633,+0.972
1629394860,+3.46,+25.825, +6.735,+0.973
1629394920,+3.46,+25.808, +6.766,+0.972
1629394980,+3.46,+25.800, +6.875,+0.973
1629395040,+3.46,+25.800, +6.843,+0.973
1629395100,+3.46,+25.808, +6.821,+0.973
1629395160,+3.46,+25.808, +6.907,+0.973
1629395220,+3.46,+25.808, +6.841,+0.973
1629395280,+3.46,+25.825, +6.901,+0.973
1629395340,+3.46,+25.842, +6.879,+0.972
1629395400,+3.46,+25.859, +6.866,+0.973
1629395460,+3.46,+25.893, +6.919,+0.973
1629395520,+3.46,+25.918, +7.070,+0.973
1629395580,+3.46,+25.893, +6.885,+0.973
1629395640,+3.46,+25.876, +6.916,+0.973
1629395700,+3.46,+25.901, +6.976,+0.973
1629395760,+3.46,+25.918, +6.942,+0.973
1629395820,+3.46,+25.893, +6.911,+0.973
1629395880,+3.46,+25.893, +6.846,+0.972
1629395940,+3.46,+25.884, +6.929,+0.973
1629396000,+3.46,+25.909, +6.934,+0.973
1629396060,+3.46,+25.909, +6.882,+0.972
1629396120,+3.46,+25.909, +6.881,+0.973
1629396180,+3.46,+25.909, +6.819,+0.972
1629396240,+3.46,+25.893, +6.911,+0.973
1629396300,+3.46,+25.901, +7.016,+0.972
1629396360,+3.46,+25.901, +6.952,+0.973
1629396420,+3.46,+25.935, +6.979,+0.973
1629396480,+3.46,+25.909, +6.933,+0.972
1629396540,+3.46,+25.943, +7.105,+0.973
1629396600,+3.46,+25.960, +7.065,+0.973
1629396660,+3.46,+25.977, +7.078,+0.973
1629396720,+3.46,+25.985, +7.091,+0.973
1629396780,+3.46,+25.977, +6.924,+0.973
1629396840,+3.46,+25.952, +6.934,+0.973
1629396900,+3.46,+25.968, +6.988,+0.973
1629396960,+3.46,+26.002, +6.997,+0.973
1629397020,+3.46,+25.977, +6.952,+0.973
1629397080,+3.46,+25.977, +6.969,+0.972
1629397140,+3.46,+25.985, +6.907,+0.973
1629397200,+3.46,+25.968, +7.008,+0.973
1629397260,+3.46,+25.994, +6.982,+0.972
1629397320,+3.46,+26.011, +7.135,+0.974
1629397380,+3.46,+26.044, +7.037,+0.973
1629397440,+3.46,+26.028, +7.158,+0.973
1629397500,+3.46,+26.011, +7.277,+0.973
1629397560,+3.46,+26.019, +7.337,+0.973
1629397620,+3.46,+26.002, +7.242,+0.973
1629397680,+3.46,+26.019, +7.298,+0.973
1629397740,+3.46,+25.985, +6.998,+0.972
1629397800,+3.46,+26.028, +7.157,+0.973
1629397860,+3.46,+26.019, +7.313,+0.973
1629397920,+3.46,+25.994, +7.510,+0.974
1629397980,+3.46,+26.019, +7.518,+0.973
1629398040,+3.46,+26.011, +7.314,+0.973
1629398100,+3.46,+26.019, +7.331,+0.973
1629398160,+3.46,+26.036, +7.425,+0.974
1629398220,+3.46,+26.028, +7.596,+0.974
1629398280,+3.46,+26.061, +7.525,+0.974
1629398340,+3.46,+26.053, +7.563,+0.974
1629398400,+3.46,+26.070, +7.557,+0.973
1629398460,+3.46,+26.061, +7.409,+0.973
1629398520,+3.46,+26.061, +7.360,+0.973
1629398580,+3.46,+26.078, +7.492,+0.974
1629398640,+3.46,+26.078, +7.570,+0.974
1629398700,+3.46,+26.087, +7.565,+0.974
1629398760,+3.46,+26.120, +7.645,+0.974
1629398820,+3.46,+26.129, +7.693,+0.974
1629398880,+3.46,+26.129, +7.729,+0.974
1629398940,+3.46,+26.146, +7.668,+0.974
1629399000,+3.46,+26.120, +7.553,+0.973
1629399060,+3.46,+26.104, +7.764,+0.974
1629399120,+3.46,+26.129, +7.789,+0.973
1629399180,+3.46,+26.137, +7.847,+0.974
1629399240,+3.46,+26.146, +7.811,+0.974
1629399300,+3.46,+26.154, +7.839,+0.974
1629399360,+3.46,+26.154, +7.837,+0.974
1629399420,+3.46,+26.171, +7.859,+0.974
1629399480,+3.46,+26.171, +7.927,+0.974
1629399540,+3.46,+26.171, +7.960,+0.974
1629399600,+3.46,+26.163, +7.807,+0.974
1629399660,+3.46,+26.154, +7.882,+0.974
1629399720,+3.46,+26.163, +7.924,+0.974
1629399780,+3.46,+26.171, +7.954,+0.974
1629399840,+3.46,+26.180, +7.969,+0.974
1629399900,+3.46,+26.196, +7.943,+0.974
1629399960,+3.46,+26.196, +8.026,+0.974
1629400020,+3.46,+26.188, +8.113,+0.974
1629400080,+3.46,+26.180, +8.023,+0.974
1629400140,+3.46,+26.146, +7.966,+0.974
1629400200,+3.46,+26.137, +7.933,+0.973
1629400260,+3.46,+26.146, +7.999,+0.975
1629400320,+3.46,+26.146, +8.164,+0.974
1629400380,+3.46,+26.171, +8.138,+0.974
1629400440,+3.46,+26.180, +8.108,+0.974
1629400500,+3.46,+26.171, +8.094,+0.974
1629400560,+3.46,+26.196, +8.103,+0.974
1629400620,+3.46,+26.205, +7.999,+0.974
1629400680,+3.46,+26.196, +8.033,+0.974
1629400740,+3.46,+26.196, +7.997,+0.975
1629400800,+3.46,+26.196, +7.983,+0.974
1629400860,+3.46,+26.196, +8.097,+0.974
1629400920,+3.46,+26.213, +7.981,+0.974
1629400980,+3.46,+26.213, +8.061,+0.973
1629401040,+3.46,+26.230, +8.135,+0.974
1629401100,+3.46,+26.230, +8.074,+0.973
1629401160,+3.46,+26.222, +8.012,+0.974
1629401220,+3.46,+26.196, +8.045,+0.974
1629401280,+3.46,+26.205, +8.022,+0.974
1629401340,+3.46,+26.239, +8.156,+0.974
1629401400,+3.46,+26.222, +8.195,+0.974
1629401460,+3.46,+26.239, +8.144,+0.975
1629401520,+3.46,+26.239, +8.278,+0.974
1629401580,+3.46,+26.256, +8.151,+0.974
1629401640,+3.46,+26.239, +8.257,+0.974
1629401700,+3.46,+26.230, +8.233,+0.974
1629401760,+3.46,+26.239, +8.315,+0.974
1629401820,+3.46,+26.247, +8.320,+0.974
1629401880,+3.46,+26.247, +8.274,+0.974
1629401940,+3.46,+26.230, +8.165,+0.974
1629402000,+3.46,+26.256, +8.247,+0.975
1629402060,+3.46,+26.264, +8.354,+0.974
1629402120,+3.46,+26.289, +8.408,+0.975
1629402180,+3.46,+26.298, +8.326,+0.974
1629402240,+3.46,+26.264, +8.255,+0.975
1629402300,+3.46,+26.272, +8.320,+0.974
1629402360,+3.46,+26.256, +8.357,+0.975
1629402420,+3.46,+26.281, +8.414,+0.975
1629402480,+3.46,+26.298, +8.391,+0.975
1629402540,+3.46,+26.289, +8.397,+0.975
1629402600,+3.46,+26.281, +8.371,+0.975
1629402660,+3.46,+26.281, +8.351,+0.974
1629402720,+3.46,+26.289, +8.398,+0.974
1629402780,+3.46,+26.306, +8.399,+0.975
1629402840,+3.46,+26.281, +8.379,+0.974
1629402900,+3.46,+26.298, +8.395,+0.974
1629402960,+3.46,+26.332, +8.418,+0.975
1629403020,+3.46,+26.340, +8.401,+0.975
1629403080,+3.46,+26.332, +8.391,+0.974
1629403140,+3.46,+26.332, +8.390,+0.974
1629403200,+3.46,+26.357, +8.401,+0.974
1629403260,+3.46,+26.365, +8.385,+0.974
1629403320,+3.46,+26.365, +8.431,+0.974
1629403380,+3.46,+26.408, +8.441,+0.974
1629403440,+3.46,+26.416, +8.418,+0.974
1629403500,+3.46,+26.425, +8.400,+0.974
1629403560,+3.46,+26.391, +8.324,+0.975
1629403620,+3.46,+26.391, +8.354,+0.975
1629403680,+3.46,+26.408, +8.387,+0.974
1629403740,+3.46,+26.399, +8.379,+0.974
1629403800,+3.46,+26.425, +8.384,+0.975
1629403860,+3.46,+26.442, +8.410,+0.975
1629403920,+3.46,+26.458, +8.418,+0.974
1629403980,+3.46,+26.467, +8.419,+0.975
1629404040,+3.46,+26.458, +8.413,+0.975
1629404100,+3.46,+26.475, +8.379,+0.975
1629404160,+3.46,+26.467, +8.381,+0.975
1629404220,+3.46,+26.475, +8.417,+0.974
1629404280,+3.46,+26.475, +8.413,+0.975
1629404340,+3.46,+26.492, +8.400,+0.975
1629404400,+3.46,+26.492, +8.463,+0.976
1629404460,+3.46,+26.518, +8.425,+0.974
1629404520,+3.46,+26.526, +8.441,+0.975
1629404580,+3.46,+26.509, +8.444,+0.974
1629404640,+3.46,+26.526, +8.467,+0.975
1629404700,+3.46,+26.543, +8.473,+0.975
1629404760,+3.46,+26.560, +8.506,+0.975
1629404820,+3.46,+26.543, +8.502,+0.975
1629404880,+3.46,+26.551, +8.434,+0.974
1629404940,+3.46,+26.551, +8.474,+0.975
1629405000,+3.46,+26.568, +8.468,+0.975
1629405060,+3.46,+26.560, +8.491,+0.975
1629405120,+3.46,+26.577, +8.485,+0.975
1629405180,+3.46,+26.568, +8.523,+0.975
1629405240,+3.46,+26.594, +8.477,+0.975
1629405300,+3.46,+26.568, +8.427,+0.975
1629405360,+3.46,+26.611, +8.505,+0.975
1629405420,+3.46,+26.602, +8.574,+0.975
1629405480,+3.46,+26.645, +8.551,+0.975
1629405540,+3.46,+26.636, +8.572,+0.975
1629405600,+3.46,+26.636, +8.490,+0.975
1629405660,+3.46,+26.628, +8.563,+0.975
1629405720,+3.46,+26.636, +8.553,+0.975
1629405780,+3.46,+26.645, +8.564,+0.976
1629405840,+3.46,+26.645, +8.494,+0.974
1629405900,+3.46,+26.670, +8.501,+0.975
1629405960,+3.46,+26.678, +8.540,+0.975
1629406020,+3.46,+26.695, +8.615,+0.976
1629406080,+3.46,+26.695, +8.621,+0.975
1629406140,+3.46,+26.721, +8.579,+0.976
1629406200,+3.46,+26.721, +8.512,+0.975
1629406260,+3.46,+26.746, +8.538,+0.976
1629406320,+3.46,+26.729, +8.623,+0.975
1629406380,+3.46,+26.746, +8.638,+0.975
1629406440,+3.46,+26.738, +8.634,+0.975
1629406500,+3.46,+26.746, +8.590,+0.975
1629406560,+3.46,+26.729, +8.512,+0.975
1629406620,+3.46,+26.729, +8.563,+0.975
1629406680,+3.46,+26.729, +8.608,+0.976
1629406740,+3.46,+26.746, +8.614,+0.975
1629406800,+3.46,+26.729, +8.612,+0.975
1629406860,+3.46,+26.712, +8.602,+0.975
1629406920,+3.46,+26.721, +8.587,+0.975
1629406980,+3.46,+26.721, +8.611,+0.975
1629407040,+3.46,+26.738, +8.612,+0.975
1629407100,+3.46,+26.729, +8.545,+0.974
1629407160,+3.46,+26.721, +8.586,+0.975
1629407220,+3.46,+26.729, +8.630,+0.975
1629407280,+3.46,+26.721, +8.521,+0.975
1629407340,+3.46,+26.729, +8.538,+0.975
1629407400,+3.46,+26.746, +8.579,+0.975
1629407460,+3.46,+26.738, +8.587,+0.975
1629407520,+3.46,+26.738, +8.622,+0.975
1629407580,+3.46,+26.755, +8.605,+0.975
1629407640,+3.46,+26.763, +8.609,+0.975
1629407700,+3.46,+26.746, +8.590,+0.975
1629407760,+3.46,+26.755, +8.540,+0.975
1629407820,+3.46,+26.755, +8.598,+0.975
1629407880,+3.46,+26.780, +8.633,+0.975
1629407940,+3.46,+26.788, +8.581,+0.975
1629408000,+3.46,+26.805, +8.645,+0.975
1629408060,+3.46,+26.805, +8.662,+0.975
1629408120,+3.46,+26.797, +8.595,+0.975
1629408180,+3.46,+26.814, +8.592,+0.975
1629408240,+3.46,+26.831, +8.650,+0.975
1629408300,+3.46,+26.831, +8.685,+0.976
1629408360,+3.46,+26.848, +8.665,+0.975
1629408420,+3.46,+26.848, +8.583,+0.975
1629408480,+3.46,+26.839, +8.571,+0.975
1629408540,+3.46,+26.865, +8.650,+0.975
1629408600,+3.46,+26.873, +8.597,+0.976
1629408660,+3.46,+26.873, +8.594,+0.976
1629408720,+3.46,+26.848, +8.543,+0.976
1629408780,+3.46,+26.882, +8.643,+0.976
1629408840,+3.46,+26.916, +8.700,+0.975
1629408900,+3.46,+26.932, +8.729,+0.976
1629408960,+3.46,+26.949, +8.714,+0.975
1629409020,+3.46,+26.924, +8.646,+0.975
1629409080,+3.46,+26.941, +8.614,+0.975
1629409140,+3.46,+26.966, +8.631,+0.976
1629409200,+3.46,+26.983, +8.685,+0.976
1629409260,+3.46,+26.992, +8.672,+0.976
1629409320,+3.46,+27.009, +8.713,+0.976
1629409380,+3.46,+27.026, +8.710,+0.975
1629409440,+3.46,+27.060, +8.701,+0.975
1629409500,+3.46,+27.051, +8.713,+0.976
1629409560,+3.46,+27.077, +8.733,+0.976
1629409620,+3.46,+27.102, +8.690,+0.975
1629409680,+3.46,+27.102, +8.609,+0.975
1629409740,+3.46,+27.102, +8.673,+0.975
1629409800,+3.46,+27.119, +8.727,+0.975
1629409860,+3.46,+27.119, +8.735,+0.976
1629409920,+3.46,+27.111, +8.766,+0.976
1629409980,+3.46,+27.153, +8.708,+0.975
1629410040,+3.46,+27.153, +8.761,+0.975
1629410100,+3.46,+27.153, +8.725,+0.975
1629410160,+3.46,+27.178, +8.704,+0.976
1629410220,+3.46,+27.178, +8.737,+0.975
1629410280,+3.46,+27.187, +8.703,+0.975
1629410340,+3.46,+27.178, +8.738,+0.975
1629410400,+3.46,+27.221, +8.737,+0.975
1629410460,+3.46,+27.204, +8.636,+0.976
1629410520,+3.46,+27.212, +8.638,+0.976
1629410580,+3.46,+27.212, +8.717,+0.976
1629410640,+3.46,+27.212, +8.639,+0.976
1629410700,+3.46,+27.221, +8.702,+0.975
1629410760,+3.46,+27.221, +8.677,+0.976
1629410820,+3.46,+27.221, +8.728,+0.976
1629410880,+3.46,+27.195, +8.732,+0.975
1629410940,+3.46,+27.187, +8.694,+0.976
1629411000,+3.46,+27.170, +8.662,+0.977
1629411060,+3.46,+27.144, +8.633,+0.976
1629411120,+3.46,+27.144, +8.643,+0.976
1629411180,+3.46,+27.144, +8.755,+0.976
1629411240,+3.46,+27.136, +8.759,+0.976
1629411300,+3.46,+27.119, +8.759,+0.975
1629411360,+3.46,+27.102, +8.717,+0.976
1629411420,+3.46,+27.085, +8.746,+0.975
1629411480,+3.46,+27.085, +8.686,+0.976
1629411540,+3.46,+27.077, +8.670,+0.975
1629411600,+3.46,+27.068, +8.720,+0.975
1629411660,+3.46,+27.051, +8.771,+0.976
1629411720,+3.46,+27.068, +8.752,+0.975
1629411780,+3.46,+27.094, +8.705,+0.976
1629411840,+3.46,+27.060, +8.682,+0.975
1629411900,+3.46,+27.060, +8.703,+0.976
1629411960,+3.46,+27.043, +8.610,+0.975
1629412020,+3.46,+27.034, +8.674,+0.976
1629412080,+3.46,+27.060, +8.705,+0.975
1629412140,+3.46,+27.034, +8.686,+0.976
1629412200,+3.46,+27.043, +8.660,+0.975
1629412260,+3.46,+27.000, +8.623,+0.975
1629412320,+3.46,+27.017, +8.580,+0.975
1629412380,+3.46,+27.009, +8.613,+0.975
1629412440,+3.46,+27.009, +8.723,+0.976
1629412500,+3.46,+27.000, +8.630,+0.975
1629412560,+3.46,+27.000, +8.594,+0.976
1629412620,+3.46,+26.983, +8.598,+0.976
1629412680,+3.46,+26.992, +8.557,+0.975
1629412740,+3.46,+26.975, +8.591,+0.975
1629412800,+3.46,+26.966, +8.647,+0.975
1629412860,+3.46,+26.966, +8.679,+0.975
1629412920,+3.46,+26.932, +8.621,+0.975
1629412980,+3.46,+26.941, +8.667,+0.976
1629413040,+3.46,+26.949, +8.710,+0.974
1629413100,+3.46,+26.916, +8.719,+0.976
1629413160,+3.46,+26.932, +8.649,+0.976
1629413220,+3.46,+26.932, +8.646,+0.975
1629413280,+3.46,+26.924, +8.699,+0.975
1629413340,+3.46,+26.890, +8.755,+0.975
1629413400,+3.46,+26.899, +8.710,+0.975
1629413460,+3.46,+26.907, +8.752,+0.975
1629413520,+3.46,+26.882, +8.606,+0.975
1629413580,+3.47,+26.882, +8.659,+0.975
1629413640,+3.47,+26.865, +8.691,+0.975
