7450-735719
OS REV: 1.05 Sensor Cal: 1573748658
Time (sec),  BV (Volts),  T (deg C),  DO (mg/l),  Q ()
1628981700,+3.46,+27.518, +8.280,+0.976
1628981760,+3.46,+27.518, +8.334,+0.976
1628981820,+3.46,+27.544, +8.235,+0.976
1628981880,+3.46,+27.535, +8.533,+0.976
1628981940,+3.46,+27.518, +8.511,+0.976
1628982000,+3.46,+27.544, +8.495,+0.977
1628982060,+3.46,+27.535, +8.521,+0.977
1628982120,+3.46,+27.527, +8.457,+0.976
1628982180,+3.46,+27.527, +8.450,+0.976
1628982240,+3.46,+27.544, +8.259,+0.977
1628982300,+3.46,+27.527, +8.442,+0.977
1628982360,+3.46,+27.510, +8.424,+0.977
1628982420,+3.46,+27.527, +8.275,+0.977
1628982480,+3.46,+27.518, +8.413,+0.976
1628982540,+3.46,+27.527, +8.471,+0.977
1628982600,+3.46,+27.518, +8.485,+0.976
1628982660,+3.46,+27.527, +8.475,+0.976
1628982720,+3.46,+27.527, +8.454,+0.976
1628982780,+3.46,+27.535, +8.175,+0.976
1628982840,+3.46,+27.544, +8.479,+0.976
1628982900,+3.46,+27.544, +8.423,+0.977
1628982960,+3.46,+27.535, +8.136,+0.976
1628983020,+3.46,+27.518, +7.983,+0.977
1628983080,+3.46,+27.535, +8.374,+0.976
1628983140,+3.46,+27.535, +8.561,+0.976
1628983200,+3.46,+27.544, +8.571,+0.976
1628983260,+3.46,+27.527, +8.361,+0.976
1628983320,+3.46,+27.544, +8.460,+0.976
1628983380,+3.46,+27.552, +8.485,+0.976
1628983440,+3.46,+27.535, +8.458,+0.976
1628983500,+3.46,+27.544, +8.524,+0.976
1628983560,+3.46,+27.561, +8.459,+0.977
1628983620,+3.46,+27.552, +8.318,+0.977
1628983680,+3.46,+27.535, +8.428,+0.977
1628983740,+3.46,+27.544, +8.583,+0.976
1628983800,+3.46,+27.527, +8.561,+0.976
1628983860,+3.46,+27.535, +8.589,+0.977
1628983920,+3.46,+27.544, +8.523,+0.976
1628983980,+3.46,+27.518, +8.280,+0.976
1628984040,+3.46,+27.544, +8.332,+0.977
1628984100,+3.46,+27.544, +8.458,+0.977
1628984160,+3.46,+27.552, +8.497,+0.977
1628984220,+3.46,+27.552, +8.404,+0.977
1628984280,+3.46,+27.561, +8.202,+0.977
1628984340,+3.46,+27.561, +8.387,+0.976
1628984400,+3.46,+27.561, +8.382,+0.976
1628984460,+3.46,+27.561, +8.367,+0.977
1628984520,+3.46,+27.578, +8.620,+0.976
1628984580,+3.46,+27.569, +8.600,+0.976
1628984640,+3.46,+27.586, +8.580,+0.976
1628984700,+3.46,+27.578, +8.459,+0.977
1628984760,+3.46,+27.586, +8.771,+0.977
1628984820,+3.46,+27.561, +8.721,+0.976
1628984880,+3.46,+27.578, +8.591,+0.976
1628984940,+3.46,+27.552, +8.550,+0.977
1628985000,+3.46,+27.578, +8.595,+0.977
1628985060,+3.47,+27.595, +8.680,+0.977
1628985120,+3.46,+27.595, +8.707,+0.977
1628985180,+3.46,+27.586, +8.708,+0.977
1628985240,+3.46,+27.595, +8.561,+0.977
1628985300,+3.46,+27.595, +8.690,+0.976
1628985360,+3.46,+27.595, +8.708,+0.976
1628985420,+3.46,+27.612, +8.545,+0.977
1628985480,+3.46,+27.586, +8.311,+0.976
1628985540,+3.46,+27.603, +8.568,+0.977
1628985600,+3.46,+27.603, +8.591,+0.977
1628985660,+3.46,+27.603, +8.731,+0.978
1628985720,+3.46,+27.620, +8.836,+0.977
1628985780,+3.47,+27.620, +8.837,+0.977
1628985840,+3.46,+27.620, +8.814,+0.978
1628985900,+3.46,+27.620, +8.636,+0.976
1628985960,+3.46,+27.612, +8.781,+0.977
1628986020,+3.47,+27.637, +8.767,+0.976
1628986080,+3.47,+27.646, +8.696,+0.977
1628986140,+3.47,+27.654, +8.707,+0.977
1628986200,+3.47,+27.646, +8.751,+0.977
1628986260,+3.47,+27.654, +8.677,+0.978
1628986320,+3.47,+27.671, +8.822,+0.977
1628986380,+3.47,+27.663, +8.819,+0.977
1628986440,+3.47,+27.688, +8.828,+0.978
1628986500,+3.47,+27.680, +8.651,+0.977
1628986560,+3.47,+27.697, +8.728,+0.978
1628986620,+3.47,+27.680, +8.862,+0.978
1628986680,+3.47,+27.680, +8.857,+0.976
1628986740,+3.47,+27.705, +8.845,+0.977
1628986800,+3.47,+27.688, +8.872,+0.977
1628986860,+3.47,+27.697, +8.875,+0.977
1628986920,+3.47,+27.688, +8.804,+0.977
1628986980,+3.47,+27.697, +8.784,+0.977
1628987040,+3.47,+27.697, +8.775,+0.976
1628987100,+3.47,+27.697, +8.755,+0.976
1628987160,+3.47,+27.714, +8.828,+0.977
1628987220,+3.47,+27.714, +8.818,+0.978
1628987280,+3.47,+27.697, +8.834,+0.976
1628987340,+3.47,+27.705, +8.807,+0.977
1628987400,+3.47,+27.722, +8.800,+0.976
1628987460,+3.47,+27.722, +8.788,+0.977
1628987520,+3.47,+27.722, +8.728,+0.977
1628987580,+3.47,+27.731, +8.732,+0.978
1628987640,+3.47,+27.739, +8.843,+0.977
1628987700,+3.47,+27.739, +8.812,+0.977
1628987760,+3.47,+27.739, +8.838,+0.977
1628987820,+3.47,+27.748, +8.745,+0.977
1628987880,+3.47,+27.748, +8.706,+0.977
1628987940,+3.47,+27.739, +8.918,+0.977
1628988000,+3.47,+27.739, +8.869,+0.977
1628988060,+3.47,+27.739, +8.850,+0.978
1628988120,+3.47,+27.739, +8.717,+0.977
1628988180,+3.47,+27.756, +8.638,+0.977
1628988240,+3.47,+27.748, +8.736,+0.978
1628988300,+3.47,+27.756, +8.821,+0.977
1628988360,+3.47,+27.756, +8.805,+0.977
1628988420,+3.47,+27.765, +8.808,+0.977
1628988480,+3.47,+27.756, +8.854,+0.977
1628988540,+3.47,+27.748, +8.920,+0.977
1628988600,+3.47,+27.748, +8.862,+0.977
1628988660,+3.47,+27.731, +8.948,+0.977
1628988720,+3.47,+27.722, +8.854,+0.978
1628988780,+3.47,+27.739, +8.795,+0.977
1628988840,+3.47,+27.731, +8.769,+0.976
1628988900,+3.47,+27.722, +8.845,+0.977
1628988960,+3.47,+27.731, +8.768,+0.977
1628989020,+3.47,+27.739, +8.724,+0.977
1628989080,+3.47,+27.731, +8.845,+0.978
1628989140,+3.47,+27.722, +8.859,+0.977
1628989200,+3.47,+27.714, +8.609,+0.977
1628989260,+3.47,+27.697, +8.879,+0.978
1628989320,+3.47,+27.688, +8.960,+0.977
1628989380,+3.47,+27.680, +8.847,+0.977
1628989440,+3.47,+27.688, +8.740,+0.977
1628989500,+3.47,+27.705, +8.752,+0.977
1628989560,+3.47,+27.697, +8.590,+0.977
1628989620,+3.47,+27.671, +8.537,+0.976
1628989680,+3.47,+27.697, +8.776,+0.977
1628989740,+3.47,+27.705, +8.694,+0.977
1628989800,+3.47,+27.697, +8.738,+0.977
1628989860,+3.47,+27.688, +8.884,+0.977
1628989920,+3.47,+27.697, +8.766,+0.977
1628989980,+3.47,+27.697, +8.668,+0.978
1628990040,+3.47,+27.697, +8.640,+0.977
1628990100,+3.47,+27.722, +8.670,+0.977
1628990160,+3.47,+27.722, +8.617,+0.976
1628990220,+3.47,+27.714, +8.718,+0.977
1628990280,+3.47,+27.722, +8.758,+0.978
1628990340,+3.47,+27.722, +8.716,+0.977
1628990400,+3.47,+27.714, +8.625,+0.977
1628990460,+3.47,+27.722, +8.657,+0.977
1628990520,+3.47,+27.722, +8.686,+0.977
1628990580,+3.47,+27.722, +8.586,+0.977
1628990640,+3.47,+27.722, +8.598,+0.977
1628990700,+3.47,+27.722, +8.695,+0.977
1628990760,+3.47,+27.697, +8.794,+0.978
1628990820,+3.47,+27.705, +8.704,+0.977
1628990880,+3.47,+27.714, +8.601,+0.977
1628990940,+3.47,+27.722, +8.598,+0.977
1628991000,+3.47,+27.714, +8.689,+0.977
1628991060,+3.47,+27.705, +8.667,+0.977
1628991120,+3.47,+27.705, +8.674,+0.977
1628991180,+3.47,+27.714, +8.629,+0.977
1628991240,+3.47,+27.731, +8.587,+0.977
1628991300,+3.47,+27.705, +8.700,+0.977
1628991360,+3.47,+27.714, +8.688,+0.977
1628991420,+3.47,+27.697, +8.542,+0.977
1628991480,+3.47,+27.697, +8.841,+0.977
1628991540,+3.47,+27.680, +8.872,+0.977
1628991600,+3.47,+27.671, +8.847,+0.977
1628991660,+3.47,+27.663, +8.765,+0.978
1628991720,+3.47,+27.680, +8.708,+0.976
1628991780,+3.47,+27.688, +8.691,+0.977
1628991840,+3.47,+27.680, +8.585,+0.977
1628991900,+3.47,+27.680, +8.784,+0.977
1628991960,+3.47,+27.671, +8.794,+0.977
1628992020,+3.47,+27.646, +8.764,+0.978
1628992080,+3.47,+27.663, +8.724,+0.977
1628992140,+3.47,+27.663, +8.696,+0.977
1628992200,+3.47,+27.646, +8.597,+0.977
1628992260,+3.47,+27.654, +8.668,+0.977
1628992320,+3.47,+27.654, +8.724,+0.978
1628992380,+3.47,+27.663, +8.737,+0.977
1628992440,+3.47,+27.671, +8.773,+0.976
1628992500,+3.47,+27.637, +8.775,+0.977
1628992560,+3.47,+27.646, +8.751,+0.977
1628992620,+3.47,+27.654, +8.737,+0.977
1628992680,+3.47,+27.663, +8.711,+0.977
1628992740,+3.47,+27.671, +8.620,+0.977
1628992800,+3.47,+27.654, +8.725,+0.977
1628992860,+3.47,+27.654, +8.748,+0.977
1628992920,+3.47,+27.654, +8.671,+0.977
1628992980,+3.47,+27.671, +8.650,+0.977
1628993040,+3.47,+27.671, +8.709,+0.977
1628993100,+3.47,+27.654, +8.708,+0.977
1628993160,+3.47,+27.663, +8.728,+0.977
1628993220,+3.47,+27.654, +8.764,+0.978
1628993280,+3.47,+27.663, +8.648,+0.977
1628993340,+3.47,+27.671, +8.691,+0.977
1628993400,+3.47,+27.671, +8.714,+0.977
1628993460,+3.47,+27.671, +8.652,+0.977
1628993520,+3.47,+27.663, +8.527,+0.977
1628993580,+3.47,+27.663, +8.601,+0.976
1628993640,+3.47,+27.654, +8.557,+0.977
1628993700,+3.47,+27.654, +8.584,+0.977
1628993760,+3.47,+27.654, +8.696,+0.977
1628993820,+3.47,+27.654, +8.629,+0.977
1628993880,+3.47,+27.654, +8.617,+0.977
1628993940,+3.47,+27.646, +8.538,+0.977
1628994000,+3.47,+27.637, +8.680,+0.976
1628994060,+3.47,+27.637, +8.781,+0.977
1628994120,+3.47,+27.620, +8.786,+0.977
1628994180,+3.47,+27.637, +8.746,+0.977
1628994240,+3.47,+27.620, +8.774,+0.977
1628994300,+3.47,+27.603, +8.698,+0.977
1628994360,+3.46,+27.603, +8.737,+0.977
1628994420,+3.47,+27.603, +8.691,+0.977
1628994480,+3.46,+27.603, +8.685,+0.977
1628994540,+3.47,+27.620, +8.618,+0.977
1628994600,+3.47,+27.595, +8.627,+0.978
1628994660,+3.47,+27.603, +8.686,+0.977
1628994720,+3.46,+27.595, +8.568,+0.977
1628994780,+3.47,+27.595, +8.566,+0.978
1628994840,+3.46,+27.595, +8.527,+0.976
1628994900,+3.46,+27.586, +8.581,+0.977
1628994960,+3.46,+27.578, +8.538,+0.977
1628995020,+3.46,+27.561, +8.682,+0.977
1628995080,+3.46,+27.578, +8.606,+0.977
1628995140,+3.46,+27.561, +8.573,+0.977
1628995200,+3.46,+27.578, +8.493,+0.977
1628995260,+3.46,+27.561, +8.505,+0.976
1628995320,+3.46,+27.578, +8.495,+0.977
1628995380,+3.46,+27.578, +8.411,+0.977
1628995440,+3.46,+27.569, +8.526,+0.976
1628995500,+3.46,+27.561, +8.536,+0.977
1628995560,+3.46,+27.561, +8.395,+0.976
1628995620,+3.46,+27.561, +8.323,+0.977
1628995680,+3.46,+27.552, +8.363,+0.977
1628995740,+3.46,+27.552, +8.375,+0.977
1628995800,+3.46,+27.544, +8.422,+0.976
1628995860,+3.46,+27.544, +8.557,+0.977
1628995920,+3.46,+27.535, +8.411,+0.976
1628995980,+3.46,+27.510, +8.455,+0.977
1628996040,+3.46,+27.527, +8.458,+0.977
1628996100,+3.46,+27.518, +8.456,+0.976
1628996160,+3.46,+27.527, +8.424,+0.977
1628996220,+3.46,+27.518, +8.494,+0.977
1628996280,+3.46,+27.510, +8.371,+0.977
1628996340,+3.46,+27.493, +8.314,+0.976
1628996400,+3.46,+27.510, +8.211,+0.976
1628996460,+3.46,+27.493, +8.221,+0.976
1628996520,+3.46,+27.501, +8.334,+0.977
1628996580,+3.46,+27.484, +8.302,+0.976
1628996640,+3.46,+27.476, +8.419,+0.977
1628996700,+3.46,+27.484, +8.428,+0.977
1628996760,+3.46,+27.459, +8.450,+0.977
1628996820,+3.46,+27.467, +8.412,+0.977
1628996880,+3.46,+27.459, +8.393,+0.976
1628996940,+3.46,+27.459, +8.302,+0.977
1628997000,+3.46,+27.459, +8.396,+0.976
1628997060,+3.46,+27.442, +8.318,+0.977
1628997120,+3.46,+27.442, +8.272,+0.977
1628997180,+3.46,+27.459, +8.230,+0.976
1628997240,+3.46,+27.450, +8.425,+0.977
1628997300,+3.46,+27.442, +8.428,+0.976
1628997360,+3.46,+27.442, +8.403,+0.977
1628997420,+3.46,+27.442, +8.202,+0.977
1628997480,+3.46,+27.442, +8.173,+0.977
1628997540,+3.46,+27.416, +8.285,+0.976
1628997600,+3.46,+27.425, +8.340,+0.977
1628997660,+3.46,+27.442, +8.308,+0.976
1628997720,+3.46,+27.433, +8.254,+0.976
1628997780,+3.46,+27.408, +8.265,+0.977
1628997840,+3.46,+27.408, +8.256,+0.977
1628997900,+3.46,+27.391, +8.240,+0.976
1628997960,+3.46,+27.408, +8.319,+0.976
1628998020,+3.46,+27.399, +8.191,+0.976
1628998080,+3.46,+27.399, +8.270,+0.976
1628998140,+3.46,+27.391, +8.276,+0.977
1628998200,+3.46,+27.391, +8.288,+0.976
1628998260,+3.46,+27.382, +8.206,+0.976
1628998320,+3.46,+27.365, +8.278,+0.976
1628998380,+3.46,+27.382, +8.211,+0.976
1628998440,+3.46,+27.365, +8.293,+0.976
1628998500,+3.46,+27.348, +8.326,+0.976
1628998560,+3.46,+27.365, +8.219,+0.976
1628998620,+3.46,+27.357, +8.229,+0.977
1628998680,+3.46,+27.348, +8.164,+0.976
1628998740,+3.46,+27.357, +8.053,+0.977
1628998800,+3.46,+27.323, +8.127,+0.977
1628998860,+3.46,+27.331, +8.264,+0.977
1628998920,+3.46,+27.331, +8.235,+0.976
1628998980,+3.46,+27.331, +8.212,+0.976
1628999040,+3.46,+27.314, +8.208,+0.976
1628999100,+3.46,+27.314, +8.220,+0.976
1628999160,+3.46,+27.331, +8.266,+0.976
1628999220,+3.46,+27.323, +8.229,+0.975
1628999280,+3.46,+27.306, +8.218,+0.975
1628999340,+3.46,+27.323, +8.204,+0.976
1628999400,+3.46,+27.297, +8.201,+0.976
1628999460,+3.46,+27.306, +8.234,+0.977
1628999520,+3.46,+27.280, +8.190,+0.976
1628999580,+3.46,+27.280, +8.202,+0.977
1628999640,+3.46,+27.289, +8.160,+0.976
1628999700,+3.46,+27.272, +8.143,+0.976
1628999760,+3.46,+27.289, +8.238,+0.976
1628999820,+3.46,+27.272, +8.093,+0.976
1628999880,+3.46,+27.289, +8.087,+0.976
1628999940,+3.46,+27.280, +8.168,+0.976
1629000000,+3.46,+27.280, +8.163,+0.975
1629000060,+3.46,+27.272, +8.163,+0.976
1629000120,+3.46,+27.255, +8.002,+0.976
1629000180,+3.46,+27.255, +8.105,+0.976
1629000240,+3.46,+27.229, +8.111,+0.976
1629000300,+3.46,+27.246, +8.139,+0.976
1629000360,+3.46,+27.246, +8.137,+0.976
1629000420,+3.46,+27.255, +8.171,+0.977
1629000480,+3.47,+27.229, +8.185,+0.977
1629000540,+3.46,+27.229, +8.152,+0.976
1629000600,+3.46,+27.238, +8.106,+0.976
1629000660,+3.46,+27.238, +8.076,+0.976
1629000720,+3.47,+27.212, +8.150,+0.976
1629000780,+3.46,+27.229, +8.224,+0.975
1629000840,+3.46,+27.212, +8.034,+0.976
1629000900,+3.46,+27.221, +8.054,+0.977
1629000960,+3.47,+27.221, +8.065,+0.976
1629001020,+3.46,+27.212, +8.140,+0.976
1629001080,+3.46,+27.204, +8.179,+0.976
1629001140,+3.46,+27.178, +8.158,+0.976
1629001200,+3.46,+27.195, +8.050,+0.976
1629001260,+3.46,+27.187, +7.987,+0.976
1629001320,+3.47,+27.187, +7.989,+0.976
1629001380,+3.47,+27.178, +8.041,+0.976
1629001440,+3.46,+27.178, +8.058,+0.976
1629001500,+3.46,+27.170, +7.954,+0.976
1629001560,+3.47,+27.170, +7.943,+0.975
1629001620,+3.46,+27.161, +8.055,+0.976
1629001680,+3.46,+27.153, +7.949,+0.976
1629001740,+3.47,+27.161, +8.066,+0.975
1629001800,+3.47,+27.161, +8.115,+0.976
1629001860,+3.47,+27.161, +8.109,+0.976
1629001920,+3.47,+27.161, +8.103,+0.976
1629001980,+3.47,+27.144, +7.980,+0.976
1629002040,+3.47,+27.136, +7.877,+0.976
1629002100,+3.47,+27.128, +7.998,+0.975
1629002160,+3.47,+27.128, +7.895,+0.976
1629002220,+3.47,+27.136, +7.895,+0.976
1629002280,+3.47,+27.119, +7.782,+0.975
1629002340,+3.47,+27.128, +7.977,+0.976
1629002400,+3.47,+27.119, +8.075,+0.976
1629002460,+3.47,+27.128, +8.064,+0.976
1629002520,+3.47,+27.111, +7.965,+0.976
1629002580,+3.47,+27.111, +7.952,+0.975
1629002640,+3.47,+27.111, +7.966,+0.976
1629002700,+3.47,+27.119, +8.059,+0.976
1629002760,+3.47,+27.111, +7.983,+0.976
1629002820,+3.47,+27.094, +7.883,+0.976
1629002880,+3.47,+27.094, +7.922,+0.977
1629002940,+3.47,+27.102, +7.907,+0.976
1629003000,+3.47,+27.077, +7.752,+0.976
1629003060,+3.47,+27.085, +7.916,+0.976
1629003120,+3.47,+27.068, +7.978,+0.976
1629003180,+3.47,+27.085, +8.049,+0.975
1629003240,+3.47,+27.094, +7.975,+0.975
1629003300,+3.47,+27.102, +8.036,+0.976
1629003360,+3.47,+27.077, +8.036,+0.976
1629003420,+3.47,+27.094, +8.025,+0.975
1629003480,+3.47,+27.085, +7.879,+0.975
1629003540,+3.47,+27.085, +7.830,+0.976
1629003600,+3.47,+27.085, +8.030,+0.976
1629003660,+3.47,+27.085, +7.983,+0.975
1629003720,+3.47,+27.077, +7.971,+0.976
1629003780,+3.47,+27.060, +7.936,+0.976
1629003840,+3.47,+27.060, +7.891,+0.975
1629003900,+3.47,+27.060, +7.821,+0.975
1629003960,+3.47,+27.051, +7.904,+0.976
1629004020,+3.47,+27.051, +7.967,+0.976
1629004080,+3.47,+27.060, +8.024,+0.976
1629004140,+3.47,+27.060, +7.981,+0.976
1629004200,+3.47,+27.051, +7.855,+0.976
1629004260,+3.47,+27.043, +7.818,+0.975
1629004320,+3.47,+27.026, +7.711,+0.976
1629004380,+3.47,+27.043, +7.913,+0.976
1629004440,+3.47,+27.017, +7.969,+0.975
1629004500,+3.47,+27.034, +7.959,+0.976
1629004560,+3.47,+27.026, +7.941,+0.975
1629004620,+3.47,+27.026, +7.852,+0.976
1629004680,+3.47,+27.026, +7.929,+0.976
1629004740,+3.47,+27.000, +7.957,+0.976
1629004800,+3.47,+27.009, +7.732,+0.975
1629004860,+3.47,+26.992, +7.851,+0.976
1629004920,+3.47,+27.000, +7.764,+0.974
1629004980,+3.47,+27.000, +7.796,+0.976
1629005040,+3.47,+26.992, +7.772,+0.976
1629005100,+3.47,+27.017, +7.897,+0.976
1629005160,+3.47,+27.000, +7.807,+0.975
1629005220,+3.47,+27.000, +7.914,+0.976
1629005280,+3.47,+26.983, +7.733,+0.975
1629005340,+3.47,+26.958, +7.523,+0.975
1629005400,+3.47,+26.966, +7.584,+0.975
1629005460,+3.47,+26.958, +7.818,+0.976
1629005520,+3.47,+26.958, +7.848,+0.975
1629005580,+3.47,+26.975, +7.759,+0.976
1629005640,+3.47,+26.958, +7.623,+0.974
1629005700,+3.47,+26.941, +7.632,+0.975
1629005760,+3.47,+26.941, +7.773,+0.975
1629005820,+3.47,+26.958, +7.870,+0.975
1629005880,+3.47,+26.958, +7.870,+0.975
1629005940,+3.47,+26.958, +7.877,+0.976
1629006000,+3.47,+26.941, +7.671,+0.976
1629006060,+3.47,+26.941, +7.760,+0.975
1629006120,+3.47,+26.932, +7.812,+0.975
1629006180,+3.47,+26.949, +7.764,+0.975
1629006240,+3.47,+26.941, +7.667,+0.976
1629006300,+3.47,+26.924, +7.835,+0.975
1629006360,+3.47,+26.949, +7.816,+0.976
1629006420,+3.47,+26.932, +7.662,+0.975
1629006480,+3.47,+26.924, +7.533,+0.975
1629006540,+3.47,+26.916, +7.592,+0.975
1629006600,+3.47,+26.924, +7.748,+0.975
1629006660,+3.47,+26.916, +7.757,+0.975
1629006720,+3.47,+26.924, +7.763,+0.975
1629006780,+3.47,+26.924, +7.804,+0.976
1629006840,+3.47,+26.916, +7.805,+0.976
1629006900,+3.47,+26.907, +7.649,+0.975
1629006960,+3.47,+26.890, +7.646,+0.975
1629007020,+3.47,+26.882, +7.631,+0.975
1629007080,+3.47,+26.882, +7.716,+0.975
1629007140,+3.47,+26.882, +7.782,+0.976
1629007200,+3.47,+26.873, +7.767,+0.975
1629007260,+3.47,+26.899, +7.747,+0.975
1629007320,+3.47,+26.890, +7.654,+0.976
1629007380,+3.47,+26.873, +7.611,+0.975
1629007440,+3.47,+26.865, +7.690,+0.976
1629007500,+3.47,+26.822, +7.716,+0.976
1629007560,+3.47,+26.839, +7.743,+0.975
1629007620,+3.47,+26.882, +7.617,+0.976
1629007680,+3.47,+26.865, +7.606,+0.975
1629007740,+3.47,+26.865, +7.719,+0.975
1629007800,+3.47,+26.848, +7.731,+0.975
1629007860,+3.47,+26.856, +7.726,+0.975
1629007920,+3.47,+26.856, +7.658,+0.975
1629007980,+3.47,+26.839, +7.629,+0.975
1629008040,+3.47,+26.856, +7.726,+0.976
1629008100,+3.47,+26.839, +7.704,+0.975
1629008160,+3.47,+26.848, +7.501,+0.975
1629008220,+3.47,+26.822, +7.692,+0.976
1629008280,+3.47,+26.848, +7.746,+0.976
1629008340,+3.47,+26.839, +7.636,+0.975
1629008400,+3.47,+26.805, +7.605,+0.975
1629008460,+3.47,+26.822, +7.692,+0.975
1629008520,+3.47,+26.822, +7.696,+0.974
1629008580,+3.47,+26.814, +7.710,+0.975
1629008640,+3.47,+26.839, +7.517,+0.975
1629008700,+3.47,+26.822, +7.633,+0.975
1629008760,+3.47,+26.814, +7.723,+0.975
1629008820,+3.47,+26.797, +7.597,+0.975
1629008880,+3.47,+26.805, +7.674,+0.975
1629008940,+3.47,+26.788, +7.593,+0.975
1629009000,+3.47,+26.822, +7.460,+0.976
1629009060,+3.47,+26.822, +7.674,+0.975
1629009120,+3.47,+26.831, +7.605,+0.976
1629009180,+3.47,+26.797, +7.407,+0.975
1629009240,+3.47,+26.814, +7.446,+0.975
1629009300,+3.47,+26.797, +7.518,+0.975
1629009360,+3.47,+26.814, +7.560,+0.974
1629009420,+3.47,+26.797, +7.503,+0.975
1629009480,+3.47,+26.788, +7.457,+0.975
1629009540,+3.47,+26.805, +7.382,+0.975
1629009600,+3.47,+26.805, +7.635,+0.975
1629009660,+3.47,+26.797, +7.576,+0.974
1629009720,+3.47,+26.780, +7.571,+0.975
1629009780,+3.47,+26.780, +7.602,+0.975
1629009840,+3.47,+26.780, +7.474,+0.974
1629009900,+3.47,+26.755, +7.464,+0.975
1629009960,+3.47,+26.772, +7.336,+0.975
1629010020,+3.47,+26.746, +7.385,+0.974
1629010080,+3.47,+26.772, +7.666,+0.975
1629010140,+3.47,+26.788, +7.646,+0.975
1629010200,+3.47,+26.763, +7.601,+0.975
1629010260,+3.47,+26.797, +7.668,+0.975
1629010320,+3.47,+26.772, +7.464,+0.975
1629010380,+3.47,+26.780, +7.425,+0.975
1629010440,+3.47,+26.746, +7.189,+0.974
1629010500,+3.47,+26.738, +7.306,+0.974
1629010560,+3.47,+26.746, +7.327,+0.975
1629010620,+3.47,+26.772, +7.503,+0.975
1629010680,+3.47,+26.763, +7.622,+0.975
1629010740,+3.47,+26.755, +7.662,+0.976
1629010800,+3.47,+26.738, +7.510,+0.975
1629010860,+3.47,+26.755, +7.599,+0.975
1629010920,+3.47,+26.755, +7.322,+0.974
1629010980,+3.47,+26.738, +7.319,+0.975
1629011040,+3.47,+26.738, +7.510,+0.975
1629011100,+3.47,+26.721, +7.629,+0.974
1629011160,+3.47,+26.721, +7.331,+0.975
1629011220,+3.47,+26.712, +7.496,+0.975
1629011280,+3.47,+26.704, +7.428,+0.975
1629011340,+3.47,+26.729, +7.174,+0.975
1629011400,+3.47,+26.729, +7.473,+0.975
1629011460,+3.47,+26.729, +7.561,+0.974
1629011520,+3.47,+26.729, +7.614,+0.975
1629011580,+3.47,+26.721, +7.528,+0.975
1629011640,+3.47,+26.704, +7.223,+0.975
1629011700,+3.47,+26.687, +7.416,+0.975
1629011760,+3.47,+26.695, +7.295,+0.975
1629011820,+3.47,+26.704, +7.398,+0.975
1629011880,+3.47,+26.712, +7.391,+0.974
1629011940,+3.47,+26.712, +7.602,+0.975
1629012000,+3.47,+26.712, +7.454,+0.975
1629012060,+3.47,+26.712, +7.550,+0.974
1629012120,+3.47,+26.704, +7.550,+0.975
1629012180,+3.47,+26.712, +7.520,+0.975
1629012240,+3.47,+26.712, +7.370,+0.974
1629012300,+3.47,+26.704, +7.573,+0.975
1629012360,+3.47,+26.687, +7.511,+0.974
1629012420,+3.47,+26.687, +7.595,+0.975
1629012480,+3.47,+26.687, +7.609,+0.975
1629012540,+3.47,+26.695, +7.537,+0.975
1629012600,+3.47,+26.687, +7.453,+0.975
1629012660,+3.47,+26.678, +7.194,+0.975
1629012720,+3.47,+26.678, +7.532,+0.975
1629012780,+3.47,+26.695, +7.566,+0.975
1629012840,+3.47,+26.695, +7.577,+0.975
1629012900,+3.47,+26.670, +7.413,+0.975
1629012960,+3.47,+26.695, +7.342,+0.974
1629013020,+3.47,+26.678, +7.497,+0.974
1629013080,+3.47,+26.678, +7.535,+0.975
1629013140,+3.47,+26.687, +7.417,+0.975
1629013200,+3.47,+26.661, +7.484,+0.975
1629013260,+3.47,+26.645, +7.562,+0.974
1629013320,+3.47,+26.628, +7.587,+0.975
1629013380,+3.47,+26.636, +7.422,+0.975
1629013440,+3.47,+26.661, +7.535,+0.975
1629013500,+3.47,+26.670, +7.423,+0.974
1629013560,+3.47,+26.670, +7.459,+0.975
1629013620,+3.47,+26.653, +7.520,+0.975
1629013680,+3.47,+26.636, +7.550,+0.975
1629013740,+3.47,+26.628, +7.371,+0.975
1629013800,+3.47,+26.619, +7.409,+0.975
1629013860,+3.47,+26.611, +7.537,+0.974
1629013920,+3.47,+26.619, +7.530,+0.975
1629013980,+3.47,+26.645, +7.356,+0.974
1629014040,+3.47,+26.636, +7.428,+0.974
1629014100,+3.47,+26.636, +7.530,+0.975
1629014160,+3.47,+26.628, +7.550,+0.975
1629014220,+3.47,+26.619, +7.391,+0.975
1629014280,+3.47,+26.636, +7.418,+0.974
1629014340,+3.47,+26.628, +7.532,+0.974
1629014400,+3.47,+26.619, +7.540,+0.975
1629014460,+3.47,+26.619, +7.493,+0.975
1629014520,+3.47,+26.619, +7.366,+0.974
1629014580,+3.47,+26.611, +7.509,+0.975
1629014640,+3.47,+26.628, +7.492,+0.974
1629014700,+3.47,+26.602, +7.382,+0.975
1629014760,+3.47,+26.594, +7.499,+0.975
1629014820,+3.47,+26.611, +7.471,+0.974
1629014880,+3.47,+26.577, +7.443,+0.974
1629014940,+3.47,+26.628, +7.267,+0.974
1629015000,+3.47,+26.619, +7.318,+0.974
1629015060,+3.47,+26.628, +7.170,+0.974
1629015120,+3.47,+26.602, +7.281,+0.974
1629015180,+3.47,+26.602, +7.429,+0.974
1629015240,+3.47,+26.628, +7.445,+0.975
1629015300,+3.47,+26.602, +7.511,+0.975
1629015360,+3.47,+26.594, +7.501,+0.974
1629015420,+3.47,+26.594, +7.453,+0.974
1629015480,+3.47,+26.594, +7.422,+0.975
1629015540,+3.47,+26.594, +7.440,+0.975
1629015600,+3.47,+26.611, +7.484,+0.975
1629015660,+3.47,+26.628, +7.407,+0.974
1629015720,+3.47,+26.628, +7.441,+0.975
1629015780,+3.47,+26.611, +7.487,+0.975
1629015840,+3.47,+26.611, +7.461,+0.975
1629015900,+3.47,+26.602, +7.447,+0.975
1629015960,+3.47,+26.594, +7.173,+0.975
1629016020,+3.47,+26.585, +7.390,+0.975
1629016080,+3.47,+26.585, +7.295,+0.975
1629016140,+3.47,+26.585, +7.285,+0.974
1629016200,+3.47,+26.594, +7.335,+0.974
1629016260,+3.47,+26.585, +7.439,+0.974
1629016320,+3.47,+26.585, +7.508,+0.975
1629016380,+3.47,+26.585, +7.489,+0.975
1629016440,+3.47,+26.577, +7.301,+0.975
1629016500,+3.47,+26.577, +7.392,+0.974
1629016560,+3.47,+26.585, +7.344,+0.974
1629016620,+3.47,+26.568, +7.385,+0.974
1629016680,+3.47,+26.560, +7.217,+0.974
1629016740,+3.47,+26.551, +7.417,+0.974
1629016800,+3.47,+26.577, +7.465,+0.975
1629016860,+3.47,+26.594, +7.436,+0.975
1629016920,+3.47,+26.611, +7.373,+0.974
1629016980,+3.47,+26.611, +7.170,+0.974
1629017040,+3.47,+26.594, +7.186,+0.974
1629017100,+3.47,+26.594, +7.414,+0.974
1629017160,+3.47,+26.585, +7.462,+0.975
1629017220,+3.47,+26.585, +7.308,+0.974
1629017280,+3.47,+26.577, +7.353,+0.974
1629017340,+3.47,+26.585, +7.365,+0.974
1629017400,+3.47,+26.568, +7.362,+0.974
1629017460,+3.47,+26.594, +7.412,+0.975
1629017520,+3.47,+26.585, +7.420,+0.975
1629017580,+3.47,+26.585, +7.409,+0.975
1629017640,+3.47,+26.560, +7.326,+0.974
1629017700,+3.47,+26.560, +7.387,+0.975
1629017760,+3.47,+26.560, +7.447,+0.974
1629017820,+3.47,+26.560, +7.266,+0.975
1629017880,+3.47,+26.568, +7.400,+0.974
1629017940,+3.47,+26.543, +7.426,+0.975
1629018000,+3.47,+26.535, +7.369,+0.974
1629018060,+3.46,+26.526, +7.253,+0.974
1629018120,+3.46,+26.543, +7.220,+0.975
1629018180,+3.47,+26.551, +7.250,+0.974
1629018240,+3.47,+26.577, +7.255,+0.974
1629018300,+3.47,+26.568, +7.127,+0.974
1629018360,+3.47,+26.551, +7.121,+0.974
1629018420,+3.47,+26.535, +7.385,+0.974
1629018480,+3.47,+26.543, +7.377,+0.974
1629018540,+3.47,+26.568, +7.234,+0.974
1629018600,+3.47,+26.551, +7.222,+0.975
1629018660,+3.47,+26.543, +7.117,+0.974
1629018720,+3.46,+26.543, +7.114,+0.974
1629018780,+3.47,+26.551, +7.251,+0.974
1629018840,+3.47,+26.526, +7.243,+0.974
1629018900,+3.46,+26.526, +7.389,+0.974
1629018960,+3.47,+26.551, +7.373,+0.974
1629019020,+3.47,+26.543, +7.205,+0.974
1629019080,+3.47,+26.551, +7.202,+0.974
1629019140,+3.47,+26.551, +7.086,+0.974
1629019200,+3.46,+26.526, +7.252,+0.974
1629019260,+3.47,+26.551, +7.360,+0.975
1629019320,+3.46,+26.535, +7.399,+0.974
1629019380,+3.46,+26.509, +7.391,+0.974
1629019440,+3.46,+26.535, +7.201,+0.974
1629019500,+3.46,+26.501, +7.244,+0.974
1629019560,+3.46,+26.509, +7.398,+0.974
1629019620,+3.46,+26.484, +7.402,+0.975
1629019680,+3.46,+26.518, +7.349,+0.975
1629019740,+3.47,+26.543, +7.278,+0.974
1629019800,+3.46,+26.535, +7.312,+0.975
1629019860,+3.46,+26.526, +7.300,+0.974
1629019920,+3.46,+26.509, +7.115,+0.974
1629019980,+3.46,+26.501, +7.090,+0.975
1629020040,+3.46,+26.518, +7.316,+0.975
1629020100,+3.46,+26.551, +7.341,+0.974
1629020160,+3.46,+26.535, +7.293,+0.974
1629020220,+3.46,+26.518, +7.344,+0.974
1629020280,+3.46,+26.501, +7.396,+0.975
1629020340,+3.47,+26.518, +7.417,+0.975
1629020400,+3.46,+26.509, +7.343,+0.974
1629020460,+3.47,+26.526, +7.204,+0.974
1629020520,+3.46,+26.501, +7.414,+0.974
1629020580,+3.46,+26.518, +7.113,+0.974
1629020640,+3.46,+26.543, +7.008,+0.974
1629020700,+3.46,+26.518, +7.316,+0.974
1629020760,+3.46,+26.509, +7.213,+0.974
1629020820,+3.46,+26.509, +7.158,+0.974
1629020880,+3.46,+26.509, +7.348,+0.975
1629020940,+3.46,+26.543, +7.345,+0.974
1629021000,+3.46,+26.543, +7.272,+0.975
1629021060,+3.46,+26.518, +7.277,+0.974
1629021120,+3.46,+26.518, +7.212,+0.974
1629021180,+3.46,+26.518, +7.170,+0.975
1629021240,+3.46,+26.518, +7.226,+0.975
1629021300,+3.46,+26.526, +7.292,+0.974
1629021360,+3.47,+26.543, +7.328,+0.974
1629021420,+3.47,+26.551, +7.171,+0.974
1629021480,+3.47,+26.535, +7.186,+0.974
1629021540,+3.46,+26.526, +7.309,+0.974
1629021600,+3.46,+26.518, +7.352,+0.974
1629021660,+3.46,+26.518, +7.333,+0.974
1629021720,+3.46,+26.509, +7.395,+0.975
1629021780,+3.46,+26.509, +7.408,+0.974
1629021840,+3.46,+26.492, +7.303,+0.975
1629021900,+3.46,+26.509, +7.150,+0.974
1629021960,+3.46,+26.509, +7.197,+0.974
1629022020,+3.46,+26.501, +7.309,+0.974
1629022080,+3.46,+26.535, +7.334,+0.974
1629022140,+3.46,+26.535, +7.209,+0.974
1629022200,+3.46,+26.526, +7.192,+0.974
1629022260,+3.47,+26.543, +7.314,+0.974
1629022320,+3.46,+26.535, +7.218,+0.975
1629022380,+3.46,+26.518, +7.078,+0.975
1629022440,+3.46,+26.526, +7.017,+0.974
1629022500,+3.46,+26.501, +7.083,+0.974
1629022560,+3.46,+26.484, +7.301,+0.974
1629022620,+3.46,+26.526, +7.265,+0.974
1629022680,+3.46,+26.526, +7.131,+0.974
1629022740,+3.46,+26.509, +7.141,+0.974
1629022800,+3.46,+26.509, +7.279,+0.974
1629022860,+3.46,+26.492, +7.320,+0.974
1629022920,+3.46,+26.501, +7.308,+0.974
1629022980,+3.46,+26.501, +7.242,+0.974
1629023040,+3.46,+26.518, +7.288,+0.974
1629023100,+3.46,+26.526, +7.307,+0.974
1629023160,+3.46,+26.509, +7.381,+0.974
1629023220,+3.46,+26.492, +7.310,+0.974
1629023280,+3.46,+26.501, +7.292,+0.974
1629023340,+3.46,+26.484, +7.331,+0.974
1629023400,+3.46,+26.501, +7.213,+0.974
1629023460,+3.46,+26.509, +7.153,+0.974
1629023520,+3.46,+26.518, +7.327,+0.974
1629023580,+3.46,+26.492, +7.150,+0.974
1629023640,+3.46,+26.501, +7.271,+0.975
1629023700,+3.46,+26.509, +7.325,+0.974
1629023760,+3.46,+26.526, +7.314,+0.974
1629023820,+3.46,+26.526, +7.265,+0.974
1629023880,+3.46,+26.501, +7.265,+0.974
1629023940,+3.46,+26.501, +7.239,+0.974
1629024000,+3.46,+26.509, +7.041,+0.974
1629024060,+3.46,+26.501, +7.233,+0.975
1629024120,+3.46,+26.509, +7.267,+0.974
1629024180,+3.46,+26.509, +7.355,+0.975
1629024240,+3.46,+26.501, +7.261,+0.974
1629024300,+3.46,+26.501, +7.261,+0.974
1629024360,+3.46,+26.518, +7.185,+0.975
1629024420,+3.46,+26.518, +7.163,+0.974
1629024480,+3.46,+26.526, +7.267,+0.974
1629024540,+3.46,+26.526, +7.256,+0.974
1629024600,+3.46,+26.526, +7.262,+0.974
1629024660,+3.46,+26.509, +7.306,+0.975
1629024720,+3.46,+26.492, +7.285,+0.974
1629024780,+3.46,+26.501, +7.142,+0.975
1629024840,+3.46,+26.518, +7.111,+0.974
1629024900,+3.46,+26.518, +7.242,+0.975
1629024960,+3.46,+26.526, +7.318,+0.975
1629025020,+3.46,+26.518, +7.272,+0.974
1629025080,+3.46,+26.518, +7.268,+0.975
1629025140,+3.46,+26.492, +7.335,+0.974
1629025200,+3.46,+26.492, +7.247,+0.974
1629025260,+3.46,+26.492, +7.327,+0.974
1629025320,+3.46,+26.492, +7.132,+0.974
1629025380,+3.46,+26.501, +7.149,+0.974
1629025440,+3.46,+26.492, +7.157,+0.975
1629025500,+3.46,+26.509, +7.306,+0.974
1629025560,+3.46,+26.492, +7.290,+0.975
1629025620,+3.46,+26.492, +7.372,+0.975
1629025680,+3.46,+26.475, +7.377,+0.975
1629025740,+3.46,+26.484, +7.167,+0.975
1629025800,+3.46,+26.509, +7.323,+0.974
1629025860,+3.46,+26.484, +7.344,+0.974
1629025920,+3.46,+26.518, +7.316,+0.974
1629025980,+3.46,+26.509, +7.306,+0.974
1629026040,+3.46,+26.492, +7.164,+0.974
1629026100,+3.46,+26.501, +7.305,+0.974
1629026160,+3.46,+26.509, +7.302,+0.974
1629026220,+3.46,+26.501, +7.348,+0.974
1629026280,+3.46,+26.492, +7.269,+0.975
1629026340,+3.46,+26.509, +7.230,+0.974
1629026400,+3.46,+26.509, +7.122,+0.974
1629026460,+3.46,+26.492, +7.295,+0.975
1629026520,+3.46,+26.492, +7.286,+0.974
1629026580,+3.46,+26.475, +7.255,+0.974
1629026640,+3.46,+26.509, +7.164,+0.975
1629026700,+3.46,+26.526, +7.269,+0.974
1629026760,+3.46,+26.509, +7.223,+0.974
1629026820,+3.46,+26.484, +7.306,+0.974
1629026880,+3.46,+26.518, +7.202,+0.974
1629026940,+3.46,+26.526, +7.029,+0.974
1629027000,+3.46,+26.509, +7.157,+0.974
1629027060,+3.46,+26.526, +7.288,+0.975
1629027120,+3.46,+26.526, +7.224,+0.974
1629027180,+3.46,+26.518, +7.240,+0.974
1629027240,+3.46,+26.518, +7.111,+0.974
1629027300,+3.47,+26.535, +7.272,+0.974
1629027360,+3.46,+26.543, +7.231,+0.974
1629027420,+3.46,+26.509, +7.242,+0.973
1629027480,+3.46,+26.535, +7.272,+0.975
1629027540,+3.46,+26.543, +7.294,+0.975
1629027600,+3.46,+26.509, +7.329,+0.974
1629027660,+3.46,+26.518, +7.232,+0.975
1629027720,+3.46,+26.492, +7.289,+0.974
1629027780,+3.46,+26.518, +7.305,+0.974
1629027840,+3.46,+26.526, +7.090,+0.974
1629027900,+3.46,+26.509, +7.195,+0.974
1629027960,+3.46,+26.509, +7.005,+0.974
1629028020,+3.46,+26.501, +7.264,+0.975
1629028080,+3.46,+26.492, +7.302,+0.973
1629028140,+3.46,+26.501, +7.258,+0.974
1629028200,+3.46,+26.526, +7.207,+0.975
1629028260,+3.46,+26.526, +7.314,+0.974
1629028320,+3.46,+26.501, +7.323,+0.974
1629028380,+3.46,+26.501, +7.267,+0.975
1629028440,+3.46,+26.467, +7.152,+0.974
1629028500,+3.46,+26.484, +7.125,+0.974
1629028560,+3.46,+26.509, +7.233,+0.974
1629028620,+3.46,+26.518, +6.922,+0.974
1629028680,+3.46,+26.484, +7.264,+0.974
1629028740,+3.46,+26.484, +7.347,+0.975
1629028800,+3.46,+26.484, +7.244,+0.974
1629028860,+3.46,+26.501, +7.237,+0.974
1629028920,+3.46,+26.501, +7.252,+0.974
1629028980,+3.46,+26.526, +7.179,+0.974
1629029040,+3.46,+26.526, +7.078,+0.974
1629029100,+3.46,+26.501, +7.157,+0.974
1629029160,+3.46,+26.501, +7.272,+0.974
1629029220,+3.46,+26.501, +7.036,+0.974
1629029280,+3.46,+26.501, +7.298,+0.974
1629029340,+3.46,+26.484, +7.279,+0.975
1629029400,+3.46,+26.467, +7.265,+0.974
1629029460,+3.46,+26.467, +7.246,+0.974
1629029520,+3.46,+26.442, +7.355,+0.974
1629029580,+3.46,+26.467, +7.188,+0.974
1629029640,+3.46,+26.509, +7.269,+0.975
1629029700,+3.46,+26.475, +7.280,+0.974
1629029760,+3.46,+26.475, +7.236,+0.974
1629029820,+3.46,+26.467, +7.261,+0.974
1629029880,+3.46,+26.450, +7.047,+0.974
1629029940,+3.46,+26.475, +7.141,+0.974
1629030000,+3.46,+26.492, +7.176,+0.974
1629030060,+3.46,+26.484, +6.979,+0.974
1629030120,+3.46,+26.501, +6.982,+0.974
1629030180,+3.46,+26.492, +7.226,+0.974
1629030240,+3.46,+26.492, +7.065,+0.974
1629030300,+3.46,+26.475, +7.172,+0.975
1629030360,+3.46,+26.501, +7.063,+0.974
1629030420,+3.46,+26.484, +7.118,+0.974
1629030480,+3.46,+26.458, +7.188,+0.974
1629030540,+3.46,+26.458, +7.290,+0.975
1629030600,+3.46,+26.450, +7.152,+0.974
1629030660,+3.46,+26.433, +7.265,+0.973
1629030720,+3.46,+26.442, +7.090,+0.974
1629030780,+3.46,+26.425, +7.203,+0.973
1629030840,+3.46,+26.416, +7.256,+0.974
1629030900,+3.46,+26.458, +7.063,+0.974
1629030960,+3.46,+26.467, +7.249,+0.975
1629031020,+3.46,+26.484, +7.308,+0.974
1629031080,+3.46,+26.458, +7.302,+0.974
1629031140,+3.46,+26.475, +7.239,+0.974
1629031200,+3.46,+26.442, +7.032,+0.975
1629031260,+3.46,+26.467, +6.983,+0.974
1629031320,+3.46,+26.442, +7.276,+0.974
1629031380,+3.46,+26.450, +7.291,+0.974
1629031440,+3.46,+26.433, +7.333,+0.974
1629031500,+3.46,+26.458, +7.030,+0.973
1629031560,+3.46,+26.433, +7.156,+0.974
1629031620,+3.46,+26.442, +6.923,+0.974
1629031680,+3.46,+26.408, +7.061,+0.973
1629031740,+3.46,+26.442, +7.193,+0.974
1629031800,+3.46,+26.467, +7.241,+0.974
1629031860,+3.46,+26.450, +7.292,+0.974
1629031920,+3.46,+26.450, +7.074,+0.974
1629031980,+3.46,+26.458, +7.200,+0.973
1629032040,+3.46,+26.475, +6.969,+0.974
1629032100,+3.46,+26.467, +6.942,+0.975
1629032160,+3.46,+26.475, +7.000,+0.975
1629032220,+3.46,+26.475, +7.177,+0.974
1629032280,+3.46,+26.458, +7.213,+0.975
1629032340,+3.46,+26.458, +7.322,+0.974
1629032400,+3.46,+26.467, +7.320,+0.974
1629032460,+3.46,+26.433, +7.289,+0.974
1629032520,+3.46,+26.433, +7.298,+0.974
1629032580,+3.46,+26.433, +6.996,+0.974
1629032640,+3.46,+26.425, +7.143,+0.975
1629032700,+3.46,+26.467, +7.042,+0.974
1629032760,+3.46,+26.475, +7.079,+0.974
1629032820,+3.46,+26.458, +7.155,+0.973
1629032880,+3.46,+26.475, +7.026,+0.974
1629032940,+3.46,+26.433, +7.087,+0.974
1629033000,+3.46,+26.433, +6.889,+0.973
1629033060,+3.46,+26.475, +7.105,+0.974
1629033120,+3.46,+26.450, +7.169,+0.974
1629033180,+3.46,+26.442, +7.076,+0.974
1629033240,+3.46,+26.467, +7.229,+0.974
1629033300,+3.46,+26.450, +7.000,+0.974
1629033360,+3.46,+26.450, +7.149,+0.975
1629033420,+3.46,+26.433, +7.248,+0.974
1629033480,+3.46,+26.442, +7.151,+0.974
1629033540,+3.46,+26.458, +7.272,+0.974
1629033600,+3.46,+26.450, +7.157,+0.974
1629033660,+3.46,+26.458, +7.261,+0.974
1629033720,+3.46,+26.450, +7.330,+0.974
1629033780,+3.46,+26.433, +7.167,+0.974
1629033840,+3.46,+26.450, +7.328,+0.974
1629033900,+3.46,+26.433, +7.332,+0.974
1629033960,+3.46,+26.425, +7.277,+0.974
1629034020,+3.46,+26.425, +7.177,+0.974
1629034080,+3.46,+26.433, +7.115,+0.974
1629034140,+3.46,+26.467, +7.040,+0.974
1629034200,+3.46,+26.442, +7.247,+0.974
1629034260,+3.46,+26.433, +7.327,+0.974
1629034320,+3.46,+26.416, +7.374,+0.975
1629034380,+3.46,+26.425, +7.168,+0.974
1629034440,+3.46,+26.425, +7.069,+0.973
1629034500,+3.46,+26.408, +7.218,+0.975
1629034560,+3.46,+26.425, +7.336,+0.974
1629034620,+3.46,+26.408, +7.092,+0.974
1629034680,+3.46,+26.433, +7.326,+0.975
1629034740,+3.46,+26.425, +7.375,+0.975
1629034800,+3.46,+26.416, +7.290,+0.975
1629034860,+3.46,+26.416, +7.050,+0.974
1629034920,+3.46,+26.416, +7.034,+0.974
1629034980,+3.46,+26.433, +7.282,+0.974
1629035040,+3.46,+26.442, +7.099,+0.974
1629035100,+3.46,+26.433, +6.977,+0.973
1629035160,+3.46,+26.433, +7.084,+0.974
1629035220,+3.46,+26.425, +7.304,+0.974
1629035280,+3.46,+26.416, +7.295,+0.974
1629035340,+3.46,+26.425, +7.179,+0.974
1629035400,+3.46,+26.425, +7.061,+0.974
1629035460,+3.46,+26.433, +7.127,+0.974
1629035520,+3.46,+26.416, +7.175,+0.974
1629035580,+3.46,+26.425, +7.313,+0.974
1629035640,+3.46,+26.416, +7.343,+0.974
1629035700,+3.46,+26.433, +7.010,+0.974
1629035760,+3.46,+26.433, +7.086,+0.974
1629035820,+3.46,+26.458, +7.086,+0.974
1629035880,+3.46,+26.475, +7.047,+0.974
1629035940,+3.46,+26.450, +7.001,+0.974
1629036000,+3.46,+26.450, +7.037,+0.975
1629036060,+3.46,+26.425, +7.035,+0.974
1629036120,+3.46,+26.416, +7.178,+0.974
1629036180,+3.46,+26.408, +7.122,+0.974
1629036240,+3.46,+26.399, +7.170,+0.974
1629036300,+3.46,+26.416, +7.037,+0.974
1629036360,+3.46,+26.442, +6.884,+0.973
1629036420,+3.46,+26.433, +6.939,+0.973
1629036480,+3.46,+26.408, +6.956,+0.974
1629036540,+3.46,+26.408, +7.054,+0.974
1629036600,+3.46,+26.425, +6.807,+0.974
1629036660,+3.46,+26.416, +6.893,+0.974
1629036720,+3.46,+26.391, +7.121,+0.974
1629036780,+3.46,+26.416, +7.032,+0.974
1629036840,+3.46,+26.399, +7.278,+0.974
1629036900,+3.46,+26.408, +7.148,+0.974
1629036960,+3.46,+26.391, +6.984,+0.974
1629037020,+3.46,+26.399, +7.224,+0.974
1629037080,+3.46,+26.382, +7.104,+0.974
1629037140,+3.46,+26.374, +7.109,+0.974
1629037200,+3.46,+26.399, +7.019,+0.974
1629037260,+3.46,+26.433, +7.075,+0.974
1629037320,+3.46,+26.433, +6.970,+0.974
1629037380,+3.46,+26.416, +6.866,+0.974
1629037440,+3.46,+26.425, +6.989,+0.974
1629037500,+3.46,+26.442, +6.862,+0.974
1629037560,+3.46,+26.408, +7.178,+0.974
1629037620,+3.46,+26.425, +6.904,+0.974
1629037680,+3.46,+26.382, +6.984,+0.974
1629037740,+3.46,+26.399, +7.128,+0.974
1629037800,+3.46,+26.425, +6.993,+0.974
1629037860,+3.46,+26.416, +6.901,+0.973
1629037920,+3.46,+26.408, +7.231,+0.974
1629037980,+3.46,+26.408, +7.154,+0.973
1629038040,+3.46,+26.416, +6.953,+0.974
1629038100,+3.46,+26.391, +6.985,+0.974
1629038160,+3.46,+26.382, +6.964,+0.974
1629038220,+3.46,+26.382, +7.045,+0.973
1629038280,+3.46,+26.408, +7.095,+0.974
1629038340,+3.46,+26.391, +7.214,+0.975
1629038400,+3.46,+26.416, +7.224,+0.974
1629038460,+3.46,+26.399, +7.184,+0.974
1629038520,+3.46,+26.391, +6.904,+0.974
1629038580,+3.46,+26.374, +7.064,+0.973
1629038640,+3.46,+26.382, +7.221,+0.974
1629038700,+3.46,+26.365, +7.299,+0.973
1629038760,+3.46,+26.365, +7.305,+0.975
1629038820,+3.46,+26.399, +6.996,+0.974
1629038880,+3.46,+26.374, +6.951,+0.974
1629038940,+3.46,+26.374, +7.149,+0.974
1629039000,+3.46,+26.374, +7.106,+0.974
1629039060,+3.46,+26.382, +7.259,+0.974
1629039120,+3.46,+26.382, +7.006,+0.974
1629039180,+3.46,+26.374, +7.095,+0.974
1629039240,+3.46,+26.357, +6.981,+0.974
1629039300,+3.46,+26.365, +7.003,+0.973
1629039360,+3.46,+26.391, +7.111,+0.974
1629039420,+3.46,+26.357, +6.988,+0.974
1629039480,+3.46,+26.374, +7.078,+0.973
1629039540,+3.46,+26.374, +6.953,+0.974
1629039600,+3.46,+26.374, +7.003,+0.973
1629039660,+3.46,+26.442, +6.987,+0.974
1629039720,+3.46,+26.416, +6.955,+0.973
1629039780,+3.46,+26.391, +7.125,+0.974
1629039840,+3.46,+26.365, +7.113,+0.973
1629039900,+3.46,+26.399, +7.277,+0.974
1629039960,+3.46,+26.416, +7.191,+0.974
1629040020,+3.46,+26.408, +6.920,+0.974
1629040080,+3.46,+26.391, +7.009,+0.973
1629040140,+3.46,+26.391, +7.074,+0.974
1629040200,+3.46,+26.382, +7.098,+0.974
1629040260,+3.46,+26.374, +7.107,+0.973
1629040320,+3.46,+26.357, +6.988,+0.973
1629040380,+3.46,+26.374, +7.054,+0.974
1629040440,+3.46,+26.382, +7.279,+0.974
1629040500,+3.46,+26.391, +7.230,+0.974
1629040560,+3.46,+26.408, +7.110,+0.974
1629040620,+3.46,+26.382, +7.082,+0.974
1629040680,+3.46,+26.382, +7.066,+0.974
1629040740,+3.46,+26.357, +7.143,+0.973
1629040800,+3.46,+26.340, +7.062,+0.974
1629040860,+3.46,+26.357, +7.062,+0.974
1629040920,+3.46,+26.357, +7.271,+0.974
1629040980,+3.46,+26.365, +7.141,+0.975
1629041040,+3.46,+26.357, +7.083,+0.974
1629041100,+3.46,+26.349, +6.949,+0.974
1629041160,+3.46,+26.349, +7.139,+0.974
1629041220,+3.46,+26.374, +7.173,+0.974
1629041280,+3.46,+26.365, +7.151,+0.974
1629041340,+3.46,+26.349, +7.098,+0.974
1629041400,+3.46,+26.349, +7.163,+0.974
1629041460,+3.46,+26.340, +7.125,+0.974
1629041520,+3.46,+26.357, +7.042,+0.974
1629041580,+3.46,+26.382, +7.277,+0.974
1629041640,+3.46,+26.374, +7.262,+0.974
1629041700,+3.46,+26.357, +7.064,+0.974
1629041760,+3.46,+26.357, +7.036,+0.974
1629041820,+3.46,+26.357, +7.032,+0.974
1629041880,+3.46,+26.357, +7.286,+0.974
1629041940,+3.46,+26.374, +7.264,+0.974
1629042000,+3.46,+26.391, +7.185,+0.974
1629042060,+3.46,+26.374, +7.230,+0.974
1629042120,+3.46,+26.365, +7.186,+0.974
1629042180,+3.46,+26.332, +7.021,+0.974
1629042240,+3.46,+26.340, +7.052,+0.974
1629042300,+3.46,+26.382, +7.285,+0.975
1629042360,+3.46,+26.391, +7.070,+0.974
1629042420,+3.46,+26.391, +7.243,+0.974
1629042480,+3.46,+26.391, +6.989,+0.974
1629042540,+3.46,+26.365, +7.078,+0.974
1629042600,+3.46,+26.340, +7.154,+0.974
1629042660,+3.46,+26.349, +7.041,+0.974
1629042720,+3.46,+26.332, +6.936,+0.973
1629042780,+3.46,+26.365, +6.955,+0.974
1629042840,+3.46,+26.365, +7.092,+0.973
1629042900,+3.46,+26.357, +7.149,+0.974
1629042960,+3.46,+26.357, +7.153,+0.974
1629043020,+3.46,+26.349, +7.224,+0.974
1629043080,+3.46,+26.349, +7.090,+0.974
1629043140,+3.46,+26.340, +7.019,+0.974
1629043200,+3.46,+26.382, +7.021,+0.974
1629043260,+3.46,+26.374, +7.142,+0.973
1629043320,+3.46,+26.365, +6.962,+0.974
1629043380,+3.46,+26.357, +7.020,+0.973
1629043440,+3.46,+26.349, +7.096,+0.974
1629043500,+3.46,+26.365, +7.136,+0.975
1629043560,+3.46,+26.382, +7.032,+0.973
1629043620,+3.46,+26.382, +7.065,+0.974
1629043680,+3.46,+26.357, +7.072,+0.974
1629043740,+3.46,+26.382, +7.200,+0.974
1629043800,+3.46,+26.357, +7.192,+0.975
1629043860,+3.46,+26.365, +7.185,+0.973
1629043920,+3.46,+26.357, +7.134,+0.974
1629043980,+3.46,+26.349, +7.181,+0.974
1629044040,+3.46,+26.365, +7.053,+0.974
1629044100,+3.46,+26.374, +7.053,+0.974
1629044160,+3.46,+26.340, +6.953,+0.974
1629044220,+3.46,+26.349, +6.990,+0.974
1629044280,+3.46,+26.340, +6.959,+0.974
1629044340,+3.46,+26.357, +7.071,+0.974
1629044400,+3.46,+26.357, +7.103,+0.974
1629044460,+3.46,+26.349, +7.131,+0.974
1629044520,+3.46,+26.349, +6.907,+0.974
1629044580,+3.46,+26.374, +7.194,+0.975
1629044640,+3.46,+26.365, +6.901,+0.974
1629044700,+3.46,+26.374, +6.990,+0.974
1629044760,+3.46,+26.382, +7.086,+0.973
1629044820,+3.46,+26.365, +7.045,+0.974
1629044880,+3.46,+26.365, +7.012,+0.974
1629044940,+3.46,+26.365, +6.905,+0.974
1629045000,+3.46,+26.349, +6.880,+0.973
1629045060,+3.46,+26.349, +7.113,+0.974
1629045120,+3.46,+26.323, +7.075,+0.974
1629045180,+3.46,+26.349, +7.081,+0.974
1629045240,+3.46,+26.349, +7.085,+0.974
1629045300,+3.46,+26.349, +7.080,+0.974
1629045360,+3.46,+26.349, +7.061,+0.973
1629045420,+3.46,+26.357, +7.024,+0.974
1629045480,+3.46,+26.349, +7.204,+0.974
1629045540,+3.46,+26.349, +7.032,+0.974
1629045600,+3.46,+26.332, +6.874,+0.974
1629045660,+3.46,+26.340, +6.950,+0.974
1629045720,+3.46,+26.332, +7.030,+0.973
1629045780,+3.46,+26.306, +7.058,+0.974
1629045840,+3.46,+26.332, +7.100,+0.974
1629045900,+3.46,+26.340, +6.965,+0.974
1629045960,+3.46,+26.349, +7.196,+0.974
1629046020,+3.46,+26.357, +6.968,+0.974
1629046080,+3.46,+26.349, +6.961,+0.974
1629046140,+3.46,+26.332, +6.913,+0.973
1629046200,+3.46,+26.323, +7.093,+0.973
1629046260,+3.46,+26.357, +7.233,+0.974
1629046320,+3.46,+26.340, +7.191,+0.974
1629046380,+3.46,+26.332, +6.977,+0.974
1629046440,+3.46,+26.323, +7.091,+0.973
1629046500,+3.46,+26.332, +7.048,+0.974
1629046560,+3.46,+26.315, +7.014,+0.974
1629046620,+3.46,+26.306, +7.050,+0.974
1629046680,+3.46,+26.340, +7.186,+0.974
1629046740,+3.46,+26.332, +7.137,+0.973
1629046800,+3.46,+26.340, +6.878,+0.974
1629046860,+3.46,+26.315, +7.087,+0.974
1629046920,+3.46,+26.332, +7.220,+0.974
1629046980,+3.46,+26.332, +7.282,+0.974
1629047040,+3.46,+26.323, +7.145,+0.974
1629047100,+3.46,+26.323, +7.142,+0.974
1629047160,+3.46,+26.332, +7.058,+0.974
1629047220,+3.46,+26.332, +7.055,+0.974
1629047280,+3.46,+26.349, +7.140,+0.973
1629047340,+3.46,+26.323, +7.122,+0.974
1629047400,+3.46,+26.340, +7.151,+0.974
1629047460,+3.46,+26.349, +7.154,+0.974
1629047520,+3.46,+26.357, +7.239,+0.973
1629047580,+3.46,+26.340, +7.188,+0.973
1629047640,+3.46,+26.340, +7.199,+0.974
1629047700,+3.46,+26.374, +7.063,+0.974
1629047760,+3.46,+26.391, +7.149,+0.974
1629047820,+3.46,+26.365, +7.266,+0.974
1629047880,+3.46,+26.382, +7.106,+0.974
1629047940,+3.46,+26.357, +7.154,+0.974
1629048000,+3.46,+26.365, +7.182,+0.974
1629048060,+3.46,+26.357, +7.152,+0.974
1629048120,+3.46,+26.382, +7.273,+0.974
1629048180,+3.46,+26.382, +7.155,+0.974
1629048240,+3.46,+26.357, +7.251,+0.974
1629048300,+3.46,+26.357, +6.993,+0.974
1629048360,+3.46,+26.349, +7.164,+0.974
1629048420,+3.46,+26.349, +7.255,+0.974
1629048480,+3.46,+26.374, +7.151,+0.974
1629048540,+3.46,+26.365, +7.139,+0.973
1629048600,+3.46,+26.365, +7.053,+0.974
1629048660,+3.46,+26.357, +7.235,+0.974
1629048720,+3.46,+26.349, +7.123,+0.974
1629048780,+3.46,+26.365, +7.232,+0.974
1629048840,+3.46,+26.357, +7.222,+0.974
1629048900,+3.46,+26.349, +7.068,+0.974
1629048960,+3.46,+26.357, +7.127,+0.974
1629049020,+3.46,+26.374, +7.159,+0.974
1629049080,+3.46,+26.382, +7.237,+0.974
1629049140,+3.46,+26.391, +7.194,+0.974
1629049200,+3.46,+26.382, +7.275,+0.974
1629049260,+3.46,+26.391, +6.954,+0.974
1629049320,+3.46,+26.365, +7.133,+0.973
1629049380,+3.46,+26.357, +7.136,+0.974
1629049440,+3.46,+26.391, +7.201,+0.974
1629049500,+3.46,+26.349, +7.246,+0.974
1629049560,+3.46,+26.332, +7.178,+0.974
1629049620,+3.46,+26.382, +7.216,+0.974
1629049680,+3.46,+26.365, +7.190,+0.974
1629049740,+3.46,+26.365, +7.343,+0.974
1629049800,+3.46,+26.374, +7.093,+0.974
1629049860,+3.46,+26.374, +7.288,+0.974
1629049920,+3.46,+26.416, +7.242,+0.974
1629049980,+3.46,+26.382, +7.202,+0.974
1629050040,+3.46,+26.408, +7.261,+0.974
1629050100,+3.46,+26.391, +7.263,+0.974
1629050160,+3.46,+26.399, +7.319,+0.974
1629050220,+3.46,+26.416, +7.288,+0.975
1629050280,+3.46,+26.425, +7.137,+0.974
1629050340,+3.46,+26.391, +7.274,+0.974
1629050400,+3.46,+26.408, +7.209,+0.974
1629050460,+3.46,+26.399, +7.160,+0.974
1629050520,+3.46,+26.374, +7.236,+0.974
1629050580,+3.46,+26.374, +7.303,+0.975
1629050640,+3.46,+26.365, +7.228,+0.974
1629050700,+3.46,+26.374, +7.215,+0.974
1629050760,+3.46,+26.365, +7.168,+0.975
1629050820,+3.46,+26.408, +7.215,+0.974
1629050880,+3.46,+26.399, +7.189,+0.974
1629050940,+3.46,+26.399, +7.352,+0.974
1629051000,+3.46,+26.416, +7.269,+0.974
1629051060,+3.46,+26.408, +7.241,+0.974
1629051120,+3.46,+26.382, +7.197,+0.974
1629051180,+3.46,+26.408, +7.165,+0.973
1629051240,+3.46,+26.408, +7.098,+0.974
1629051300,+3.46,+26.399, +7.242,+0.975
1629051360,+3.46,+26.425, +7.150,+0.974
1629051420,+3.46,+26.416, +7.276,+0.974
1629051480,+3.46,+26.433, +7.190,+0.974
1629051540,+3.46,+26.458, +7.231,+0.974
1629051600,+3.46,+26.433, +7.247,+0.974
1629051660,+3.46,+26.442, +7.328,+0.975
1629051720,+3.46,+26.442, +7.356,+0.975
1629051780,+3.46,+26.450, +7.268,+0.974
1629051840,+3.46,+26.433, +7.270,+0.974
1629051900,+3.46,+26.433, +7.374,+0.975
1629051960,+3.46,+26.450, +7.337,+0.975
1629052020,+3.46,+26.450, +7.376,+0.974
1629052080,+3.46,+26.450, +7.315,+0.974
1629052140,+3.46,+26.475, +7.454,+0.974
1629052200,+3.46,+26.484, +7.377,+0.974
1629052260,+3.46,+26.484, +7.274,+0.974
1629052320,+3.46,+26.458, +7.208,+0.974
1629052380,+3.46,+26.458, +7.115,+0.975
1629052440,+3.46,+26.467, +7.370,+0.974
1629052500,+3.46,+26.475, +7.362,+0.974
1629052560,+3.46,+26.475, +7.241,+0.974
1629052620,+3.46,+26.484, +7.256,+0.974
1629052680,+3.46,+26.492, +7.235,+0.974
1629052740,+3.46,+26.518, +7.541,+0.975
1629052800,+3.46,+26.543, +7.196,+0.974
1629052860,+3.46,+26.551, +7.290,+0.974
1629052920,+3.46,+26.543, +7.326,+0.974
1629052980,+3.46,+26.551, +7.412,+0.975
1629053040,+3.47,+26.560, +7.445,+0.975
1629053100,+3.47,+26.602, +7.397,+0.975
1629053160,+3.47,+26.602, +7.376,+0.974
1629053220,+3.47,+26.594, +7.284,+0.975
1629053280,+3.47,+26.602, +7.302,+0.974
1629053340,+3.47,+26.611, +7.551,+0.975
1629053400,+3.47,+26.611, +7.291,+0.974
1629053460,+3.47,+26.611, +7.348,+0.974
1629053520,+3.47,+26.611, +7.237,+0.974
1629053580,+3.47,+26.594, +7.278,+0.975
1629053640,+3.46,+26.594, +7.319,+0.974
1629053700,+3.46,+26.619, +7.429,+0.974
1629053760,+3.46,+26.645, +7.372,+0.974
1629053820,+3.46,+26.636, +7.489,+0.975
1629053880,+3.46,+26.670, +7.329,+0.974
1629053940,+3.46,+26.670, +7.569,+0.975
1629054000,+3.46,+26.661, +7.456,+0.975
1629054060,+3.46,+26.678, +7.510,+0.975
1629054120,+3.46,+26.678, +7.397,+0.975
1629054180,+3.46,+26.670, +7.519,+0.975
1629054240,+3.46,+26.687, +7.549,+0.975
1629054300,+3.46,+26.687, +7.521,+0.975
1629054360,+3.46,+26.687, +7.515,+0.975
1629054420,+3.46,+26.670, +7.360,+0.975
1629054480,+3.46,+26.661, +7.488,+0.974
1629054540,+3.46,+26.687, +7.412,+0.975
1629054600,+3.46,+26.687, +7.451,+0.975
1629054660,+3.46,+26.704, +7.450,+0.975
1629054720,+3.46,+26.704, +7.344,+0.975
1629054780,+3.46,+26.712, +7.487,+0.975
1629054840,+3.46,+26.729, +7.319,+0.975
1629054900,+3.46,+26.704, +7.492,+0.975
1629054960,+3.46,+26.712, +7.340,+0.975
1629055020,+3.46,+26.721, +7.461,+0.975
1629055080,+3.46,+26.738, +7.513,+0.975
1629055140,+3.46,+26.738, +7.372,+0.975
1629055200,+3.46,+26.729, +7.445,+0.975
1629055260,+3.46,+26.738, +7.483,+0.975
1629055320,+3.46,+26.729, +7.524,+0.975
1629055380,+3.46,+26.729, +7.391,+0.975
1629055440,+3.46,+26.729, +7.463,+0.975
1629055500,+3.46,+26.712, +7.509,+0.974
1629055560,+3.46,+26.721, +7.542,+0.975
1629055620,+3.46,+26.755, +7.565,+0.975
1629055680,+3.46,+26.738, +7.510,+0.975
1629055740,+3.46,+26.729, +7.388,+0.975
1629055800,+3.46,+26.721, +7.413,+0.975
1629055860,+3.46,+26.712, +7.485,+0.975
1629055920,+3.46,+26.738, +7.473,+0.975
1629055980,+3.46,+26.729, +7.563,+0.975
1629056040,+3.46,+26.721, +7.390,+0.975
1629056100,+3.46,+26.738, +7.381,+0.975
1629056160,+3.46,+26.738, +7.323,+0.975
1629056220,+3.46,+26.721, +7.463,+0.974
1629056280,+3.46,+26.729, +7.406,+0.974
1629056340,+3.46,+26.763, +7.600,+0.975
1629056400,+3.46,+26.755, +7.493,+0.975
1629056460,+3.46,+26.763, +7.356,+0.975
1629056520,+3.46,+26.755, +7.480,+0.974
1629056580,+3.46,+26.738, +7.511,+0.975
1629056640,+3.46,+26.746, +7.397,+0.975
1629056700,+3.46,+26.729, +7.308,+0.975
1629056760,+3.46,+26.729, +7.257,+0.974
1629056820,+3.46,+26.721, +7.143,+0.975
1629056880,+3.46,+26.738, +7.493,+0.975
1629056940,+3.46,+26.772, +7.608,+0.975
1629057000,+3.46,+26.746, +7.449,+0.975
1629057060,+3.46,+26.763, +7.467,+0.975
1629057120,+3.46,+26.772, +7.360,+0.975
1629057180,+3.46,+26.746, +7.355,+0.975
1629057240,+3.46,+26.729, +7.372,+0.975
1629057300,+3.46,+26.755, +7.519,+0.975
1629057360,+3.46,+26.772, +7.554,+0.975
1629057420,+3.46,+26.763, +7.533,+0.975
1629057480,+3.46,+26.780, +7.507,+0.975
1629057540,+3.46,+26.772, +7.555,+0.975
1629057600,+3.46,+26.780, +7.550,+0.975
1629057660,+3.46,+26.763, +7.503,+0.974
1629057720,+3.46,+26.763, +7.499,+0.975
1629057780,+3.46,+26.755, +7.401,+0.975
1629057840,+3.46,+26.788, +7.693,+0.975
1629057900,+3.46,+26.814, +7.691,+0.976
1629057960,+3.46,+26.805, +7.523,+0.975
1629058020,+3.46,+26.805, +7.466,+0.975
1629058080,+3.46,+26.805, +7.428,+0.975
1629058140,+3.46,+26.797, +7.656,+0.974
1629058200,+3.46,+26.822, +7.715,+0.975
1629058260,+3.46,+26.822, +7.571,+0.975
1629058320,+3.46,+26.814, +7.449,+0.974
1629058380,+3.46,+26.839, +7.587,+0.975
1629058440,+3.46,+26.822, +7.293,+0.975
1629058500,+3.46,+26.805, +7.467,+0.975
1629058560,+3.46,+26.797, +7.388,+0.975
1629058620,+3.46,+26.788, +7.357,+0.975
1629058680,+3.46,+26.788, +7.326,+0.975
1629058740,+3.46,+26.797, +7.487,+0.975
1629058800,+3.46,+26.797, +7.514,+0.975
1629058860,+3.46,+26.805, +7.687,+0.976
1629058920,+3.46,+26.805, +7.586,+0.975
1629058980,+3.46,+26.831, +7.511,+0.975
1629059040,+3.46,+26.814, +7.605,+0.974
1629059100,+3.46,+26.805, +7.533,+0.975
1629059160,+3.46,+26.822, +7.558,+0.975
1629059220,+3.46,+26.831, +7.565,+0.974
1629059280,+3.46,+26.822, +7.571,+0.975
1629059340,+3.46,+26.822, +7.607,+0.975
1629059400,+3.46,+26.831, +7.600,+0.975
1629059460,+3.46,+26.839, +7.510,+0.975
1629059520,+3.46,+26.822, +7.438,+0.975
1629059580,+3.46,+26.839, +7.570,+0.975
1629059640,+3.46,+26.831, +7.550,+0.975
1629059700,+3.46,+26.839, +7.504,+0.975
1629059760,+3.46,+26.822, +7.556,+0.975
1629059820,+3.46,+26.822, +7.451,+0.975
1629059880,+3.46,+26.848, +7.525,+0.975
1629059940,+3.46,+26.831, +7.512,+0.975
1629060000,+3.46,+26.839, +7.565,+0.976
1629060060,+3.46,+26.848, +7.571,+0.975
1629060120,+3.46,+26.865, +7.613,+0.975
1629060180,+3.46,+26.865, +7.424,+0.975
1629060240,+3.46,+26.865, +7.540,+0.975
1629060300,+3.46,+26.848, +7.426,+0.975
1629060360,+3.46,+26.873, +7.588,+0.976
1629060420,+3.46,+26.890, +7.594,+0.975
1629060480,+3.46,+26.907, +7.712,+0.975
1629060540,+3.46,+26.916, +7.689,+0.976
1629060600,+3.46,+26.941, +7.809,+0.975
1629060660,+3.46,+26.966, +7.635,+0.975
1629060720,+3.46,+26.983, +7.878,+0.976
1629060780,+3.46,+27.000, +7.588,+0.975
1629060840,+3.46,+26.966, +7.583,+0.975
1629060900,+3.46,+26.975, +7.543,+0.975
1629060960,+3.46,+26.992, +7.791,+0.975
1629061020,+3.46,+27.017, +7.737,+0.976
1629061080,+3.46,+27.017, +7.651,+0.976
1629061140,+3.46,+27.051, +7.892,+0.975
1629061200,+3.46,+27.068, +7.854,+0.975
1629061260,+3.46,+27.068, +7.780,+0.975
1629061320,+3.46,+27.068, +7.796,+0.976
1629061380,+3.46,+27.085, +7.776,+0.976
1629061440,+3.46,+27.102, +7.992,+0.976
1629061500,+3.46,+27.111, +7.948,+0.976
1629061560,+3.46,+27.102, +7.769,+0.975
1629061620,+3.46,+27.128, +7.916,+0.976
1629061680,+3.46,+27.128, +7.949,+0.976
1629061740,+3.46,+27.161, +8.084,+0.976
1629061800,+3.46,+27.170, +7.992,+0.975
1629061860,+3.46,+27.170, +7.838,+0.977
1629061920,+3.46,+27.195, +8.076,+0.976
1629061980,+3.46,+27.178, +8.020,+0.976
1629062040,+3.46,+27.229, +7.886,+0.975
1629062100,+3.46,+27.221, +7.916,+0.976
1629062160,+3.46,+27.221, +7.910,+0.975
1629062220,+3.46,+27.238, +7.851,+0.975
1629062280,+3.46,+27.246, +7.856,+0.976
1629062340,+3.46,+27.263, +7.873,+0.975
1629062400,+3.46,+27.263, +7.947,+0.976
1629062460,+3.46,+27.272, +7.788,+0.976
1629062520,+3.46,+27.263, +7.710,+0.976
1629062580,+3.46,+27.289, +7.823,+0.976
1629062640,+3.46,+27.280, +7.611,+0.975
1629062700,+3.46,+27.255, +7.565,+0.976
1629062760,+3.46,+27.289, +7.732,+0.975
1629062820,+3.46,+27.306, +7.936,+0.976
1629062880,+3.46,+27.365, +8.139,+0.975
1629062940,+3.46,+27.391, +8.025,+0.975
1629063000,+3.46,+27.382, +7.898,+0.975
1629063060,+3.46,+27.374, +7.829,+0.975
1629063120,+3.46,+27.382, +7.945,+0.975
1629063180,+3.46,+27.425, +8.154,+0.976
1629063240,+3.46,+27.416, +8.151,+0.976
1629063300,+3.46,+27.442, +8.147,+0.976
1629063360,+3.46,+27.442, +7.956,+0.976
1629063420,+3.46,+27.433, +7.937,+0.976
1629063480,+3.46,+27.476, +8.108,+0.976
1629063540,+3.46,+27.484, +8.021,+0.976
1629063600,+3.46,+27.484, +8.029,+0.976
1629063660,+3.46,+27.467, +7.939,+0.976
1629063720,+3.46,+27.467, +7.792,+0.976
1629063780,+3.46,+27.501, +7.983,+0.977
1629063840,+3.46,+27.484, +7.979,+0.976
1629063900,+3.46,+27.476, +8.036,+0.977
1629063960,+3.46,+27.535, +8.268,+0.977
1629064020,+3.46,+27.569, +8.353,+0.977
1629064080,+3.46,+27.552, +8.118,+0.976
1629064140,+3.46,+27.561, +7.936,+0.975
1629064200,+3.46,+27.544, +7.990,+0.976
1629064260,+3.46,+27.552, +8.101,+0.976
1629064320,+3.46,+27.535, +8.020,+0.977
1629064380,+3.46,+27.535, +8.068,+0.977
1629064440,+3.46,+27.518, +7.929,+0.976
1629064500,+3.46,+27.544, +7.895,+0.977
1629064560,+3.46,+27.527, +7.934,+0.976
1629064620,+3.46,+27.552, +7.883,+0.976
1629064680,+3.46,+27.552, +7.785,+0.976
1629064740,+3.46,+27.544, +7.728,+0.976
1629064800,+3.46,+27.561, +7.937,+0.976
1629064860,+3.46,+27.603, +8.143,+0.977
1629064920,+3.46,+27.620, +8.156,+0.976
1629064980,+3.46,+27.646, +8.193,+0.977
1629065040,+3.46,+27.663, +8.144,+0.977
1629065100,+3.46,+27.680, +8.178,+0.977
1629065160,+3.46,+27.671, +8.095,+0.976
1629065220,+3.46,+27.688, +8.262,+0.977
1629065280,+3.46,+27.663, +8.045,+0.978
1629065340,+3.46,+27.663, +7.851,+0.977
1629065400,+3.46,+27.654, +7.933,+0.977
1629065460,+3.46,+27.663, +7.786,+0.976
1629065520,+3.46,+27.654, +7.870,+0.977
1629065580,+3.46,+27.680, +7.924,+0.977
1629065640,+3.46,+27.748, +8.241,+0.977
1629065700,+3.46,+27.790, +8.262,+0.977
1629065760,+3.46,+27.790, +8.172,+0.977
1629065820,+3.46,+27.765, +7.973,+0.977
1629065880,+3.46,+27.748, +8.111,+0.977
1629065940,+3.46,+27.748, +8.047,+0.976
1629066000,+3.46,+27.756, +8.005,+0.976
1629066060,+3.46,+27.756, +8.126,+0.977
1629066120,+3.46,+27.765, +8.027,+0.977
1629066180,+3.46,+27.799, +8.084,+0.976
1629066240,+3.46,+27.807, +8.121,+0.976
1629066300,+3.46,+27.841, +8.150,+0.977
1629066360,+3.46,+27.858, +7.999,+0.976
1629066420,+3.46,+27.867, +7.948,+0.977
1629066480,+3.46,+27.867, +8.137,+0.977
1629066540,+3.46,+27.875, +8.039,+0.977
1629066600,+3.46,+27.867, +7.861,+0.977
1629066660,+3.46,+27.909, +8.310,+0.977
1629066720,+3.46,+27.935, +8.442,+0.978
1629066780,+3.46,+27.944, +8.381,+0.978
1629066840,+3.46,+27.969, +8.255,+0.977
1629066900,+3.46,+27.944, +8.209,+0.978
1629066960,+3.46,+27.952, +8.188,+0.978
1629067020,+3.46,+27.969, +8.293,+0.977
1629067080,+3.46,+27.969, +8.348,+0.976
1629067140,+3.46,+28.003, +8.341,+0.977
1629067200,+3.46,+27.986, +8.304,+0.977
1629067260,+3.46,+27.986, +8.171,+0.977
1629067320,+3.46,+27.995, +8.169,+0.977
1629067380,+3.46,+27.986, +8.049,+0.976
1629067440,+3.46,+27.969, +8.156,+0.977
1629067500,+3.46,+27.995, +8.613,+0.978
1629067560,+3.46,+27.995, +8.584,+0.977
1629067620,+3.46,+27.986, +8.399,+0.977
1629067680,+3.46,+27.986, +8.252,+0.977
1629067740,+3.46,+28.012, +8.354,+0.978
1629067800,+3.46,+27.978, +7.999,+0.977
1629067860,+3.46,+27.978, +8.251,+0.977
1629067920,+3.46,+28.003, +8.298,+0.978
1629067980,+3.46,+27.986, +8.266,+0.978
1629068040,+3.46,+28.054, +8.438,+0.977
