7450-735719
OS REV: 1.05 Sensor Cal: 1573748658
Time (sec),  BV (Volts),  T (deg C),  DO (mg/l),  Q ()
1628895300,+3.46,+27.238, +7.822,+0.976
1628895360,+3.46,+27.246, +7.813,+0.975
1628895420,+3.46,+27.246, +7.810,+0.975
1628895480,+3.46,+27.246, +7.843,+0.976
1628895540,+3.46,+27.255, +7.847,+0.976
1628895600,+3.46,+27.263, +7.828,+0.976
1628895660,+3.46,+27.263, +7.841,+0.975
1628895720,+3.46,+27.263, +7.913,+0.976
1628895780,+3.46,+27.272, +7.897,+0.975
1628895840,+3.46,+27.272, +7.907,+0.975
1628895900,+3.46,+27.289, +7.914,+0.976
1628895960,+3.46,+27.280, +7.872,+0.976
1628896020,+3.46,+27.297, +7.850,+0.976
1628896080,+3.46,+27.314, +7.843,+0.976
1628896140,+3.46,+27.306, +7.826,+0.975
1628896200,+3.46,+27.289, +7.818,+0.975
1628896260,+3.46,+27.331, +7.804,+0.976
1628896320,+3.46,+27.331, +7.808,+0.976
1628896380,+3.46,+27.331, +7.817,+0.976
1628896440,+3.46,+27.331, +7.817,+0.976
1628896500,+3.46,+27.314, +7.828,+0.976
1628896560,+3.46,+27.340, +7.789,+0.975
1628896620,+3.46,+27.348, +7.805,+0.975
1628896680,+3.46,+27.340, +7.823,+0.976
1628896740,+3.46,+27.348, +7.817,+0.976
1628896800,+3.46,+27.348, +7.841,+0.976
1628896860,+3.46,+27.357, +7.870,+0.976
1628896920,+3.46,+27.365, +7.878,+0.976
1628896980,+3.46,+27.357, +7.838,+0.976
1628897040,+3.46,+27.365, +7.815,+0.976
1628897100,+3.46,+27.374, +7.790,+0.976
1628897160,+3.46,+27.365, +7.781,+0.975
1628897220,+3.46,+27.382, +7.822,+0.976
1628897280,+3.46,+27.382, +7.819,+0.976
1628897340,+3.46,+27.382, +7.827,+0.976
1628897400,+3.46,+27.382, +7.843,+0.976
1628897460,+3.46,+27.382, +7.823,+0.975
1628897520,+3.46,+27.399, +7.828,+0.976
1628897580,+3.46,+27.399, +7.872,+0.976
1628897640,+3.46,+27.399, +7.870,+0.976
1628897700,+3.46,+27.416, +7.860,+0.976
1628897760,+3.46,+27.408, +7.844,+0.976
1628897820,+3.46,+27.399, +7.839,+0.976
1628897880,+3.46,+27.416, +7.820,+0.976
1628897940,+3.46,+27.416, +7.822,+0.976
1628898000,+3.46,+27.416, +7.820,+0.976
1628898060,+3.46,+27.433, +7.841,+0.976
1628898120,+3.46,+27.433, +7.834,+0.976
1628898180,+3.46,+27.433, +7.806,+0.976
1628898240,+3.46,+27.450, +7.826,+0.976
1628898300,+3.46,+27.450, +7.854,+0.976
1628898360,+3.46,+27.459, +7.836,+0.976
1628898420,+3.46,+27.467, +7.857,+0.976
1628898480,+3.46,+27.442, +7.911,+0.976
1628898540,+3.46,+27.467, +7.934,+0.976
1628898600,+3.46,+27.459, +7.971,+0.977
1628898660,+3.46,+27.459, +7.961,+0.976
1628898720,+3.46,+27.442, +7.945,+0.977
1628898780,+3.46,+27.459, +7.917,+0.976
1628898840,+3.46,+27.467, +7.919,+0.976
1628898900,+3.46,+27.459, +7.947,+0.977
1628898960,+3.46,+27.493, +7.929,+0.976
1628899020,+3.46,+27.484, +7.926,+0.977
1628899080,+3.46,+27.476, +7.906,+0.975
1628899140,+3.46,+27.501, +7.901,+0.976
1628899200,+3.46,+27.501, +7.932,+0.976
1628899260,+3.46,+27.501, +7.922,+0.976
1628899320,+3.46,+27.493, +7.915,+0.976
1628899380,+3.46,+27.501, +7.916,+0.976
1628899440,+3.46,+27.510, +7.914,+0.976
1628899500,+3.46,+27.510, +7.918,+0.977
1628899560,+3.46,+27.518, +7.887,+0.976
1628899620,+3.46,+27.510, +7.912,+0.976
1628899680,+3.46,+27.518, +7.923,+0.976
1628899740,+3.46,+27.527, +7.900,+0.976
1628899800,+3.46,+27.544, +7.896,+0.976
1628899860,+3.46,+27.527, +7.908,+0.976
1628899920,+3.46,+27.535, +7.933,+0.977
1628899980,+3.46,+27.518, +7.940,+0.976
1628900040,+3.46,+27.535, +7.919,+0.976
1628900100,+3.46,+27.527, +7.908,+0.977
1628900160,+3.46,+27.544, +7.884,+0.976
1628900220,+3.46,+27.544, +7.881,+0.976
1628900280,+3.46,+27.544, +7.867,+0.976
1628900340,+3.46,+27.552, +7.859,+0.976
1628900400,+3.46,+27.552, +7.835,+0.976
1628900460,+3.46,+27.544, +7.830,+0.976
1628900520,+3.46,+27.544, +7.824,+0.976
1628900580,+3.46,+27.552, +7.821,+0.976
1628900640,+3.46,+27.552, +7.817,+0.976
1628900700,+3.46,+27.552, +7.814,+0.976
1628900760,+3.46,+27.552, +7.788,+0.976
1628900820,+3.46,+27.552, +7.780,+0.976
1628900880,+3.46,+27.561, +7.781,+0.976
1628900940,+3.46,+27.578, +7.771,+0.976
1628901000,+3.46,+27.586, +7.778,+0.976
1628901060,+3.46,+27.578, +7.763,+0.975
1628901120,+3.46,+27.586, +7.763,+0.976
1628901180,+3.46,+27.595, +7.751,+0.976
1628901240,+3.46,+27.578, +7.753,+0.976
1628901300,+3.46,+27.586, +7.774,+0.977
1628901360,+3.46,+27.603, +7.750,+0.976
1628901420,+3.46,+27.586, +7.789,+0.976
1628901480,+3.46,+27.578, +7.777,+0.976
1628901540,+3.46,+27.569, +7.787,+0.976
1628901600,+3.46,+27.578, +7.784,+0.976
1628901660,+3.47,+27.595, +7.787,+0.976
1628901720,+3.47,+27.603, +7.797,+0.976
1628901780,+3.46,+27.595, +7.804,+0.976
1628901840,+3.46,+27.586, +7.869,+0.977
1628901900,+3.47,+27.603, +7.859,+0.976
1628901960,+3.46,+27.612, +7.845,+0.977
1628902020,+3.47,+27.620, +7.867,+0.977
1628902080,+3.47,+27.595, +7.867,+0.976
1628902140,+3.47,+27.620, +7.874,+0.976
1628902200,+3.46,+27.595, +7.865,+0.975
1628902260,+3.46,+27.595, +7.880,+0.977
1628902320,+3.46,+27.603, +7.879,+0.976
1628902380,+3.47,+27.603, +7.867,+0.977
1628902440,+3.46,+27.586, +7.850,+0.976
1628902500,+3.47,+27.620, +7.848,+0.976
1628902560,+3.47,+27.620, +7.842,+0.976
1628902620,+3.47,+27.637, +7.828,+0.975
1628902680,+3.47,+27.612, +7.848,+0.977
1628902740,+3.47,+27.620, +7.848,+0.976
1628902800,+3.47,+27.629, +7.842,+0.977
1628902860,+3.47,+27.629, +7.842,+0.977
1628902920,+3.47,+27.637, +7.836,+0.976
1628902980,+3.47,+27.654, +7.827,+0.976
1628903040,+3.47,+27.637, +7.833,+0.976
1628903100,+3.47,+27.646, +7.814,+0.976
1628903160,+3.47,+27.646, +7.824,+0.976
1628903220,+3.47,+27.646, +7.808,+0.976
1628903280,+3.47,+27.646, +7.818,+0.977
1628903340,+3.47,+27.646, +7.816,+0.976
1628903400,+3.47,+27.646, +7.818,+0.977
1628903460,+3.47,+27.646, +7.821,+0.976
1628903520,+3.47,+27.637, +7.815,+0.976
1628903580,+3.47,+27.654, +7.833,+0.977
1628903640,+3.47,+27.646, +7.839,+0.977
1628903700,+3.47,+27.646, +7.827,+0.976
1628903760,+3.47,+27.654, +7.821,+0.976
1628903820,+3.47,+27.637, +7.835,+0.976
1628903880,+3.47,+27.637, +7.827,+0.976
1628903940,+3.47,+27.654, +7.829,+0.977
1628904000,+3.47,+27.629, +7.842,+0.976
1628904060,+3.46,+27.595, +7.847,+0.977
1628904120,+3.47,+27.620, +7.811,+0.977
1628904180,+3.46,+27.612, +7.803,+0.976
1628904240,+3.47,+27.620, +7.808,+0.977
1628904300,+3.47,+27.620, +7.803,+0.976
1628904360,+3.46,+27.603, +7.807,+0.977
1628904420,+3.47,+27.629, +7.788,+0.976
1628904480,+3.47,+27.637, +7.780,+0.976
1628904540,+3.47,+27.620, +7.783,+0.976
1628904600,+3.47,+27.620, +7.780,+0.976
1628904660,+3.47,+27.629, +7.784,+0.977
1628904720,+3.47,+27.629, +7.779,+0.976
1628904780,+3.47,+27.637, +7.796,+0.977
1628904840,+3.47,+27.637, +7.794,+0.977
1628904900,+3.47,+27.637, +7.767,+0.976
1628904960,+3.47,+27.629, +7.780,+0.976
1628905020,+3.47,+27.646, +7.731,+0.976
1628905080,+3.47,+27.654, +7.759,+0.976
1628905140,+3.47,+27.637, +7.780,+0.976
1628905200,+3.47,+27.637, +7.804,+0.976
1628905260,+3.47,+27.629, +7.803,+0.977
1628905320,+3.47,+27.646, +7.782,+0.976
1628905380,+3.47,+27.663, +7.779,+0.977
1628905440,+3.47,+27.654, +7.768,+0.976
1628905500,+3.47,+27.663, +7.770,+0.977
1628905560,+3.47,+27.671, +7.762,+0.977
1628905620,+3.47,+27.671, +7.758,+0.976
1628905680,+3.47,+27.688, +7.773,+0.977
1628905740,+3.47,+27.688, +7.758,+0.977
1628905800,+3.47,+27.680, +7.754,+0.976
1628905860,+3.47,+27.688, +7.744,+0.976
1628905920,+3.47,+27.705, +7.730,+0.977
1628905980,+3.47,+27.705, +7.727,+0.976
1628906040,+3.47,+27.714, +7.722,+0.976
1628906100,+3.47,+27.714, +7.739,+0.976
1628906160,+3.47,+27.697, +7.735,+0.976
1628906220,+3.47,+27.705, +7.729,+0.976
1628906280,+3.47,+27.705, +7.731,+0.976
1628906340,+3.47,+27.722, +7.730,+0.977
1628906400,+3.47,+27.722, +7.727,+0.977
1628906460,+3.47,+27.714, +7.727,+0.977
1628906520,+3.47,+27.731, +7.699,+0.975
1628906580,+3.47,+27.722, +7.712,+0.977
1628906640,+3.47,+27.722, +7.708,+0.976
1628906700,+3.47,+27.731, +7.712,+0.977
1628906760,+3.47,+27.714, +7.726,+0.977
1628906820,+3.47,+27.705, +7.725,+0.976
1628906880,+3.47,+27.688, +7.726,+0.976
1628906940,+3.47,+27.697, +7.717,+0.976
1628907000,+3.47,+27.697, +7.719,+0.976
1628907060,+3.47,+27.705, +7.726,+0.976
1628907120,+3.47,+27.680, +7.764,+0.976
1628907180,+3.47,+27.654, +7.784,+0.977
1628907240,+3.47,+27.654, +7.774,+0.976
1628907300,+3.47,+27.654, +7.760,+0.976
1628907360,+3.47,+27.654, +7.755,+0.976
1628907420,+3.47,+27.654, +7.758,+0.977
1628907480,+3.47,+27.646, +7.759,+0.976
1628907540,+3.47,+27.629, +7.788,+0.976
1628907600,+3.47,+27.629, +7.795,+0.977
1628907660,+3.47,+27.629, +7.793,+0.976
1628907720,+3.47,+27.612, +7.795,+0.977
1628907780,+3.47,+27.620, +7.790,+0.977
1628907840,+3.47,+27.629, +7.794,+0.976
1628907900,+3.47,+27.603, +7.815,+0.976
1628907960,+3.47,+27.603, +7.815,+0.976
1628908020,+3.47,+27.595, +7.820,+0.976
1628908080,+3.47,+27.595, +7.805,+0.976
1628908140,+3.47,+27.620, +7.789,+0.976
1628908200,+3.47,+27.603, +7.809,+0.976
1628908260,+3.47,+27.595, +7.810,+0.976
1628908320,+3.47,+27.603, +7.804,+0.976
1628908380,+3.47,+27.595, +7.800,+0.976
1628908440,+3.47,+27.603, +7.809,+0.976
1628908500,+3.47,+27.586, +7.825,+0.977
1628908560,+3.47,+27.595, +7.809,+0.976
1628908620,+3.47,+27.586, +7.807,+0.976
1628908680,+3.46,+27.586, +7.808,+0.976
1628908740,+3.47,+27.586, +7.822,+0.976
1628908800,+3.47,+27.569, +7.835,+0.976
1628908860,+3.46,+27.569, +7.842,+0.977
1628908920,+3.46,+27.569, +7.847,+0.976
1628908980,+3.46,+27.561, +7.835,+0.976
1628909040,+3.46,+27.561, +7.833,+0.975
1628909100,+3.46,+27.561, +7.862,+0.977
1628909160,+3.46,+27.561, +7.839,+0.976
1628909220,+3.46,+27.544, +7.838,+0.976
1628909280,+3.46,+27.552, +7.819,+0.976
1628909340,+3.46,+27.561, +7.828,+0.976
1628909400,+3.46,+27.544, +7.822,+0.976
1628909460,+3.46,+27.544, +7.869,+0.976
1628909520,+3.46,+27.544, +7.871,+0.976
1628909580,+3.46,+27.527, +7.866,+0.976
1628909640,+3.46,+27.518, +7.837,+0.976
1628909700,+3.46,+27.535, +7.831,+0.975
1628909760,+3.46,+27.527, +7.857,+0.976
1628909820,+3.46,+27.527, +7.878,+0.977
1628909880,+3.46,+27.518, +7.868,+0.976
1628909940,+3.46,+27.527, +7.871,+0.976
1628910000,+3.46,+27.501, +7.864,+0.976
1628910060,+3.46,+27.510, +7.871,+0.976
1628910120,+3.46,+27.510, +7.860,+0.976
1628910180,+3.46,+27.518, +7.840,+0.975
1628910240,+3.46,+27.493, +7.856,+0.976
1628910300,+3.46,+27.510, +7.854,+0.977
1628910360,+3.46,+27.484, +7.865,+0.977
1628910420,+3.46,+27.493, +7.853,+0.976
1628910480,+3.46,+27.476, +7.847,+0.976
1628910540,+3.46,+27.484, +7.856,+0.976
1628910600,+3.46,+27.467, +7.862,+0.976
1628910660,+3.46,+27.476, +7.857,+0.976
1628910720,+3.46,+27.459, +7.878,+0.976
1628910780,+3.46,+27.459, +7.875,+0.977
1628910840,+3.46,+27.459, +7.870,+0.976
1628910900,+3.46,+27.459, +7.891,+0.976
1628910960,+3.46,+27.442, +7.897,+0.976
1628911020,+3.46,+27.433, +7.895,+0.976
1628911080,+3.46,+27.433, +7.878,+0.976
1628911140,+3.46,+27.433, +7.891,+0.976
1628911200,+3.46,+27.450, +7.850,+0.975
1628911260,+3.46,+27.425, +7.880,+0.976
1628911320,+3.46,+27.433, +7.890,+0.977
1628911380,+3.46,+27.416, +7.892,+0.976
1628911440,+3.46,+27.425, +7.899,+0.976
1628911500,+3.46,+27.399, +7.906,+0.976
1628911560,+3.46,+27.408, +7.915,+0.976
1628911620,+3.46,+27.391, +7.931,+0.977
1628911680,+3.46,+27.399, +7.903,+0.976
1628911740,+3.46,+27.399, +7.907,+0.977
1628911800,+3.46,+27.391, +7.906,+0.976
1628911860,+3.46,+27.382, +7.913,+0.976
1628911920,+3.46,+27.374, +7.912,+0.977
1628911980,+3.46,+27.365, +7.893,+0.976
1628912040,+3.46,+27.365, +7.901,+0.977
1628912100,+3.46,+27.357, +7.893,+0.976
1628912160,+3.46,+27.374, +7.891,+0.976
1628912220,+3.46,+27.365, +7.860,+0.975
1628912280,+3.46,+27.357, +7.883,+0.977
1628912340,+3.46,+27.374, +7.873,+0.976
1628912400,+3.46,+27.365, +7.870,+0.976
1628912460,+3.46,+27.365, +7.874,+0.976
1628912520,+3.46,+27.365, +7.894,+0.977
1628912580,+3.46,+27.331, +7.882,+0.976
1628912640,+3.46,+27.365, +7.875,+0.977
1628912700,+3.46,+27.348, +7.865,+0.976
1628912760,+3.46,+27.357, +7.866,+0.976
1628912820,+3.46,+27.348, +7.859,+0.977
1628912880,+3.46,+27.348, +7.838,+0.975
1628912940,+3.46,+27.348, +7.857,+0.976
1628913000,+3.46,+27.348, +7.879,+0.977
1628913060,+3.46,+27.314, +7.873,+0.976
1628913120,+3.46,+27.331, +7.851,+0.975
1628913180,+3.46,+27.331, +7.868,+0.976
1628913240,+3.46,+27.348, +7.864,+0.976
1628913300,+3.46,+27.323, +7.866,+0.976
1628913360,+3.46,+27.323, +7.876,+0.976
1628913420,+3.46,+27.306, +7.885,+0.976
1628913480,+3.46,+27.306, +7.859,+0.976
1628913540,+3.46,+27.306, +7.875,+0.976
1628913600,+3.46,+27.314, +7.856,+0.976
1628913660,+3.46,+27.306, +7.875,+0.977
1628913720,+3.46,+27.306, +7.860,+0.976
1628913780,+3.46,+27.306, +7.836,+0.976
1628913840,+3.46,+27.297, +7.848,+0.976
1628913900,+3.46,+27.289, +7.835,+0.976
1628913960,+3.46,+27.289, +7.834,+0.976
1628914020,+3.46,+27.297, +7.832,+0.976
1628914080,+3.46,+27.297, +7.837,+0.976
1628914140,+3.46,+27.297, +7.819,+0.976
1628914200,+3.46,+27.289, +7.817,+0.976
1628914260,+3.46,+27.280, +7.824,+0.976
1628914320,+3.46,+27.272, +7.823,+0.975
1628914380,+3.46,+27.280, +7.819,+0.976
1628914440,+3.46,+27.272, +7.826,+0.976
1628914500,+3.46,+27.263, +7.835,+0.976
1628914560,+3.46,+27.255, +7.842,+0.976
1628914620,+3.46,+27.272, +7.813,+0.976
1628914680,+3.46,+27.272, +7.832,+0.976
1628914740,+3.46,+27.246, +7.826,+0.975
1628914800,+3.46,+27.263, +7.824,+0.976
1628914860,+3.46,+27.272, +7.815,+0.975
1628914920,+3.46,+27.238, +7.831,+0.976
1628914980,+3.46,+27.229, +7.782,+0.975
1628915040,+3.46,+27.255, +7.765,+0.976
1628915100,+3.46,+27.246, +7.796,+0.975
1628915160,+3.46,+27.221, +7.816,+0.976
1628915220,+3.47,+27.204, +7.817,+0.976
1628915280,+3.46,+27.212, +7.799,+0.976
1628915340,+3.46,+27.221, +7.806,+0.976
1628915400,+3.46,+27.229, +7.819,+0.976
1628915460,+3.46,+27.221, +7.815,+0.976
1628915520,+3.46,+27.221, +7.814,+0.976
1628915580,+3.46,+27.221, +7.801,+0.976
1628915640,+3.46,+27.221, +7.800,+0.976
1628915700,+3.46,+27.204, +7.796,+0.976
1628915760,+3.46,+27.229, +7.813,+0.976
1628915820,+3.46,+27.212, +7.818,+0.976
1628915880,+3.46,+27.212, +7.810,+0.975
1628915940,+3.46,+27.221, +7.811,+0.976
1628916000,+3.46,+27.212, +7.801,+0.975
1628916060,+3.46,+27.212, +7.805,+0.976
1628916120,+3.46,+27.187, +7.810,+0.976
1628916180,+3.46,+27.204, +7.797,+0.976
1628916240,+3.46,+27.195, +7.811,+0.976
1628916300,+3.46,+27.204, +7.805,+0.976
1628916360,+3.46,+27.204, +7.803,+0.976
1628916420,+3.46,+27.204, +7.821,+0.977
1628916480,+3.47,+27.187, +7.817,+0.976
1628916540,+3.46,+27.187, +7.802,+0.976
1628916600,+3.46,+27.178, +7.808,+0.976
1628916660,+3.46,+27.178, +7.790,+0.975
1628916720,+3.46,+27.170, +7.798,+0.976
1628916780,+3.46,+27.178, +7.788,+0.976
1628916840,+3.46,+27.170, +7.787,+0.976
1628916900,+3.46,+27.178, +7.769,+0.976
1628916960,+3.46,+27.161, +7.776,+0.976
1628917020,+3.46,+27.187, +7.756,+0.975
1628917080,+3.46,+27.153, +7.776,+0.976
1628917140,+3.47,+27.153, +7.761,+0.976
1628917200,+3.46,+27.178, +7.746,+0.976
1628917260,+3.46,+27.178, +7.757,+0.976
1628917320,+3.47,+27.178, +7.739,+0.975
1628917380,+3.46,+27.178, +7.760,+0.976
1628917440,+3.46,+27.195, +7.753,+0.976
1628917500,+3.46,+27.178, +7.758,+0.976
1628917560,+3.46,+27.195, +7.736,+0.975
1628917620,+3.47,+27.161, +7.762,+0.976
1628917680,+3.46,+27.170, +7.761,+0.976
1628917740,+3.46,+27.170, +7.747,+0.975
1628917800,+3.47,+27.170, +7.748,+0.975
1628917860,+3.46,+27.178, +7.770,+0.976
1628917920,+3.46,+27.178, +7.762,+0.975
1628917980,+3.46,+27.161, +7.768,+0.975
1628918040,+3.47,+27.161, +7.775,+0.975
1628918100,+3.46,+27.153, +7.778,+0.976
1628918160,+3.46,+27.153, +7.775,+0.976
1628918220,+3.47,+27.136, +7.775,+0.976
1628918280,+3.47,+27.144, +7.768,+0.976
1628918340,+3.46,+27.128, +7.774,+0.975
1628918400,+3.46,+27.128, +7.734,+0.976
1628918460,+3.47,+27.128, +7.764,+0.976
1628918520,+3.47,+27.102, +7.784,+0.976
1628918580,+3.46,+27.128, +7.757,+0.976
1628918640,+3.46,+27.128, +7.740,+0.975
1628918700,+3.46,+27.119, +7.752,+0.976
1628918760,+3.47,+27.119, +7.761,+0.976
1628918820,+3.46,+27.128, +7.763,+0.975
1628918880,+3.47,+27.119, +7.744,+0.976
1628918940,+3.47,+27.111, +7.751,+0.976
1628919000,+3.47,+27.119, +7.749,+0.976
1628919060,+3.47,+27.102, +7.741,+0.976
1628919120,+3.46,+27.119, +7.745,+0.976
1628919180,+3.47,+27.102, +7.754,+0.975
1628919240,+3.47,+27.094, +7.774,+0.976
1628919300,+3.47,+27.119, +7.733,+0.975
1628919360,+3.47,+27.094, +7.752,+0.976
1628919420,+3.47,+27.094, +7.744,+0.975
1628919480,+3.47,+27.094, +7.762,+0.976
1628919540,+3.47,+27.094, +7.751,+0.975
1628919600,+3.47,+27.077, +7.753,+0.976
1628919660,+3.47,+27.094, +7.701,+0.976
1628919720,+3.47,+27.094, +7.716,+0.975
1628919780,+3.47,+27.094, +7.725,+0.975
1628919840,+3.47,+27.094, +7.737,+0.976
1628919900,+3.47,+27.094, +7.721,+0.975
1628919960,+3.46,+27.094, +7.728,+0.976
1628920020,+3.47,+27.077, +7.718,+0.975
1628920080,+3.47,+27.068, +7.731,+0.976
1628920140,+3.47,+27.085, +7.720,+0.975
1628920200,+3.47,+27.077, +7.712,+0.976
1628920260,+3.47,+27.085, +7.698,+0.975
1628920320,+3.47,+27.051, +7.721,+0.976
1628920380,+3.47,+27.060, +7.708,+0.975
1628920440,+3.47,+27.051, +7.709,+0.976
1628920500,+3.47,+27.060, +7.695,+0.975
1628920560,+3.47,+27.060, +7.685,+0.976
1628920620,+3.47,+27.060, +7.687,+0.976
1628920680,+3.47,+27.043, +7.681,+0.976
1628920740,+3.47,+27.060, +7.691,+0.976
1628920800,+3.47,+27.051, +7.697,+0.976
1628920860,+3.47,+27.051, +7.688,+0.975
1628920920,+3.47,+27.043, +7.681,+0.975
1628920980,+3.47,+27.051, +7.680,+0.975
1628921040,+3.47,+27.034, +7.695,+0.976
1628921100,+3.47,+27.043, +7.679,+0.976
1628921160,+3.47,+27.017, +7.687,+0.975
1628921220,+3.47,+27.026, +7.685,+0.975
1628921280,+3.47,+27.043, +7.627,+0.976
1628921340,+3.47,+27.017, +7.671,+0.976
1628921400,+3.47,+27.051, +7.670,+0.976
1628921460,+3.47,+27.009, +7.686,+0.975
1628921520,+3.47,+27.009, +7.688,+0.975
1628921580,+3.47,+27.009, +7.668,+0.975
1628921640,+3.47,+27.034, +7.677,+0.976
1628921700,+3.47,+27.009, +7.692,+0.976
1628921760,+3.47,+27.000, +7.532,+0.975
1628921820,+3.47,+26.992, +7.663,+0.975
1628921880,+3.47,+27.009, +7.668,+0.976
1628921940,+3.47,+27.000, +7.637,+0.975
1628922000,+3.47,+26.992, +7.686,+0.976
1628922060,+3.47,+26.975, +7.650,+0.975
1628922120,+3.47,+26.992, +7.676,+0.975
1628922180,+3.47,+26.983, +7.646,+0.976
1628922240,+3.47,+27.000, +7.653,+0.975
1628922300,+3.47,+26.992, +7.618,+0.975
1628922360,+3.47,+26.992, +7.642,+0.975
1628922420,+3.47,+26.992, +7.633,+0.975
1628922480,+3.47,+27.000, +7.636,+0.975
1628922540,+3.47,+27.000, +7.625,+0.975
1628922600,+3.47,+26.992, +7.639,+0.976
1628922660,+3.47,+27.000, +7.611,+0.975
1628922720,+3.47,+26.992, +7.640,+0.976
1628922780,+3.47,+27.000, +7.635,+0.975
1628922840,+3.47,+27.000, +7.625,+0.975
1628922900,+3.47,+27.009, +7.629,+0.975
1628922960,+3.47,+26.992, +7.640,+0.976
1628923020,+3.47,+26.992, +7.637,+0.975
1628923080,+3.47,+26.975, +7.622,+0.975
1628923140,+3.47,+26.983, +7.625,+0.975
1628923200,+3.47,+26.983, +7.625,+0.975
1628923260,+3.47,+26.983, +7.624,+0.975
1628923320,+3.47,+26.975, +7.667,+0.976
1628923380,+3.47,+26.983, +7.613,+0.975
1628923440,+3.47,+26.949, +7.636,+0.975
1628923500,+3.47,+26.983, +7.617,+0.975
1628923560,+3.47,+26.966, +7.605,+0.975
1628923620,+3.47,+26.958, +7.524,+0.975
1628923680,+3.47,+26.958, +7.657,+0.975
1628923740,+3.47,+26.975, +7.603,+0.976
1628923800,+3.47,+26.941, +7.608,+0.975
1628923860,+3.47,+26.941, +7.624,+0.975
1628923920,+3.47,+26.958, +7.618,+0.975
1628923980,+3.47,+26.941, +7.559,+0.975
1628924040,+3.47,+26.958, +7.562,+0.976
1628924100,+3.47,+26.924, +7.605,+0.975
1628924160,+3.47,+26.941, +7.587,+0.975
1628924220,+3.47,+26.941, +7.576,+0.975
1628924280,+3.47,+26.932, +7.594,+0.976
1628924340,+3.47,+26.924, +7.616,+0.976
1628924400,+3.47,+26.932, +7.614,+0.975
1628924460,+3.47,+26.907, +7.604,+0.975
1628924520,+3.47,+26.949, +7.593,+0.975
1628924580,+3.47,+26.924, +7.630,+0.976
1628924640,+3.47,+26.916, +7.617,+0.975
1628924700,+3.47,+26.907, +7.614,+0.975
1628924760,+3.47,+26.907, +7.598,+0.976
1628924820,+3.47,+26.916, +7.607,+0.975
1628924880,+3.47,+26.916, +7.600,+0.975
1628924940,+3.47,+26.907, +7.594,+0.975
1628925000,+3.47,+26.907, +7.612,+0.975
1628925060,+3.47,+26.890, +7.655,+0.976
1628925120,+3.47,+26.890, +7.633,+0.976
1628925180,+3.47,+26.907, +7.549,+0.974
1628925240,+3.47,+26.899, +7.586,+0.975
1628925300,+3.47,+26.899, +7.608,+0.975
1628925360,+3.47,+26.890, +7.583,+0.975
1628925420,+3.47,+26.882, +7.600,+0.975
1628925480,+3.47,+26.882, +7.597,+0.976
1628925540,+3.47,+26.907, +7.560,+0.976
1628925600,+3.47,+26.882, +7.582,+0.975
1628925660,+3.47,+26.865, +7.567,+0.975
1628925720,+3.47,+26.873, +7.599,+0.976
1628925780,+3.47,+26.865, +7.607,+0.975
1628925840,+3.47,+26.856, +7.592,+0.975
1628925900,+3.47,+26.848, +7.601,+0.975
1628925960,+3.47,+26.856, +7.470,+0.974
1628926020,+3.47,+26.856, +7.570,+0.976
1628926080,+3.47,+26.848, +7.582,+0.976
1628926140,+3.47,+26.865, +7.567,+0.975
1628926200,+3.47,+26.839, +7.580,+0.975
1628926260,+3.47,+26.848, +7.575,+0.975
1628926320,+3.47,+26.839, +7.604,+0.976
1628926380,+3.47,+26.839, +7.621,+0.975
1628926440,+3.47,+26.839, +7.593,+0.976
1628926500,+3.47,+26.831, +7.590,+0.976
1628926560,+3.47,+26.831, +7.568,+0.975
1628926620,+3.47,+26.848, +7.493,+0.974
1628926680,+3.47,+26.831, +7.567,+0.975
1628926740,+3.47,+26.839, +7.577,+0.975
1628926800,+3.47,+26.839, +7.588,+0.975
1628926860,+3.47,+26.831, +7.581,+0.975
1628926920,+3.47,+26.814, +7.585,+0.974
1628926980,+3.47,+26.822, +7.601,+0.975
1628927040,+3.47,+26.822, +7.558,+0.975
1628927100,+3.47,+26.822, +7.584,+0.975
1628927160,+3.47,+26.814, +7.588,+0.975
1628927220,+3.47,+26.814, +7.575,+0.975
1628927280,+3.47,+26.805, +7.585,+0.975
1628927340,+3.47,+26.805, +7.584,+0.975
1628927400,+3.47,+26.814, +7.574,+0.975
1628927460,+3.47,+26.805, +7.599,+0.976
1628927520,+3.47,+26.797, +7.552,+0.975
1628927580,+3.47,+26.814, +7.540,+0.975
1628927640,+3.47,+26.805, +7.531,+0.976
1628927700,+3.47,+26.805, +7.528,+0.975
1628927760,+3.47,+26.805, +7.459,+0.975
1628927820,+3.47,+26.797, +7.553,+0.975
1628927880,+3.47,+26.797, +7.565,+0.976
1628927940,+3.47,+26.814, +7.550,+0.975
1628928000,+3.47,+26.780, +7.576,+0.975
1628928060,+3.47,+26.822, +7.585,+0.975
1628928120,+3.47,+26.780, +7.603,+0.975
1628928180,+3.47,+26.780, +7.582,+0.975
1628928240,+3.47,+26.755, +7.619,+0.975
1628928300,+3.47,+26.772, +7.579,+0.975
1628928360,+3.47,+26.780, +7.524,+0.975
1628928420,+3.47,+26.788, +7.517,+0.975
1628928480,+3.47,+26.772, +7.558,+0.976
1628928540,+3.47,+26.788, +7.527,+0.975
1628928600,+3.47,+26.788, +7.529,+0.975
1628928660,+3.47,+26.797, +7.546,+0.976
1628928720,+3.47,+26.788, +7.546,+0.974
1628928780,+3.47,+26.772, +7.582,+0.975
1628928840,+3.47,+26.738, +7.528,+0.975
1628928900,+3.47,+26.763, +7.528,+0.975
1628928960,+3.47,+26.755, +7.542,+0.974
1628929020,+3.47,+26.763, +7.553,+0.974
1628929080,+3.47,+26.763, +7.579,+0.975
1628929140,+3.47,+26.746, +7.589,+0.976
1628929200,+3.47,+26.746, +7.605,+0.975
1628929260,+3.47,+26.746, +7.513,+0.975
1628929320,+3.47,+26.729, +7.561,+0.975
1628929380,+3.47,+26.738, +7.584,+0.975
1628929440,+3.47,+26.738, +7.541,+0.975
1628929500,+3.47,+26.738, +7.498,+0.975
1628929560,+3.47,+26.755, +7.473,+0.975
1628929620,+3.47,+26.746, +7.505,+0.975
1628929680,+3.47,+26.746, +7.522,+0.975
1628929740,+3.47,+26.729, +7.546,+0.976
1628929800,+3.47,+26.721, +7.569,+0.975
1628929860,+3.47,+26.729, +7.535,+0.975
1628929920,+3.47,+26.729, +7.531,+0.975
1628929980,+3.47,+26.721, +7.523,+0.975
1628930040,+3.47,+26.729, +7.509,+0.975
1628930100,+3.47,+26.746, +7.494,+0.974
1628930160,+3.47,+26.721, +7.496,+0.975
1628930220,+3.47,+26.712, +7.514,+0.975
1628930280,+3.47,+26.746, +7.490,+0.975
1628930340,+3.47,+26.729, +7.414,+0.975
1628930400,+3.47,+26.738, +7.506,+0.975
1628930460,+3.47,+26.712, +7.508,+0.975
1628930520,+3.47,+26.712, +7.508,+0.974
1628930580,+3.47,+26.712, +7.520,+0.975
1628930640,+3.47,+26.712, +7.494,+0.975
1628930700,+3.47,+26.721, +7.532,+0.975
1628930760,+3.47,+26.704, +7.551,+0.975
1628930820,+3.47,+26.721, +7.546,+0.975
1628930880,+3.47,+26.704, +7.524,+0.975
1628930940,+3.47,+26.704, +7.520,+0.974
1628931000,+3.47,+26.712, +7.480,+0.975
1628931060,+3.47,+26.712, +7.499,+0.975
1628931120,+3.47,+26.712, +7.519,+0.975
1628931180,+3.47,+26.704, +7.530,+0.975
1628931240,+3.47,+26.704, +7.540,+0.975
1628931300,+3.47,+26.704, +7.558,+0.975
1628931360,+3.47,+26.721, +7.506,+0.975
1628931420,+3.47,+26.712, +7.501,+0.976
1628931480,+3.47,+26.721, +7.506,+0.975
1628931540,+3.47,+26.721, +7.507,+0.975
1628931600,+3.47,+26.729, +7.506,+0.975
1628931660,+3.47,+26.704, +7.527,+0.975
1628931720,+3.47,+26.721, +7.535,+0.975
1628931780,+3.47,+26.704, +7.519,+0.974
1628931840,+3.47,+26.695, +7.538,+0.975
1628931900,+3.47,+26.712, +7.526,+0.975
1628931960,+3.47,+26.695, +7.553,+0.976
1628932020,+3.47,+26.695, +7.555,+0.975
1628932080,+3.47,+26.712, +7.506,+0.975
1628932140,+3.47,+26.695, +7.570,+0.975
1628932200,+3.47,+26.687, +7.542,+0.974
1628932260,+3.47,+26.687, +7.529,+0.975
1628932320,+3.47,+26.704, +7.540,+0.975
1628932380,+3.47,+26.704, +7.506,+0.975
1628932440,+3.47,+26.687, +7.528,+0.974
1628932500,+3.47,+26.704, +7.451,+0.975
1628932560,+3.47,+26.704, +7.514,+0.975
1628932620,+3.47,+26.687, +7.537,+0.975
1628932680,+3.47,+26.695, +7.507,+0.975
1628932740,+3.47,+26.695, +7.534,+0.975
1628932800,+3.47,+26.695, +7.493,+0.975
1628932860,+3.47,+26.704, +7.492,+0.975
1628932920,+3.47,+26.678, +7.525,+0.974
1628932980,+3.47,+26.678, +7.499,+0.975
1628933040,+3.47,+26.704, +7.540,+0.975
1628933100,+3.47,+26.687, +7.504,+0.975
1628933160,+3.47,+26.687, +7.497,+0.975
1628933220,+3.47,+26.687, +7.515,+0.974
1628933280,+3.47,+26.687, +7.546,+0.975
1628933340,+3.47,+26.678, +7.568,+0.975
1628933400,+3.47,+26.687, +7.526,+0.975
1628933460,+3.47,+26.704, +7.467,+0.975
1628933520,+3.47,+26.687, +7.480,+0.975
1628933580,+3.47,+26.695, +7.490,+0.975
1628933640,+3.47,+26.678, +7.525,+0.975
1628933700,+3.47,+26.687, +7.524,+0.975
1628933760,+3.47,+26.678, +7.529,+0.975
1628933820,+3.47,+26.670, +7.537,+0.974
1628933880,+3.47,+26.661, +7.544,+0.974
1628933940,+3.47,+26.670, +7.507,+0.975
1628934000,+3.47,+26.678, +7.479,+0.975
1628934060,+3.47,+26.687, +7.477,+0.974
1628934120,+3.47,+26.678, +7.469,+0.975
1628934180,+3.47,+26.678, +7.503,+0.975
1628934240,+3.47,+26.678, +7.474,+0.975
1628934300,+3.47,+26.678, +7.478,+0.974
1628934360,+3.47,+26.661, +7.546,+0.975
1628934420,+3.47,+26.661, +7.544,+0.975
1628934480,+3.47,+26.653, +7.550,+0.974
1628934540,+3.47,+26.661, +7.511,+0.975
1628934600,+3.47,+26.661, +7.487,+0.975
1628934660,+3.47,+26.687, +7.379,+0.974
1628934720,+3.47,+26.678, +7.481,+0.975
1628934780,+3.47,+26.678, +7.480,+0.975
1628934840,+3.47,+26.661, +7.490,+0.974
1628934900,+3.47,+26.687, +7.486,+0.974
1628934960,+3.47,+26.653, +7.516,+0.974
1628935020,+3.47,+26.661, +7.513,+0.975
1628935080,+3.47,+26.678, +7.474,+0.975
1628935140,+3.47,+26.704, +7.450,+0.974
1628935200,+3.47,+26.670, +7.517,+0.974
1628935260,+3.47,+26.670, +7.484,+0.975
1628935320,+3.47,+26.678, +7.518,+0.975
1628935380,+3.47,+26.670, +7.524,+0.974
1628935440,+3.47,+26.661, +7.494,+0.975
1628935500,+3.47,+26.678, +7.514,+0.975
1628935560,+3.47,+26.670, +7.528,+0.975
1628935620,+3.47,+26.661, +7.490,+0.974
1628935680,+3.47,+26.653, +7.492,+0.975
1628935740,+3.47,+26.678, +7.485,+0.975
1628935800,+3.47,+26.670, +7.485,+0.975
1628935860,+3.47,+26.678, +7.468,+0.974
1628935920,+3.47,+26.653, +7.427,+0.974
1628935980,+3.47,+26.636, +7.498,+0.975
1628936040,+3.47,+26.636, +7.517,+0.975
1628936100,+3.47,+26.645, +7.493,+0.974
1628936160,+3.47,+26.619, +7.529,+0.974
1628936220,+3.47,+26.661, +7.455,+0.975
1628936280,+3.47,+26.645, +7.463,+0.975
1628936340,+3.47,+26.661, +7.454,+0.975
1628936400,+3.47,+26.645, +7.494,+0.974
1628936460,+3.47,+26.653, +7.439,+0.974
1628936520,+3.47,+26.653, +7.496,+0.975
1628936580,+3.47,+26.645, +7.437,+0.975
1628936640,+3.47,+26.653, +7.462,+0.975
1628936700,+3.47,+26.645, +7.413,+0.975
1628936760,+3.47,+26.645, +7.484,+0.975
1628936820,+3.47,+26.645, +7.424,+0.974
1628936880,+3.47,+26.670, +7.444,+0.975
1628936940,+3.47,+26.653, +7.443,+0.975
1628937000,+3.47,+26.661, +7.440,+0.975
1628937060,+3.47,+26.636, +7.402,+0.975
1628937120,+3.47,+26.645, +7.465,+0.975
1628937180,+3.47,+26.636, +7.451,+0.975
1628937240,+3.47,+26.628, +7.482,+0.975
1628937300,+3.47,+26.636, +7.459,+0.975
1628937360,+3.47,+26.611, +7.481,+0.975
1628937420,+3.47,+26.619, +7.458,+0.975
1628937480,+3.47,+26.602, +7.471,+0.974
1628937540,+3.47,+26.628, +7.375,+0.974
1628937600,+3.47,+26.645, +7.429,+0.974
1628937660,+3.47,+26.636, +7.454,+0.975
1628937720,+3.47,+26.636, +7.387,+0.975
1628937780,+3.47,+26.653, +7.393,+0.975
1628937840,+3.47,+26.645, +7.399,+0.975
1628937900,+3.47,+26.645, +7.431,+0.975
1628937960,+3.47,+26.645, +7.406,+0.974
1628938020,+3.47,+26.636, +7.400,+0.975
1628938080,+3.47,+26.645, +7.456,+0.974
1628938140,+3.47,+26.611, +7.480,+0.975
1628938200,+3.47,+26.611, +7.467,+0.974
1628938260,+3.47,+26.602, +7.443,+0.975
1628938320,+3.47,+26.611, +7.438,+0.975
1628938380,+3.47,+26.619, +7.461,+0.975
1628938440,+3.47,+26.619, +7.397,+0.975
1628938500,+3.47,+26.645, +7.322,+0.975
1628938560,+3.47,+26.628, +7.463,+0.974
1628938620,+3.47,+26.611, +7.420,+0.975
1628938680,+3.47,+26.628, +7.427,+0.975
1628938740,+3.47,+26.602, +7.416,+0.974
1628938800,+3.47,+26.611, +7.429,+0.974
1628938860,+3.47,+26.628, +7.462,+0.975
1628938920,+3.47,+26.611, +7.446,+0.975
1628938980,+3.47,+26.636, +7.410,+0.975
1628939040,+3.47,+26.636, +7.419,+0.975
1628939100,+3.47,+26.636, +7.427,+0.975
1628939160,+3.47,+26.645, +7.443,+0.975
1628939220,+3.47,+26.636, +7.432,+0.975
1628939280,+3.47,+26.628, +7.434,+0.974
1628939340,+3.47,+26.645, +7.433,+0.975
1628939400,+3.47,+26.628, +7.466,+0.975
1628939460,+3.47,+26.628, +7.485,+0.975
1628939520,+3.47,+26.619, +7.498,+0.975
1628939580,+3.47,+26.636, +7.458,+0.974
1628939640,+3.47,+26.645, +7.437,+0.975
1628939700,+3.47,+26.628, +7.417,+0.975
1628939760,+3.47,+26.628, +7.447,+0.975
1628939820,+3.47,+26.628, +7.466,+0.974
1628939880,+3.47,+26.636, +7.458,+0.974
1628939940,+3.47,+26.619, +7.470,+0.974
1628940000,+3.47,+26.619, +7.478,+0.975
1628940060,+3.47,+26.611, +7.487,+0.975
1628940120,+3.47,+26.602, +7.450,+0.975
1628940180,+3.47,+26.611, +7.520,+0.975
1628940240,+3.47,+26.619, +7.446,+0.975
1628940300,+3.47,+26.636, +7.450,+0.974
1628940360,+3.47,+26.628, +7.428,+0.975
1628940420,+3.47,+26.619, +7.379,+0.975
1628940480,+3.47,+26.628, +7.429,+0.974
1628940540,+3.47,+26.602, +7.470,+0.975
1628940600,+3.47,+26.619, +7.453,+0.974
1628940660,+3.47,+26.611, +7.458,+0.974
1628940720,+3.47,+26.602, +7.469,+0.975
1628940780,+3.47,+26.602, +7.475,+0.975
1628940840,+3.47,+26.611, +7.461,+0.975
1628940900,+3.47,+26.611, +7.460,+0.974
1628940960,+3.47,+26.602, +7.447,+0.974
1628941020,+3.47,+26.585, +7.471,+0.974
1628941080,+3.47,+26.602, +7.478,+0.975
1628941140,+3.47,+26.602, +7.469,+0.975
1628941200,+3.47,+26.602, +7.483,+0.975
1628941260,+3.47,+26.602, +7.475,+0.975
1628941320,+3.47,+26.611, +7.444,+0.974
1628941380,+3.47,+26.619, +7.471,+0.975
1628941440,+3.47,+26.594, +7.521,+0.975
1628941500,+3.47,+26.594, +7.498,+0.975
1628941560,+3.47,+26.602, +7.472,+0.975
1628941620,+3.47,+26.594, +7.429,+0.975
1628941680,+3.47,+26.619, +7.449,+0.974
1628941740,+3.47,+26.611, +7.465,+0.975
1628941800,+3.47,+26.619, +7.487,+0.975
1628941860,+3.47,+26.602, +7.504,+0.975
1628941920,+3.47,+26.602, +7.477,+0.975
1628941980,+3.47,+26.594, +7.482,+0.975
1628942040,+3.47,+26.611, +7.490,+0.975
1628942100,+3.47,+26.619, +7.468,+0.975
1628942160,+3.47,+26.611, +7.507,+0.974
1628942220,+3.47,+26.594, +7.497,+0.975
1628942280,+3.47,+26.594, +7.532,+0.975
1628942340,+3.47,+26.602, +7.449,+0.975
1628942400,+3.47,+26.602, +7.466,+0.975
1628942460,+3.47,+26.585, +7.499,+0.975
1628942520,+3.47,+26.619, +7.467,+0.975
1628942580,+3.47,+26.611, +7.484,+0.975
1628942640,+3.47,+26.594, +7.509,+0.975
1628942700,+3.47,+26.577, +7.476,+0.974
1628942760,+3.47,+26.619, +7.390,+0.974
1628942820,+3.47,+26.619, +7.405,+0.975
1628942880,+3.47,+26.619, +7.418,+0.974
1628942940,+3.47,+26.619, +7.419,+0.974
1628943000,+3.47,+26.611, +7.454,+0.975
1628943060,+3.47,+26.619, +7.440,+0.975
1628943120,+3.47,+26.602, +7.468,+0.975
1628943180,+3.47,+26.577, +7.477,+0.975
1628943240,+3.47,+26.594, +7.443,+0.975
1628943300,+3.47,+26.602, +7.424,+0.974
1628943360,+3.47,+26.602, +7.513,+0.975
1628943420,+3.47,+26.594, +7.485,+0.974
1628943480,+3.47,+26.594, +7.482,+0.975
1628943540,+3.47,+26.602, +7.456,+0.974
1628943600,+3.47,+26.619, +7.430,+0.974
1628943660,+3.47,+26.585, +7.494,+0.975
1628943720,+3.47,+26.594, +7.474,+0.974
1628943780,+3.47,+26.611, +7.450,+0.975
1628943840,+3.47,+26.602, +7.474,+0.975
1628943900,+3.47,+26.577, +7.523,+0.975
1628943960,+3.47,+26.602, +7.434,+0.975
1628944020,+3.47,+26.611, +7.455,+0.975
1628944080,+3.47,+26.585, +7.474,+0.975
1628944140,+3.47,+26.577, +7.492,+0.975
1628944200,+3.47,+26.585, +7.448,+0.975
1628944260,+3.47,+26.577, +7.503,+0.975
1628944320,+3.47,+26.568, +7.487,+0.974
1628944380,+3.47,+26.585, +7.466,+0.975
1628944440,+3.47,+26.577, +7.474,+0.975
1628944500,+3.47,+26.585, +7.441,+0.975
1628944560,+3.47,+26.611, +7.355,+0.974
1628944620,+3.47,+26.628, +7.371,+0.975
1628944680,+3.47,+26.594, +7.421,+0.974
1628944740,+3.47,+26.602, +7.409,+0.975
1628944800,+3.47,+26.602, +7.408,+0.975
1628944860,+3.47,+26.602, +7.418,+0.974
1628944920,+3.47,+26.585, +7.469,+0.975
1628944980,+3.47,+26.577, +7.476,+0.974
1628945040,+3.47,+26.577, +7.498,+0.974
1628945100,+3.47,+26.560, +7.478,+0.974
1628945160,+3.47,+26.551, +7.442,+0.974
1628945220,+3.47,+26.577, +7.443,+0.975
1628945280,+3.47,+26.577, +7.466,+0.975
1628945340,+3.47,+26.577, +7.431,+0.974
1628945400,+3.47,+26.602, +7.435,+0.974
1628945460,+3.47,+26.594, +7.498,+0.975
1628945520,+3.47,+26.577, +7.478,+0.974
1628945580,+3.47,+26.560, +7.514,+0.975
1628945640,+3.47,+26.568, +7.476,+0.974
1628945700,+3.47,+26.560, +7.512,+0.975
1628945760,+3.47,+26.560, +7.482,+0.974
1628945820,+3.47,+26.577, +7.464,+0.975
1628945880,+3.47,+26.568, +7.533,+0.975
1628945940,+3.47,+26.551, +7.540,+0.975
1628946000,+3.47,+26.585, +7.465,+0.974
1628946060,+3.47,+26.611, +7.446,+0.974
1628946120,+3.47,+26.585, +7.520,+0.975
1628946180,+3.47,+26.585, +7.536,+0.975
1628946240,+3.47,+26.560, +7.492,+0.974
1628946300,+3.47,+26.594, +7.485,+0.975
1628946360,+3.47,+26.568, +7.498,+0.975
1628946420,+3.47,+26.602, +7.489,+0.974
1628946480,+3.47,+26.585, +7.514,+0.975
1628946540,+3.47,+26.602, +7.461,+0.975
1628946600,+3.47,+26.611, +7.457,+0.975
1628946660,+3.47,+26.611, +7.464,+0.975
1628946720,+3.47,+26.611, +7.316,+0.974
1628946780,+3.47,+26.594, +7.475,+0.975
1628946840,+3.47,+26.619, +7.485,+0.975
1628946900,+3.47,+26.602, +7.457,+0.974
1628946960,+3.47,+26.602, +7.435,+0.974
1628947020,+3.47,+26.628, +7.450,+0.975
1628947080,+3.47,+26.611, +7.418,+0.974
1628947140,+3.47,+26.611, +7.434,+0.975
1628947200,+3.47,+26.585, +7.461,+0.975
1628947260,+3.47,+26.594, +7.461,+0.975
1628947320,+3.47,+26.594, +7.445,+0.975
1628947380,+3.47,+26.611, +7.434,+0.975
1628947440,+3.47,+26.611, +7.435,+0.974
1628947500,+3.47,+26.611, +7.450,+0.975
1628947560,+3.47,+26.611, +7.455,+0.975
1628947620,+3.47,+26.602, +7.445,+0.974
1628947680,+3.47,+26.611, +7.446,+0.975
1628947740,+3.47,+26.585, +7.443,+0.974
1628947800,+3.47,+26.602, +7.471,+0.975
1628947860,+3.47,+26.594, +7.421,+0.975
1628947920,+3.47,+26.611, +7.415,+0.975
1628947980,+3.47,+26.594, +7.457,+0.974
1628948040,+3.47,+26.602, +7.455,+0.975
1628948100,+3.47,+26.611, +7.443,+0.975
1628948160,+3.47,+26.594, +7.461,+0.975
1628948220,+3.47,+26.611, +7.367,+0.975
1628948280,+3.47,+26.585, +7.472,+0.975
1628948340,+3.47,+26.602, +7.443,+0.975
1628948400,+3.47,+26.611, +7.457,+0.975
1628948460,+3.47,+26.568, +7.502,+0.975
1628948520,+3.47,+26.602, +7.450,+0.975
1628948580,+3.47,+26.602, +7.438,+0.975
1628948640,+3.47,+26.602, +7.401,+0.974
1628948700,+3.47,+26.577, +7.507,+0.975
1628948760,+3.47,+26.568, +7.465,+0.974
1628948820,+3.47,+26.577, +7.473,+0.974
1628948880,+3.47,+26.602, +7.381,+0.975
1628948940,+3.47,+26.594, +7.394,+0.974
1628949000,+3.47,+26.594, +7.443,+0.975
1628949060,+3.47,+26.585, +7.430,+0.975
1628949120,+3.47,+26.594, +7.385,+0.974
1628949180,+3.47,+26.594, +7.355,+0.974
1628949240,+3.47,+26.594, +7.414,+0.974
1628949300,+3.47,+26.585, +7.409,+0.974
1628949360,+3.47,+26.568, +7.427,+0.975
1628949420,+3.47,+26.585, +7.415,+0.975
1628949480,+3.47,+26.568, +7.432,+0.974
1628949540,+3.47,+26.568, +7.399,+0.974
1628949600,+3.47,+26.585, +7.350,+0.975
1628949660,+3.47,+26.568, +7.409,+0.974
1628949720,+3.47,+26.560, +7.373,+0.974
1628949780,+3.47,+26.560, +7.379,+0.974
1628949840,+3.47,+26.551, +7.343,+0.974
1628949900,+3.47,+26.585, +7.300,+0.975
1628949960,+3.47,+26.594, +7.305,+0.975
1628950020,+3.47,+26.568, +7.386,+0.975
1628950080,+3.47,+26.577, +7.351,+0.974
1628950140,+3.47,+26.543, +7.291,+0.975
1628950200,+3.47,+26.551, +7.248,+0.974
1628950260,+3.47,+26.560, +7.296,+0.975
1628950320,+3.47,+26.560, +7.333,+0.974
1628950380,+3.47,+26.535, +7.358,+0.974
1628950440,+3.46,+26.535, +7.361,+0.974
1628950500,+3.46,+26.543, +7.333,+0.975
1628950560,+3.47,+26.551, +7.308,+0.975
1628950620,+3.47,+26.568, +7.317,+0.975
1628950680,+3.47,+26.551, +7.316,+0.974
1628950740,+3.46,+26.551, +7.353,+0.975
1628950800,+3.46,+26.526, +7.369,+0.975
1628950860,+3.46,+26.518, +7.368,+0.974
1628950920,+3.46,+26.518, +7.366,+0.974
1628950980,+3.46,+26.526, +7.320,+0.975
1628951040,+3.47,+26.543, +7.332,+0.974
1628951100,+3.47,+26.543, +7.316,+0.975
1628951160,+3.46,+26.535, +7.344,+0.974
1628951220,+3.46,+26.543, +7.386,+0.975
1628951280,+3.46,+26.535, +7.398,+0.975
1628951340,+3.46,+26.518, +7.387,+0.974
1628951400,+3.46,+26.501, +7.339,+0.974
1628951460,+3.46,+26.501, +7.417,+0.974
1628951520,+3.46,+26.484, +7.439,+0.974
1628951580,+3.46,+26.484, +7.416,+0.975
1628951640,+3.46,+26.518, +7.332,+0.974
1628951700,+3.46,+26.526, +7.337,+0.974
1628951760,+3.46,+26.518, +7.322,+0.974
1628951820,+3.46,+26.518, +7.337,+0.974
1628951880,+3.46,+26.535, +7.359,+0.974
1628951940,+3.46,+26.518, +7.414,+0.974
1628952000,+3.47,+26.543, +7.319,+0.974
1628952060,+3.46,+26.543, +7.328,+0.974
1628952120,+3.46,+26.518, +7.348,+0.974
1628952180,+3.46,+26.526, +7.226,+0.975
1628952240,+3.46,+26.526, +7.186,+0.974
1628952300,+3.46,+26.543, +7.280,+0.974
1628952360,+3.46,+26.535, +7.319,+0.974
1628952420,+3.46,+26.535, +7.337,+0.974
1628952480,+3.46,+26.535, +7.304,+0.974
1628952540,+3.46,+26.535, +7.311,+0.974
1628952600,+3.46,+26.518, +7.346,+0.974
1628952660,+3.46,+26.509, +7.351,+0.975
1628952720,+3.46,+26.535, +7.258,+0.974
1628952780,+3.46,+26.526, +7.340,+0.974
1628952840,+3.46,+26.518, +7.367,+0.974
1628952900,+3.46,+26.526, +7.369,+0.974
1628952960,+3.46,+26.526, +7.358,+0.974
1628953020,+3.46,+26.535, +7.343,+0.974
1628953080,+3.46,+26.526, +7.282,+0.974
1628953140,+3.46,+26.526, +7.338,+0.974
1628953200,+3.46,+26.543, +7.351,+0.975
1628953260,+3.46,+26.518, +7.329,+0.975
1628953320,+3.46,+26.492, +7.382,+0.974
1628953380,+3.46,+26.492, +7.371,+0.974
1628953440,+3.46,+26.518, +7.316,+0.975
1628953500,+3.46,+26.535, +7.283,+0.975
1628953560,+3.46,+26.543, +7.370,+0.974
1628953620,+3.46,+26.526, +7.339,+0.975
1628953680,+3.46,+26.535, +7.284,+0.974
1628953740,+3.46,+26.526, +7.249,+0.974
1628953800,+3.46,+26.509, +7.328,+0.974
1628953860,+3.46,+26.518, +7.345,+0.974
1628953920,+3.46,+26.518, +7.314,+0.974
1628953980,+3.46,+26.526, +7.185,+0.974
1628954040,+3.46,+26.509, +7.353,+0.975
1628954100,+3.46,+26.501, +7.374,+0.974
1628954160,+3.46,+26.484, +7.310,+0.975
1628954220,+3.46,+26.526, +7.275,+0.975
1628954280,+3.46,+26.501, +7.333,+0.974
1628954340,+3.46,+26.509, +7.364,+0.974
1628954400,+3.46,+26.492, +7.319,+0.974
1628954460,+3.46,+26.492, +7.309,+0.974
1628954520,+3.46,+26.509, +7.315,+0.974
1628954580,+3.46,+26.475, +7.136,+0.974
1628954640,+3.46,+26.492, +7.260,+0.974
1628954700,+3.46,+26.501, +7.259,+0.974
1628954760,+3.46,+26.501, +7.303,+0.974
1628954820,+3.46,+26.509, +7.241,+0.974
1628954880,+3.46,+26.475, +7.239,+0.974
1628954940,+3.46,+26.475, +7.264,+0.974
1628955000,+3.46,+26.492, +7.260,+0.974
1628955060,+3.46,+26.492, +7.258,+0.974
1628955120,+3.46,+26.492, +7.231,+0.974
1628955180,+3.46,+26.484, +7.246,+0.975
1628955240,+3.46,+26.492, +7.281,+0.974
1628955300,+3.46,+26.484, +7.289,+0.974
1628955360,+3.46,+26.475, +7.204,+0.974
1628955420,+3.46,+26.509, +7.040,+0.974
1628955480,+3.46,+26.492, +7.200,+0.974
1628955540,+3.46,+26.492, +7.239,+0.973
1628955600,+3.46,+26.492, +7.284,+0.974
1628955660,+3.46,+26.458, +7.185,+0.974
1628955720,+3.46,+26.484, +7.183,+0.974
1628955780,+3.46,+26.509, +7.211,+0.974
1628955840,+3.46,+26.509, +7.264,+0.974
1628955900,+3.46,+26.509, +7.149,+0.974
1628955960,+3.46,+26.492, +7.092,+0.973
1628956020,+3.46,+26.492, +7.278,+0.974
1628956080,+3.46,+26.501, +7.224,+0.975
1628956140,+3.46,+26.492, +7.251,+0.974
1628956200,+3.46,+26.484, +7.230,+0.974
1628956260,+3.46,+26.484, +7.239,+0.974
1628956320,+3.46,+26.484, +7.261,+0.974
1628956380,+3.46,+26.484, +7.237,+0.974
1628956440,+3.46,+26.467, +7.178,+0.974
1628956500,+3.46,+26.467, +7.233,+0.974
1628956560,+3.46,+26.458, +7.284,+0.974
1628956620,+3.46,+26.484, +7.251,+0.974
1628956680,+3.46,+26.484, +7.202,+0.974
1628956740,+3.46,+26.467, +7.281,+0.975
1628956800,+3.46,+26.475, +7.113,+0.975
1628956860,+3.46,+26.467, +7.266,+0.974
1628956920,+3.46,+26.458, +7.144,+0.974
1628956980,+3.46,+26.458, +7.261,+0.974
1628957040,+3.46,+26.475, +7.258,+0.974
1628957100,+3.46,+26.475, +7.245,+0.974
1628957160,+3.46,+26.458, +7.160,+0.974
1628957220,+3.46,+26.433, +7.163,+0.974
1628957280,+3.46,+26.458, +7.217,+0.974
1628957340,+3.46,+26.458, +7.066,+0.974
1628957400,+3.46,+26.450, +7.252,+0.974
1628957460,+3.46,+26.433, +7.260,+0.974
1628957520,+3.46,+26.458, +7.232,+0.974
1628957580,+3.46,+26.442, +7.214,+0.974
1628957640,+3.46,+26.467, +7.171,+0.974
1628957700,+3.46,+26.475, +7.176,+0.974
1628957760,+3.46,+26.442, +7.268,+0.974
1628957820,+3.46,+26.433, +7.294,+0.974
1628957880,+3.46,+26.442, +7.162,+0.973
1628957940,+3.46,+26.458, +7.068,+0.974
1628958000,+3.46,+26.492, +7.003,+0.974
1628958060,+3.46,+26.501, +7.097,+0.974
1628958120,+3.46,+26.484, +7.105,+0.975
1628958180,+3.46,+26.475, +6.953,+0.974
1628958240,+3.46,+26.467, +6.949,+0.973
1628958300,+3.46,+26.458, +7.224,+0.974
1628958360,+3.46,+26.442, +7.280,+0.974
1628958420,+3.46,+26.442, +7.231,+0.974
1628958480,+3.46,+26.458, +7.092,+0.974
1628958540,+3.46,+26.458, +7.200,+0.975
1628958600,+3.46,+26.458, +6.957,+0.974
1628958660,+3.46,+26.458, +7.091,+0.974
1628958720,+3.46,+26.458, +7.148,+0.974
1628958780,+3.46,+26.484, +7.041,+0.974
1628958840,+3.46,+26.492, +7.186,+0.974
1628958900,+3.46,+26.475, +7.238,+0.974
1628958960,+3.46,+26.467, +7.168,+0.974
1628959020,+3.46,+26.475, +7.200,+0.974
1628959080,+3.46,+26.484, +7.188,+0.974
1628959140,+3.46,+26.475, +7.235,+0.974
1628959200,+3.46,+26.458, +7.041,+0.974
1628959260,+3.46,+26.458, +7.104,+0.974
1628959320,+3.46,+26.475, +7.246,+0.974
1628959380,+3.46,+26.484, +7.270,+0.974
1628959440,+3.46,+26.492, +7.261,+0.974
1628959500,+3.46,+26.467, +7.177,+0.975
1628959560,+3.46,+26.492, +7.225,+0.974
1628959620,+3.46,+26.484, +7.280,+0.974
1628959680,+3.46,+26.484, +7.262,+0.974
1628959740,+3.46,+26.475, +7.279,+0.974
1628959800,+3.46,+26.484, +7.266,+0.974
1628959860,+3.46,+26.484, +7.257,+0.975
1628959920,+3.46,+26.501, +7.176,+0.974
1628959980,+3.46,+26.509, +7.264,+0.974
1628960040,+3.46,+26.509, +7.303,+0.974
1628960100,+3.46,+26.509, +7.316,+0.974
1628960160,+3.46,+26.475, +7.317,+0.974
1628960220,+3.46,+26.458, +7.175,+0.974
1628960280,+3.46,+26.458, +7.217,+0.973
1628960340,+3.46,+26.467, +7.284,+0.974
1628960400,+3.46,+26.458, +7.295,+0.974
1628960460,+3.46,+26.442, +7.289,+0.974
1628960520,+3.46,+26.442, +7.229,+0.974
1628960580,+3.46,+26.458, +7.162,+0.975
1628960640,+3.46,+26.501, +7.286,+0.974
1628960700,+3.46,+26.467, +7.371,+0.975
1628960760,+3.46,+26.484, +7.361,+0.974
1628960820,+3.46,+26.501, +7.267,+0.974
1628960880,+3.46,+26.492, +7.250,+0.974
1628960940,+3.46,+26.484, +7.325,+0.974
1628961000,+3.46,+26.475, +7.330,+0.974
1628961060,+3.46,+26.475, +7.188,+0.974
1628961120,+3.46,+26.450, +7.344,+0.974
1628961180,+3.46,+26.484, +7.312,+0.975
1628961240,+3.46,+26.501, +7.352,+0.975
1628961300,+3.46,+26.501, +7.278,+0.974
1628961360,+3.46,+26.475, +7.332,+0.974
1628961420,+3.46,+26.492, +7.263,+0.975
1628961480,+3.46,+26.492, +7.422,+0.975
1628961540,+3.46,+26.467, +7.295,+0.974
1628961600,+3.46,+26.475, +7.187,+0.974
1628961660,+3.46,+26.501, +7.357,+0.974
1628961720,+3.46,+26.501, +7.429,+0.975
1628961780,+3.46,+26.475, +7.346,+0.975
1628961840,+3.46,+26.492, +7.359,+0.974
1628961900,+3.46,+26.518, +7.381,+0.974
1628961960,+3.46,+26.501, +7.255,+0.974
1628962020,+3.46,+26.492, +7.384,+0.974
1628962080,+3.46,+26.518, +7.438,+0.974
1628962140,+3.46,+26.543, +7.463,+0.975
1628962200,+3.47,+26.560, +7.443,+0.975
1628962260,+3.47,+26.535, +7.459,+0.974
1628962320,+3.47,+26.568, +7.433,+0.974
1628962380,+3.47,+26.568, +7.346,+0.975
1628962440,+3.47,+26.543, +7.463,+0.975
1628962500,+3.47,+26.543, +7.481,+0.975
1628962560,+3.47,+26.535, +7.397,+0.975
1628962620,+3.46,+26.535, +7.209,+0.974
1628962680,+3.46,+26.518, +7.391,+0.974
1628962740,+3.46,+26.535, +7.424,+0.975
1628962800,+3.46,+26.535, +7.379,+0.974
1628962860,+3.46,+26.535, +7.459,+0.974
1628962920,+3.46,+26.526, +7.501,+0.975
1628962980,+3.46,+26.509, +7.504,+0.974
1628963040,+3.46,+26.543, +7.425,+0.974
1628963100,+3.46,+26.518, +7.380,+0.974
1628963160,+3.46,+26.526, +7.514,+0.975
1628963220,+3.46,+26.535, +7.508,+0.975
1628963280,+3.46,+26.518, +7.290,+0.974
1628963340,+3.46,+26.526, +7.181,+0.974
1628963400,+3.46,+26.535, +7.093,+0.973
1628963460,+3.46,+26.509, +7.298,+0.975
1628963520,+3.46,+26.509, +7.473,+0.974
1628963580,+3.47,+26.551, +7.458,+0.974
1628963640,+3.47,+26.551, +7.264,+0.974
1628963700,+3.46,+26.543, +7.287,+0.975
1628963760,+3.46,+26.535, +7.297,+0.974
1628963820,+3.46,+26.543, +7.501,+0.975
1628963880,+3.47,+26.560, +7.515,+0.975
1628963940,+3.47,+26.551, +7.391,+0.974
1628964000,+3.47,+26.543, +7.337,+0.974
1628964060,+3.47,+26.543, +7.254,+0.974
1628964120,+3.47,+26.560, +6.926,+0.974
1628964180,+3.47,+26.568, +7.267,+0.975
1628964240,+3.47,+26.577, +7.500,+0.974
1628964300,+3.47,+26.585, +7.537,+0.975
1628964360,+3.47,+26.560, +7.481,+0.974
1628964420,+3.47,+26.568, +7.414,+0.975
1628964480,+3.47,+26.568, +7.310,+0.975
1628964540,+3.47,+26.585, +7.403,+0.975
1628964600,+3.47,+26.594, +7.446,+0.974
1628964660,+3.47,+26.577, +7.426,+0.975
1628964720,+3.47,+26.551, +7.527,+0.975
1628964780,+3.47,+26.560, +7.200,+0.975
1628964840,+3.47,+26.568, +7.418,+0.975
1628964900,+3.47,+26.594, +7.511,+0.975
1628964960,+3.47,+26.568, +7.436,+0.975
1628965020,+3.47,+26.577, +7.278,+0.975
1628965080,+3.47,+26.577, +7.365,+0.974
1628965140,+3.47,+26.585, +7.335,+0.974
1628965200,+3.47,+26.594, +7.523,+0.974
1628965260,+3.47,+26.568, +7.385,+0.974
1628965320,+3.47,+26.585, +7.188,+0.974
1628965380,+3.47,+26.577, +7.281,+0.974
1628965440,+3.47,+26.568, +7.397,+0.974
1628965500,+3.47,+26.577, +7.325,+0.975
1628965560,+3.47,+26.585, +7.222,+0.974
1628965620,+3.47,+26.560, +7.463,+0.975
1628965680,+3.47,+26.543, +7.347,+0.975
1628965740,+3.47,+26.551, +7.316,+0.974
1628965800,+3.47,+26.568, +7.489,+0.975
1628965860,+3.47,+26.602, +7.491,+0.974
1628965920,+3.47,+26.585, +7.310,+0.975
1628965980,+3.47,+26.577, +7.250,+0.974
1628966040,+3.47,+26.577, +7.501,+0.975
1628966100,+3.47,+26.568, +7.327,+0.975
1628966160,+3.47,+26.568, +7.404,+0.975
1628966220,+3.47,+26.585, +7.448,+0.974
1628966280,+3.47,+26.619, +7.452,+0.975
1628966340,+3.47,+26.594, +7.320,+0.974
1628966400,+3.47,+26.619, +7.322,+0.974
1628966460,+3.47,+26.585, +7.278,+0.974
1628966520,+3.47,+26.594, +7.332,+0.974
1628966580,+3.47,+26.594, +7.505,+0.974
1628966640,+3.47,+26.602, +7.252,+0.974
1628966700,+3.47,+26.619, +7.468,+0.974
1628966760,+3.47,+26.636, +7.579,+0.975
1628966820,+3.47,+26.645, +7.597,+0.975
1628966880,+3.47,+26.653, +7.602,+0.975
1628966940,+3.47,+26.653, +7.448,+0.975
1628967000,+3.47,+26.628, +7.133,+0.975
1628967060,+3.47,+26.628, +7.225,+0.974
1628967120,+3.47,+26.636, +7.485,+0.975
1628967180,+3.47,+26.653, +7.626,+0.975
1628967240,+3.46,+26.661, +7.647,+0.975
1628967300,+3.46,+26.678, +7.515,+0.975
1628967360,+3.46,+26.661, +7.192,+0.975
1628967420,+3.46,+26.670, +7.358,+0.975
1628967480,+3.47,+26.670, +7.595,+0.975
1628967540,+3.46,+26.670, +7.410,+0.975
1628967600,+3.47,+26.653, +7.275,+0.975
1628967660,+3.46,+26.687, +7.511,+0.975
1628967720,+3.47,+26.678, +7.381,+0.975
1628967780,+3.47,+26.670, +7.333,+0.974
1628967840,+3.46,+26.678, +7.323,+0.974
1628967900,+3.46,+26.670, +7.581,+0.975
1628967960,+3.47,+26.704, +7.589,+0.975
1628968020,+3.47,+26.687, +7.428,+0.975
1628968080,+3.47,+26.712, +7.633,+0.974
1628968140,+3.47,+26.721, +7.267,+0.975
1628968200,+3.47,+26.695, +7.010,+0.975
1628968260,+3.46,+26.704, +7.238,+0.974
1628968320,+3.46,+26.704, +7.210,+0.974
1628968380,+3.47,+26.738, +7.476,+0.975
1628968440,+3.47,+26.755, +7.514,+0.975
1628968500,+3.47,+26.755, +7.320,+0.975
1628968560,+3.46,+26.772, +7.508,+0.975
1628968620,+3.46,+26.780, +7.443,+0.975
1628968680,+3.46,+26.772, +7.210,+0.975
1628968740,+3.46,+26.788, +7.345,+0.975
1628968800,+3.46,+26.788, +7.520,+0.975
1628968860,+3.46,+26.797, +7.404,+0.975
1628968920,+3.46,+26.814, +7.476,+0.975
1628968980,+3.46,+26.831, +7.543,+0.975
1628969040,+3.46,+26.839, +7.570,+0.974
1628969100,+3.46,+26.848, +7.513,+0.975
1628969160,+3.46,+26.856, +7.688,+0.975
1628969220,+3.46,+26.856, +7.310,+0.976
1628969280,+3.46,+26.865, +7.452,+0.974
1628969340,+3.46,+26.856, +7.473,+0.975
1628969400,+3.46,+26.873, +7.694,+0.975
1628969460,+3.46,+26.882, +7.573,+0.976
1628969520,+3.46,+26.890, +7.488,+0.975
1628969580,+3.46,+26.882, +7.626,+0.975
1628969640,+3.46,+26.890, +7.387,+0.974
1628969700,+3.46,+26.890, +7.494,+0.975
1628969760,+3.46,+26.890, +7.505,+0.975
1628969820,+3.46,+26.882, +7.417,+0.975
1628969880,+3.46,+26.890, +7.494,+0.975
1628969940,+3.46,+26.907, +7.530,+0.975
1628970000,+3.46,+26.916, +7.736,+0.975
1628970060,+3.46,+26.899, +7.762,+0.975
1628970120,+3.46,+26.907, +7.439,+0.975
1628970180,+3.46,+26.916, +7.601,+0.975
1628970240,+3.46,+26.941, +7.752,+0.975
1628970300,+3.46,+26.949, +7.656,+0.975
1628970360,+3.46,+26.958, +7.749,+0.975
1628970420,+3.46,+26.949, +7.770,+0.975
1628970480,+3.46,+26.958, +7.596,+0.975
1628970540,+3.46,+26.932, +7.517,+0.976
1628970600,+3.46,+26.966, +7.514,+0.975
1628970660,+3.46,+26.949, +7.544,+0.976
1628970720,+3.46,+26.958, +7.542,+0.975
1628970780,+3.46,+26.958, +7.684,+0.975
1628970840,+3.46,+26.949, +7.485,+0.975
1628970900,+3.46,+26.949, +7.757,+0.975
1628970960,+3.46,+26.966, +7.541,+0.976
1628971020,+3.46,+26.966, +7.690,+0.975
1628971080,+3.46,+26.949, +7.630,+0.975
1628971140,+3.46,+26.966, +7.564,+0.976
1628971200,+3.46,+26.949, +7.749,+0.975
1628971260,+3.46,+26.966, +7.718,+0.975
1628971320,+3.46,+26.966, +7.670,+0.975
1628971380,+3.46,+26.966, +7.562,+0.975
1628971440,+3.46,+26.966, +7.430,+0.975
1628971500,+3.46,+26.966, +7.576,+0.975
1628971560,+3.46,+26.966, +7.519,+0.975
1628971620,+3.46,+26.958, +7.771,+0.976
1628971680,+3.46,+26.983, +7.826,+0.975
1628971740,+3.46,+26.983, +7.765,+0.975
1628971800,+3.46,+27.000, +7.781,+0.975
1628971860,+3.46,+26.992, +7.848,+0.976
1628971920,+3.46,+26.983, +7.649,+0.975
1628971980,+3.46,+26.992, +7.726,+0.975
1628972040,+3.46,+27.000, +7.696,+0.975
1628972100,+3.46,+27.000, +7.491,+0.975
1628972160,+3.46,+26.983, +7.639,+0.976
1628972220,+3.46,+27.000, +7.663,+0.976
1628972280,+3.46,+27.017, +7.907,+0.976
1628972340,+3.46,+27.034, +7.852,+0.975
1628972400,+3.46,+27.034, +7.684,+0.976
1628972460,+3.46,+27.034, +7.835,+0.974
1628972520,+3.46,+27.026, +7.640,+0.976
1628972580,+3.46,+27.009, +7.712,+0.975
1628972640,+3.46,+27.043, +7.978,+0.976
1628972700,+3.46,+27.068, +7.928,+0.977
1628972760,+3.46,+27.051, +7.761,+0.975
1628972820,+3.46,+27.043, +7.582,+0.975
1628972880,+3.46,+27.060, +7.890,+0.976
1628972940,+3.46,+27.051, +7.930,+0.976
1628973000,+3.46,+27.077, +7.967,+0.975
1628973060,+3.46,+27.077, +7.810,+0.975
1628973120,+3.46,+27.102, +7.885,+0.976
1628973180,+3.46,+27.068, +7.886,+0.976
1628973240,+3.46,+27.068, +7.946,+0.975
1628973300,+3.46,+27.085, +7.999,+0.975
1628973360,+3.46,+27.094, +7.940,+0.975
1628973420,+3.46,+27.119, +7.988,+0.975
1628973480,+3.46,+27.128, +7.929,+0.976
1628973540,+3.46,+27.102, +7.678,+0.975
1628973600,+3.46,+27.119, +7.948,+0.976
1628973660,+3.46,+27.136, +8.020,+0.975
1628973720,+3.46,+27.144, +7.986,+0.976
1628973780,+3.46,+27.178, +7.950,+0.976
1628973840,+3.46,+27.170, +7.918,+0.976
1628973900,+3.46,+27.187, +7.957,+0.976
1628973960,+3.46,+27.178, +7.937,+0.976
1628974020,+3.46,+27.178, +7.749,+0.976
1628974080,+3.46,+27.178, +7.680,+0.976
1628974140,+3.46,+27.187, +7.956,+0.975
1628974200,+3.46,+27.204, +7.873,+0.976
1628974260,+3.46,+27.221, +7.872,+0.975
1628974320,+3.46,+27.221, +7.756,+0.976
1628974380,+3.46,+27.195, +7.671,+0.976
1628974440,+3.46,+27.221, +7.970,+0.975
1628974500,+3.46,+27.204, +7.988,+0.976
1628974560,+3.46,+27.221, +7.963,+0.976
1628974620,+3.46,+27.229, +8.066,+0.976
1628974680,+3.46,+27.255, +8.095,+0.976
1628974740,+3.46,+27.263, +7.856,+0.976
1628974800,+3.46,+27.255, +7.750,+0.976
1628974860,+3.46,+27.255, +7.929,+0.976
1628974920,+3.46,+27.238, +7.927,+0.977
1628974980,+3.46,+27.255, +7.933,+0.976
1628975040,+3.46,+27.280, +7.985,+0.976
1628975100,+3.46,+27.263, +7.807,+0.976
1628975160,+3.46,+27.246, +7.551,+0.975
1628975220,+3.46,+27.238, +7.919,+0.976
1628975280,+3.46,+27.238, +7.826,+0.976
1628975340,+3.46,+27.255, +8.007,+0.976
1628975400,+3.46,+27.263, +8.080,+0.976
1628975460,+3.46,+27.289, +8.031,+0.977
1628975520,+3.46,+27.272, +7.714,+0.976
1628975580,+3.46,+27.272, +7.814,+0.975
1628975640,+3.46,+27.255, +7.880,+0.976
1628975700,+3.46,+27.272, +8.013,+0.975
1628975760,+3.46,+27.272, +8.018,+0.976
1628975820,+3.46,+27.255, +7.966,+0.976
1628975880,+3.46,+27.263, +7.834,+0.976
1628975940,+3.46,+27.255, +7.849,+0.976
1628976000,+3.46,+27.272, +8.110,+0.976
1628976060,+3.46,+27.272, +8.158,+0.976
1628976120,+3.46,+27.263, +8.066,+0.975
1628976180,+3.46,+27.263, +7.948,+0.976
1628976240,+3.46,+27.255, +7.930,+0.975
1628976300,+3.46,+27.246, +8.016,+0.976
1628976360,+3.46,+27.255, +8.045,+0.976
1628976420,+3.46,+27.229, +7.898,+0.976
1628976480,+3.46,+27.255, +7.951,+0.976
1628976540,+3.46,+27.255, +8.035,+0.977
1628976600,+3.46,+27.255, +7.750,+0.976
1628976660,+3.46,+27.263, +8.033,+0.977
1628976720,+3.46,+27.263, +8.049,+0.976
1628976780,+3.46,+27.255, +8.039,+0.976
1628976840,+3.46,+27.272, +8.057,+0.976
1628976900,+3.46,+27.263, +7.899,+0.977
1628976960,+3.46,+27.255, +7.793,+0.976
1628977020,+3.46,+27.246, +7.962,+0.976
1628977080,+3.46,+27.280, +8.124,+0.976
1628977140,+3.46,+27.263, +7.974,+0.975
1628977200,+3.46,+27.246, +7.849,+0.976
1628977260,+3.46,+27.246, +7.733,+0.976
1628977320,+3.46,+27.263, +7.766,+0.976
1628977380,+3.46,+27.246, +7.858,+0.976
1628977440,+3.46,+27.263, +7.949,+0.976
1628977500,+3.46,+27.255, +8.083,+0.976
1628977560,+3.46,+27.280, +8.026,+0.976
1628977620,+3.46,+27.272, +8.138,+0.977
1628977680,+3.46,+27.280, +8.027,+0.975
1628977740,+3.46,+27.272, +8.041,+0.976
1628977800,+3.46,+27.297, +8.154,+0.976
1628977860,+3.46,+27.306, +8.037,+0.976
1628977920,+3.46,+27.314, +8.051,+0.976
1628977980,+3.46,+27.306, +7.990,+0.976
1628978040,+3.46,+27.314, +7.977,+0.975
1628978100,+3.46,+27.323, +7.845,+0.976
1628978160,+3.46,+27.323, +8.148,+0.976
1628978220,+3.46,+27.340, +8.187,+0.975
1628978280,+3.46,+27.340, +8.133,+0.976
1628978340,+3.46,+27.340, +8.137,+0.977
1628978400,+3.46,+27.357, +8.215,+0.975
1628978460,+3.46,+27.357, +8.295,+0.976
1628978520,+3.46,+27.374, +8.124,+0.976
1628978580,+3.46,+27.348, +7.940,+0.977
1628978640,+3.46,+27.348, +8.077,+0.976
1628978700,+3.46,+27.365, +8.062,+0.976
1628978760,+3.46,+27.382, +8.272,+0.975
1628978820,+3.46,+27.391, +8.311,+0.976
1628978880,+3.46,+27.399, +8.343,+0.977
1628978940,+3.46,+27.416, +8.193,+0.976
1628979000,+3.46,+27.408, +7.846,+0.977
1628979060,+3.46,+27.391, +7.918,+0.977
1628979120,+3.46,+27.391, +7.970,+0.976
1628979180,+3.46,+27.399, +8.244,+0.976
1628979240,+3.46,+27.408, +8.288,+0.976
1628979300,+3.46,+27.425, +8.154,+0.976
1628979360,+3.46,+27.425, +8.228,+0.976
1628979420,+3.46,+27.433, +8.299,+0.976
1628979480,+3.46,+27.425, +8.065,+0.977
1628979540,+3.46,+27.425, +8.123,+0.976
1628979600,+3.46,+27.433, +8.308,+0.976
1628979660,+3.46,+27.450, +8.193,+0.976
1628979720,+3.46,+27.442, +8.057,+0.976
1628979780,+3.46,+27.433, +8.186,+0.977
1628979840,+3.46,+27.433, +7.937,+0.976
1628979900,+3.46,+27.425, +8.195,+0.976
1628979960,+3.46,+27.433, +8.329,+0.976
1628980020,+3.46,+27.442, +8.368,+0.976
1628980080,+3.46,+27.450, +8.142,+0.976
1628980140,+3.46,+27.425, +7.991,+0.976
1628980200,+3.46,+27.450, +8.216,+0.977
1628980260,+3.46,+27.450, +8.270,+0.976
1628980320,+3.46,+27.442, +8.217,+0.976
1628980380,+3.46,+27.450, +8.401,+0.976
1628980440,+3.46,+27.467, +8.314,+0.977
1628980500,+3.46,+27.459, +8.192,+0.976
1628980560,+3.46,+27.467, +8.023,+0.976
1628980620,+3.46,+27.459, +8.156,+0.976
1628980680,+3.46,+27.467, +8.178,+0.976
1628980740,+3.46,+27.476, +8.391,+0.977
1628980800,+3.46,+27.476, +8.440,+0.976
1628980860,+3.46,+27.484, +8.400,+0.976
1628980920,+3.46,+27.484, +8.228,+0.976
1628980980,+3.46,+27.476, +8.270,+0.976
1628981040,+3.46,+27.493, +8.309,+0.976
1628981100,+3.46,+27.484, +8.236,+0.976
1628981160,+3.46,+27.476, +8.330,+0.977
1628981220,+3.46,+27.493, +8.335,+0.977
1628981280,+3.46,+27.493, +8.029,+0.976
1628981340,+3.46,+27.484, +8.153,+0.976
1628981400,+3.46,+27.510, +8.306,+0.977
1628981460,+3.46,+27.501, +8.074,+0.976
1628981520,+3.46,+27.510, +8.386,+0.977
1628981580,+3.46,+27.510, +8.390,+0.976
1628981640,+3.46,+27.518, +8.390,+0.976
