7450-735719
OS REV: 1.05 Sensor Cal: 1573748658
Time (sec),  BV (Volts),  T (deg C),  DO (mg/l),  Q ()
1629672900,+3.46,+26.594,+10.825,+0.975
1629672960,+3.46,+26.594,+11.021,+0.975
1629673020,+3.46,+26.602,+10.893,+0.975
1629673080,+3.46,+26.602,+10.909,+0.975
1629673140,+3.46,+26.594,+11.080,+0.975
1629673200,+3.46,+26.602,+11.148,+0.975
1629673260,+3.46,+26.611,+11.060,+0.976
1629673320,+3.46,+26.594,+11.152,+0.974
1629673380,+3.46,+26.602,+10.992,+0.974
1629673440,+3.46,+26.602,+11.135,+0.975
1629673500,+3.46,+26.611,+11.159,+0.974
1629673560,+3.46,+26.594,+11.306,+0.975
1629673620,+3.46,+26.619,+11.286,+0.975
1629673680,+3.46,+26.619,+11.604,+0.975
1629673740,+3.46,+26.636,+11.347,+0.975
1629673800,+3.46,+26.628,+11.261,+0.974
1629673860,+3.46,+26.628,+11.337,+0.974
1629673920,+3.46,+26.636,+11.415,+0.974
1629673980,+3.46,+26.653,+11.315,+0.975
1629674040,+3.46,+26.661,+11.524,+0.974
1629674100,+3.46,+26.670,+11.092,+0.975
1629674160,+3.46,+26.670,+11.072,+0.976
1629674220,+3.46,+26.661,+11.176,+0.975
1629674280,+3.46,+26.687,+10.986,+0.975
1629674340,+3.46,+26.678,+10.974,+0.976
1629674400,+3.46,+26.687,+10.970,+0.975
1629674460,+3.46,+26.670,+10.865,+0.976
1629674520,+3.46,+26.678,+10.964,+0.975
1629674580,+3.46,+26.678,+10.966,+0.975
1629674640,+3.46,+26.678,+10.871,+0.975
1629674700,+3.46,+26.678,+11.058,+0.975
1629674760,+3.46,+26.687,+11.218,+0.976
1629674820,+3.46,+26.687,+11.189,+0.976
1629674880,+3.46,+26.687,+11.022,+0.975
1629674940,+3.46,+26.704,+11.266,+0.975
1629675000,+3.46,+26.704,+11.292,+0.975
1629675060,+3.46,+26.695,+10.844,+0.976
1629675120,+3.46,+26.704,+10.659,+0.976
1629675180,+3.46,+26.704,+10.948,+0.976
1629675240,+3.46,+26.695,+11.100,+0.975
1629675300,+3.46,+26.695,+11.026,+0.975
1629675360,+3.46,+26.704,+11.120,+0.976
1629675420,+3.46,+26.712,+11.159,+0.976
1629675480,+3.46,+26.712,+11.248,+0.977
1629675540,+3.46,+26.729,+11.296,+0.976
1629675600,+3.46,+26.721,+11.156,+0.976
1629675660,+3.46,+26.738,+11.111,+0.976
1629675720,+3.46,+26.746,+11.255,+0.977
1629675780,+3.46,+26.729,+11.202,+0.975
1629675840,+3.46,+26.738,+11.278,+0.976
1629675900,+3.46,+26.746,+11.209,+0.975
1629675960,+3.46,+26.755,+11.209,+0.976
1629676020,+3.46,+26.763,+11.151,+0.974
1629676080,+3.46,+26.755,+11.149,+0.976
1629676140,+3.46,+26.755,+11.235,+0.975
1629676200,+3.46,+26.772,+11.313,+0.976
1629676260,+3.46,+26.772,+11.239,+0.976
1629676320,+3.46,+26.780,+11.174,+0.976
1629676380,+3.46,+26.763,+11.187,+0.976
1629676440,+3.46,+26.746,+11.276,+0.976
1629676500,+3.46,+26.805,+11.375,+0.975
1629676560,+3.46,+26.788,+11.388,+0.975
1629676620,+3.46,+26.788,+11.421,+0.976
1629676680,+3.46,+26.788,+11.466,+0.976
1629676740,+3.46,+26.797,+11.415,+0.976
1629676800,+3.46,+26.788,+11.519,+0.975
1629676860,+3.46,+26.780,+11.532,+0.975
1629676920,+3.46,+26.780,+11.414,+0.975
1629676980,+3.46,+26.788,+11.311,+0.976
1629677040,+3.46,+26.797,+11.468,+0.976
1629677100,+3.46,+26.805,+11.471,+0.976
1629677160,+3.46,+26.805,+11.506,+0.976
1629677220,+3.46,+26.805,+11.462,+0.975
1629677280,+3.46,+26.814,+11.309,+0.976
1629677340,+3.46,+26.797,+11.247,+0.975
1629677400,+3.46,+26.805,+11.148,+0.976
1629677460,+3.46,+26.805,+11.352,+0.976
1629677520,+3.46,+26.797,+11.388,+0.976
1629677580,+3.46,+26.814,+11.367,+0.977
1629677640,+3.46,+26.805,+11.094,+0.976
1629677700,+3.46,+26.814,+10.930,+0.975
1629677760,+3.46,+26.797,+11.000,+0.976
1629677820,+3.46,+26.797,+10.906,+0.976
1629677880,+3.46,+26.797,+10.869,+0.975
1629677940,+3.46,+26.797,+10.900,+0.976
1629678000,+3.46,+26.797,+10.894,+0.977
1629678060,+3.46,+26.805,+10.819,+0.975
1629678120,+3.46,+26.788,+10.819,+0.977
1629678180,+3.46,+26.805,+10.701,+0.975
1629678240,+3.46,+26.805,+10.620,+0.976
1629678300,+3.46,+26.797,+10.666,+0.976
1629678360,+3.46,+26.797,+10.864,+0.974
1629678420,+3.46,+26.788,+10.973,+0.976
1629678480,+3.46,+26.797,+11.000,+0.976
1629678540,+3.46,+26.797,+10.985,+0.975
1629678600,+3.46,+26.780,+11.080,+0.976
1629678660,+3.46,+26.772,+11.111,+0.976
1629678720,+3.46,+26.788,+11.151,+0.976
1629678780,+3.46,+26.788,+10.923,+0.977
1629678840,+3.46,+26.780,+11.034,+0.975
1629678900,+3.46,+26.788,+11.014,+0.975
1629678960,+3.46,+26.780,+11.172,+0.976
1629679020,+3.46,+26.780,+11.230,+0.976
1629679080,+3.46,+26.788,+11.176,+0.976
1629679140,+3.46,+26.797,+11.376,+0.976
1629679200,+3.46,+26.780,+11.447,+0.976
1629679260,+3.46,+26.780,+11.568,+0.976
1629679320,+3.46,+26.780,+11.269,+0.975
1629679380,+3.46,+26.772,+11.077,+0.975
1629679440,+3.46,+26.780,+11.294,+0.977
1629679500,+3.46,+26.780,+11.358,+0.977
1629679560,+3.46,+26.772,+11.562,+0.976
1629679620,+3.46,+26.763,+11.457,+0.976
1629679680,+3.46,+26.788,+11.432,+0.976
1629679740,+3.46,+26.772,+11.311,+0.976
1629679800,+3.46,+26.780,+11.239,+0.976
1629679860,+3.46,+26.780,+11.372,+0.976
1629679920,+3.46,+26.780,+11.440,+0.975
1629679980,+3.46,+26.772,+11.303,+0.976
1629680040,+3.46,+26.763,+11.337,+0.976
1629680100,+3.46,+26.788,+11.262,+0.975
1629680160,+3.46,+26.772,+11.253,+0.976
1629680220,+3.46,+26.780,+11.201,+0.976
1629680280,+3.46,+26.772,+11.042,+0.976
1629680340,+3.46,+26.755,+10.843,+0.975
1629680400,+3.46,+26.755,+10.615,+0.976
1629680460,+3.46,+26.780,+10.574,+0.976
1629680520,+3.46,+26.746,+10.438,+0.977
1629680580,+3.46,+26.755,+10.474,+0.976
1629680640,+3.46,+26.738,+10.445,+0.976
1629680700,+3.46,+26.738,+10.294,+0.976
1629680760,+3.46,+26.738,+10.273,+0.976
1629680820,+3.46,+26.729,+10.369,+0.976
1629680880,+3.46,+26.729,+10.505,+0.975
1629680940,+3.46,+26.721,+10.521,+0.976
1629681000,+3.46,+26.738,+10.588,+0.975
1629681060,+3.46,+26.729,+10.551,+0.976
1629681120,+3.46,+26.729,+10.439,+0.976
1629681180,+3.46,+26.729,+10.485,+0.976
1629681240,+3.46,+26.721,+10.471,+0.976
1629681300,+3.46,+26.729,+10.444,+0.975
1629681360,+3.46,+26.746,+10.555,+0.977
1629681420,+3.46,+26.712,+10.335,+0.975
1629681480,+3.46,+26.721,+10.353,+0.976
1629681540,+3.46,+26.738,+10.387,+0.976
1629681600,+3.46,+26.729,+10.352,+0.976
1629681660,+3.46,+26.729,+10.260,+0.976
1629681720,+3.46,+26.721,+10.360,+0.976
1629681780,+3.46,+26.721,+10.498,+0.975
1629681840,+3.46,+26.721,+10.251,+0.976
1629681900,+3.46,+26.704,+10.602,+0.975
1629681960,+3.46,+26.721,+10.623,+0.976
1629682020,+3.46,+26.721,+10.822,+0.975
1629682080,+3.46,+26.712,+10.988,+0.976
1629682140,+3.46,+26.738,+11.087,+0.976
1629682200,+3.46,+26.729,+10.931,+0.975
1629682260,+3.46,+26.729,+10.910,+0.975
1629682320,+3.46,+26.712,+10.881,+0.976
1629682380,+3.46,+26.721,+10.730,+0.976
1629682440,+3.46,+26.729,+10.630,+0.976
1629682500,+3.46,+26.721,+10.318,+0.975
1629682560,+3.46,+26.704,+10.206,+0.975
1629682620,+3.46,+26.695,+10.170,+0.976
1629682680,+3.46,+26.712,+10.187,+0.975
1629682740,+3.46,+26.704,+10.253,+0.976
1629682800,+3.46,+26.687,+10.030,+0.976
1629682860,+3.46,+26.678, +9.871,+0.976
1629682920,+3.46,+26.687, +9.904,+0.975
1629682980,+3.46,+26.670, +9.852,+0.976
1629683040,+3.46,+26.670, +9.725,+0.975
1629683100,+3.46,+26.645, +9.622,+0.976
1629683160,+3.46,+26.628, +9.553,+0.976
1629683220,+3.46,+26.645, +9.538,+0.975
1629683280,+3.46,+26.645, +9.509,+0.976
1629683340,+3.46,+26.636, +9.553,+0.975
1629683400,+3.46,+26.636, +9.510,+0.976
1629683460,+3.46,+26.645, +9.418,+0.976
1629683520,+3.46,+26.636, +9.494,+0.976
1629683580,+3.46,+26.619, +9.443,+0.975
1629683640,+3.46,+26.628, +9.449,+0.976
1629683700,+3.46,+26.628, +9.451,+0.976
1629683760,+3.46,+26.619, +9.439,+0.976
1629683820,+3.46,+26.611, +9.359,+0.975
1629683880,+3.46,+26.602, +9.260,+0.975
1629683940,+3.46,+26.611, +9.221,+0.976
1629684000,+3.46,+26.611, +9.225,+0.975
1629684060,+3.46,+26.602, +9.238,+0.976
1629684120,+3.46,+26.602, +9.266,+0.976
1629684180,+3.46,+26.602, +9.353,+0.976
1629684240,+3.46,+26.594, +9.404,+0.975
1629684300,+3.46,+26.602, +9.412,+0.975
1629684360,+3.46,+26.594, +9.281,+0.975
1629684420,+3.46,+26.577, +9.294,+0.975
1629684480,+3.46,+26.568, +9.345,+0.975
1629684540,+3.46,+26.568, +9.386,+0.975
1629684600,+3.46,+26.568, +9.323,+0.975
1629684660,+3.46,+26.585, +9.551,+0.976
1629684720,+3.46,+26.585, +9.617,+0.976
1629684780,+3.46,+26.568, +9.485,+0.975
1629684840,+3.46,+26.577, +9.478,+0.976
1629684900,+3.46,+26.577, +9.428,+0.975
1629684960,+3.46,+26.568, +9.324,+0.975
1629685020,+3.46,+26.568, +9.342,+0.975
1629685080,+3.46,+26.543, +9.271,+0.975
1629685140,+3.46,+26.535, +9.157,+0.975
1629685200,+3.46,+26.543, +9.184,+0.975
1629685260,+3.46,+26.526, +9.185,+0.975
1629685320,+3.46,+26.509, +9.022,+0.975
1629685380,+3.46,+26.501, +9.075,+0.975
1629685440,+3.46,+26.509, +9.164,+0.975
1629685500,+3.46,+26.501, +9.083,+0.975
1629685560,+3.46,+26.509, +9.044,+0.975
1629685620,+3.46,+26.509, +9.165,+0.977
1629685680,+3.46,+26.484, +9.004,+0.975
1629685740,+3.46,+26.484, +8.726,+0.975
1629685800,+3.46,+26.467, +8.835,+0.975
1629685860,+3.46,+26.475, +8.871,+0.974
1629685920,+3.46,+26.467, +8.985,+0.975
1629685980,+3.46,+26.475, +8.877,+0.975
1629686040,+3.46,+26.450, +8.685,+0.975
1629686100,+3.46,+26.442, +8.738,+0.976
1629686160,+3.46,+26.425, +8.678,+0.975
1629686220,+3.46,+26.442, +8.640,+0.975
1629686280,+3.46,+26.442, +8.586,+0.974
1629686340,+3.46,+26.433, +8.539,+0.975
1629686400,+3.46,+26.416, +8.312,+0.974
1629686460,+3.46,+26.408, +8.345,+0.974
1629686520,+3.46,+26.416, +8.413,+0.975
1629686580,+3.46,+26.399, +8.360,+0.975
1629686640,+3.46,+26.416, +8.470,+0.974
1629686700,+3.46,+26.399, +8.481,+0.975
1629686760,+3.46,+26.408, +8.396,+0.975
1629686820,+3.46,+26.416, +8.305,+0.974
1629686880,+3.46,+26.391, +8.165,+0.975
1629686940,+3.46,+26.391, +8.228,+0.975
1629687000,+3.46,+26.399, +8.257,+0.974
1629687060,+3.46,+26.382, +8.232,+0.974
1629687120,+3.46,+26.382, +8.204,+0.975
1629687180,+3.46,+26.382, +8.324,+0.975
1629687240,+3.46,+26.382, +8.189,+0.975
1629687300,+3.46,+26.391, +8.146,+0.975
1629687360,+3.46,+26.374, +8.058,+0.974
1629687420,+3.46,+26.357, +8.050,+0.975
1629687480,+3.46,+26.357, +7.983,+0.975
1629687540,+3.46,+26.349, +7.970,+0.975
1629687600,+3.46,+26.357, +7.960,+0.974
1629687660,+3.46,+26.332, +7.856,+0.974
1629687720,+3.46,+26.357, +7.991,+0.975
1629687780,+3.46,+26.349, +7.880,+0.974
1629687840,+3.46,+26.357, +7.998,+0.974
1629687900,+3.46,+26.332, +7.987,+0.975
1629687960,+3.46,+26.332, +7.848,+0.974
1629688020,+3.46,+26.332, +7.871,+0.974
1629688080,+3.46,+26.306, +7.893,+0.974
1629688140,+3.46,+26.332, +7.715,+0.974
1629688200,+3.46,+26.315, +7.736,+0.974
1629688260,+3.46,+26.332, +7.820,+0.974
1629688320,+3.46,+26.323, +7.957,+0.974
1629688380,+3.46,+26.323, +7.903,+0.974
1629688440,+3.46,+26.323, +7.761,+0.975
1629688500,+3.46,+26.306, +7.726,+0.974
1629688560,+3.46,+26.315, +7.709,+0.974
1629688620,+3.46,+26.315, +7.736,+0.974
1629688680,+3.46,+26.306, +7.697,+0.974
1629688740,+3.46,+26.306, +7.609,+0.974
1629688800,+3.46,+26.306, +7.584,+0.974
1629688860,+3.46,+26.298, +7.678,+0.973
1629688920,+3.46,+26.281, +7.589,+0.974
1629688980,+3.46,+26.289, +7.629,+0.975
1629689040,+3.46,+26.289, +7.636,+0.974
1629689100,+3.46,+26.289, +7.637,+0.974
1629689160,+3.46,+26.289, +7.582,+0.974
1629689220,+3.46,+26.289, +7.484,+0.973
1629689280,+3.46,+26.264, +7.560,+0.975
1629689340,+3.46,+26.289, +7.636,+0.974
1629689400,+3.46,+26.264, +7.557,+0.973
1629689460,+3.46,+26.289, +7.662,+0.974
1629689520,+3.46,+26.256, +7.601,+0.974
1629689580,+3.46,+26.256, +7.507,+0.974
1629689640,+3.46,+26.230, +7.264,+0.974
1629689700,+3.46,+26.239, +7.427,+0.974
1629689760,+3.46,+26.256, +7.407,+0.973
1629689820,+3.46,+26.256, +7.382,+0.974
1629689880,+3.46,+26.230, +7.407,+0.974
1629689940,+3.46,+26.230, +7.378,+0.974
1629690000,+3.46,+26.222, +7.329,+0.974
1629690060,+3.46,+26.239, +7.443,+0.974
1629690120,+3.46,+26.230, +7.203,+0.973
1629690180,+3.46,+26.222, +7.163,+0.974
1629690240,+3.46,+26.205, +7.063,+0.973
1629690300,+3.46,+26.222, +7.225,+0.974
1629690360,+3.46,+26.230, +7.282,+0.974
1629690420,+3.46,+26.239, +7.357,+0.974
1629690480,+3.46,+26.205, +7.124,+0.973
1629690540,+3.46,+26.205, +6.979,+0.973
1629690600,+3.46,+26.205, +6.986,+0.973
1629690660,+3.46,+26.196, +7.030,+0.974
1629690720,+3.46,+26.196, +7.106,+0.973
1629690780,+3.46,+26.205, +7.085,+0.973
1629690840,+3.46,+26.188, +6.947,+0.973
1629690900,+3.46,+26.171, +6.908,+0.973
1629690960,+3.46,+26.163, +6.820,+0.973
1629691020,+3.46,+26.180, +6.830,+0.974
1629691080,+3.46,+26.196, +7.034,+0.973
1629691140,+3.46,+26.180, +7.047,+0.973
1629691200,+3.46,+26.154, +6.760,+0.973
1629691260,+3.46,+26.163, +6.914,+0.973
1629691320,+3.46,+26.154, +6.895,+0.973
1629691380,+3.46,+26.154, +6.796,+0.973
1629691440,+3.46,+26.180, +7.077,+0.973
1629691500,+3.46,+26.196, +7.040,+0.974
1629691560,+3.46,+26.188, +6.928,+0.973
1629691620,+3.46,+26.146, +6.722,+0.973
1629691680,+3.46,+26.137, +6.769,+0.973
1629691740,+3.46,+26.146, +6.784,+0.973
1629691800,+3.46,+26.146, +6.697,+0.973
1629691860,+3.46,+26.154, +6.610,+0.973
1629691920,+3.46,+26.137, +6.562,+0.973
1629691980,+3.46,+26.137, +6.696,+0.974
1629692040,+3.46,+26.129, +6.582,+0.972
1629692100,+3.46,+26.137, +6.612,+0.972
1629692160,+3.46,+26.146, +6.710,+0.973
1629692220,+3.46,+26.137, +6.672,+0.973
1629692280,+3.46,+26.120, +6.594,+0.973
1629692340,+3.46,+26.120, +6.547,+0.973
1629692400,+3.46,+26.095, +6.512,+0.973
1629692460,+3.46,+26.104, +6.686,+0.973
1629692520,+3.46,+26.112, +6.730,+0.974
1629692580,+3.46,+26.120, +6.810,+0.973
1629692640,+3.46,+26.112, +6.681,+0.973
1629692700,+3.46,+26.095, +6.604,+0.973
1629692760,+3.46,+26.095, +6.549,+0.973
1629692820,+3.46,+26.087, +6.457,+0.973
1629692880,+3.46,+26.104, +6.610,+0.973
1629692940,+3.46,+26.095, +6.573,+0.973
1629693000,+3.46,+26.104, +6.670,+0.973
1629693060,+3.46,+26.087, +6.452,+0.973
1629693120,+3.46,+26.070, +6.341,+0.973
1629693180,+3.46,+26.061, +6.401,+0.973
1629693240,+3.46,+26.053, +6.411,+0.973
1629693300,+3.46,+26.061, +6.476,+0.973
1629693360,+3.46,+26.070, +6.579,+0.973
1629693420,+3.46,+26.053, +6.461,+0.972
1629693480,+3.46,+26.036, +6.454,+0.973
1629693540,+3.46,+26.028, +6.350,+0.973
1629693600,+3.46,+26.019, +6.274,+0.973
1629693660,+3.46,+26.019, +6.222,+0.972
1629693720,+3.46,+26.019, +6.184,+0.972
1629693780,+3.46,+26.002, +6.240,+0.973
1629693840,+3.46,+26.028, +6.318,+0.973
1629693900,+3.46,+26.036, +6.453,+0.972
1629693960,+3.46,+26.011, +6.381,+0.973
1629694020,+3.46,+26.002, +6.332,+0.973
1629694080,+3.46,+26.011, +6.242,+0.972
1629694140,+3.46,+26.011, +6.127,+0.972
1629694200,+3.46,+26.002, +6.138,+0.972
1629694260,+3.46,+26.011, +6.306,+0.973
1629694320,+3.46,+26.002, +6.314,+0.973
1629694380,+3.46,+26.011, +6.167,+0.972
1629694440,+3.46,+25.985, +6.176,+0.973
1629694500,+3.46,+26.011, +6.129,+0.972
1629694560,+3.46,+25.994, +6.109,+0.972
1629694620,+3.46,+26.011, +6.206,+0.973
1629694680,+3.46,+26.011, +6.291,+0.973
1629694740,+3.46,+26.002, +6.262,+0.972
1629694800,+3.46,+25.994, +6.056,+0.972
1629694860,+3.46,+25.977, +5.915,+0.972
1629694920,+3.46,+25.977, +5.943,+0.972
1629694980,+3.46,+26.002, +6.041,+0.972
1629695040,+3.46,+25.985, +6.084,+0.972
1629695100,+3.46,+25.994, +6.104,+0.972
1629695160,+3.46,+26.002, +5.987,+0.972
1629695220,+3.46,+25.968, +5.939,+0.973
1629695280,+3.46,+25.977, +5.978,+0.972
1629695340,+3.46,+25.985, +6.055,+0.972
1629695400,+3.46,+25.977, +6.174,+0.972
1629695460,+3.46,+25.977, +6.128,+0.972
1629695520,+3.46,+25.960, +6.015,+0.972
1629695580,+3.46,+25.943, +5.960,+0.972
1629695640,+3.46,+25.977, +6.027,+0.972
1629695700,+3.46,+25.960, +6.076,+0.972
1629695760,+3.46,+25.960, +6.079,+0.972
1629695820,+3.46,+25.968, +6.082,+0.972
1629695880,+3.46,+25.943, +6.078,+0.972
1629695940,+3.46,+25.935, +6.008,+0.972
1629696000,+3.46,+25.960, +6.060,+0.973
1629696060,+3.46,+25.968, +6.000,+0.972
1629696120,+3.46,+25.952, +6.019,+0.972
1629696180,+3.46,+25.935, +5.908,+0.972
1629696240,+3.46,+25.909, +5.868,+0.972
1629696300,+3.46,+25.909, +5.898,+0.972
1629696360,+3.46,+25.909, +5.887,+0.972
1629696420,+3.46,+25.909, +5.879,+0.972
1629696480,+3.46,+25.935, +5.959,+0.973
1629696540,+3.46,+25.935, +6.026,+0.972
1629696600,+3.46,+25.935, +5.965,+0.973
1629696660,+3.46,+25.943, +6.055,+0.972
1629696720,+3.46,+25.926, +5.938,+0.972
1629696780,+3.46,+25.926, +5.796,+0.972
1629696840,+3.46,+25.909, +5.664,+0.972
1629696900,+3.46,+25.943, +6.024,+0.973
1629696960,+3.46,+25.935, +6.002,+0.972
1629697020,+3.46,+25.935, +5.967,+0.972
1629697080,+3.46,+25.926, +5.875,+0.972
1629697140,+3.46,+25.918, +5.789,+0.972
1629697200,+3.46,+25.943, +5.795,+0.972
1629697260,+3.46,+25.918, +5.852,+0.972
1629697320,+3.46,+25.935, +5.932,+0.972
1629697380,+3.46,+25.918, +5.724,+0.972
1629697440,+3.46,+25.918, +5.686,+0.972
1629697500,+3.46,+25.901, +5.629,+0.972
1629697560,+3.46,+25.918, +5.729,+0.972
1629697620,+3.46,+25.918, +5.904,+0.972
1629697680,+3.46,+25.918, +5.810,+0.972
1629697740,+3.46,+25.909, +5.761,+0.972
1629697800,+3.46,+25.909, +5.857,+0.972
1629697860,+3.46,+25.918, +5.910,+0.972
1629697920,+3.46,+25.943, +5.878,+0.972
1629697980,+3.46,+25.918, +5.882,+0.972
1629698040,+3.46,+25.884, +5.882,+0.972
1629698100,+3.46,+25.893, +5.872,+0.972
1629698160,+3.46,+25.909, +5.828,+0.972
1629698220,+3.46,+25.876, +5.903,+0.972
1629698280,+3.46,+25.893, +5.923,+0.972
1629698340,+3.46,+25.884, +5.814,+0.972
1629698400,+3.46,+25.893, +5.874,+0.972
1629698460,+3.46,+25.884, +5.785,+0.972
1629698520,+3.46,+25.876, +5.891,+0.972
1629698580,+3.46,+25.876, +5.789,+0.972
1629698640,+3.46,+25.850, +5.704,+0.972
1629698700,+3.46,+25.876, +5.790,+0.972
1629698760,+3.46,+25.884, +5.889,+0.972
1629698820,+3.46,+25.884, +5.966,+0.972
1629698880,+3.46,+25.884, +5.910,+0.972
1629698940,+3.46,+25.884, +5.890,+0.972
1629699000,+3.46,+25.876, +5.889,+0.972
1629699060,+3.46,+25.893, +5.909,+0.972
1629699120,+3.46,+25.867, +5.842,+0.972
1629699180,+3.46,+25.893, +5.762,+0.972
1629699240,+3.46,+25.867, +5.744,+0.972
1629699300,+3.46,+25.876, +5.768,+0.972
1629699360,+3.46,+25.876, +5.797,+0.972
1629699420,+3.46,+25.867, +5.792,+0.972
1629699480,+3.46,+25.867, +5.814,+0.972
1629699540,+3.46,+25.884, +5.925,+0.972
1629699600,+3.46,+25.884, +5.831,+0.972
1629699660,+3.46,+25.867, +5.881,+0.971
1629699720,+3.46,+25.867, +5.830,+0.972
1629699780,+3.46,+25.876, +5.836,+0.972
1629699840,+3.46,+25.850, +5.748,+0.972
1629699900,+3.46,+25.833, +5.639,+0.971
1629699960,+3.46,+25.859, +5.807,+0.972
1629700020,+3.46,+25.867, +5.878,+0.971
1629700080,+3.46,+25.850, +5.849,+0.971
1629700140,+3.46,+25.859, +5.818,+0.972
1629700200,+3.46,+25.867, +5.718,+0.972
1629700260,+3.46,+25.850, +5.750,+0.972
1629700320,+3.46,+25.859, +5.777,+0.972
1629700380,+3.46,+25.867, +5.828,+0.972
1629700440,+3.46,+25.859, +5.758,+0.972
1629700500,+3.46,+25.876, +5.887,+0.972
1629700560,+3.46,+25.859, +5.932,+0.972
1629700620,+3.46,+25.867, +5.934,+0.972
1629700680,+3.46,+25.876, +5.876,+0.972
1629700740,+3.46,+25.884, +5.946,+0.972
1629700800,+3.46,+25.867, +5.878,+0.972
1629700860,+3.46,+25.893, +5.988,+0.972
1629700920,+3.46,+25.867, +5.955,+0.972
1629700980,+3.46,+25.850, +5.919,+0.972
1629701040,+3.46,+25.876, +5.972,+0.972
1629701100,+3.46,+25.859, +5.953,+0.972
1629701160,+3.46,+25.859, +5.745,+0.972
1629701220,+3.46,+25.867, +5.711,+0.972
1629701280,+3.46,+25.867, +5.735,+0.972
1629701340,+3.46,+25.876, +5.950,+0.972
1629701400,+3.46,+25.867, +5.926,+0.972
1629701460,+3.46,+25.876, +5.975,+0.972
1629701520,+3.46,+25.884, +5.932,+0.972
1629701580,+3.46,+25.884, +5.928,+0.973
1629701640,+3.46,+25.876, +6.035,+0.972
1629701700,+3.46,+25.901, +6.030,+0.972
1629701760,+3.46,+25.893, +6.001,+0.972
1629701820,+3.46,+25.884, +5.973,+0.972
1629701880,+3.46,+25.867, +6.006,+0.972
1629701940,+3.46,+25.884, +5.989,+0.972
1629702000,+3.46,+25.859, +5.971,+0.972
1629702060,+3.46,+25.901, +6.007,+0.972
1629702120,+3.46,+25.884, +5.905,+0.972
1629702180,+3.46,+25.884, +6.000,+0.972
1629702240,+3.46,+25.893, +6.013,+0.972
1629702300,+3.46,+25.876, +6.056,+0.972
1629702360,+3.46,+25.867, +6.069,+0.972
1629702420,+3.46,+25.876, +5.947,+0.972
1629702480,+3.46,+25.884, +6.050,+0.972
1629702540,+3.46,+25.893, +6.068,+0.972
1629702600,+3.46,+25.876, +6.052,+0.972
1629702660,+3.46,+25.867, +5.948,+0.972
1629702720,+3.46,+25.884, +6.057,+0.972
1629702780,+3.46,+25.884, +6.157,+0.972
1629702840,+3.46,+25.884, +6.202,+0.973
1629702900,+3.46,+25.876, +6.083,+0.972
1629702960,+3.46,+25.867, +6.119,+0.972
1629703020,+3.46,+25.884, +6.079,+0.972
1629703080,+3.46,+25.876, +6.121,+0.972
1629703140,+3.46,+25.859, +6.165,+0.972
1629703200,+3.46,+25.859, +6.104,+0.972
1629703260,+3.46,+25.867, +6.059,+0.972
1629703320,+3.46,+25.876, +6.066,+0.972
1629703380,+3.46,+25.867, +6.224,+0.972
1629703440,+3.46,+25.876, +6.252,+0.973
1629703500,+3.46,+25.859, +6.060,+0.972
1629703560,+3.46,+25.859, +6.194,+0.972
1629703620,+3.46,+25.876, +6.154,+0.972
1629703680,+3.46,+25.850, +6.170,+0.972
1629703740,+3.46,+25.859, +6.267,+0.972
1629703800,+3.46,+25.867, +6.143,+0.972
1629703860,+3.46,+25.842, +6.136,+0.972
1629703920,+3.46,+25.859, +6.119,+0.972
1629703980,+3.46,+25.859, +6.171,+0.972
1629704040,+3.46,+25.859, +6.227,+0.972
1629704100,+3.46,+25.867, +6.194,+0.972
1629704160,+3.46,+25.850, +6.158,+0.972
1629704220,+3.46,+25.850, +6.166,+0.973
1629704280,+3.46,+25.859, +6.140,+0.972
1629704340,+3.46,+25.850, +6.280,+0.972
1629704400,+3.46,+25.876, +6.208,+0.972
1629704460,+3.46,+25.842, +6.103,+0.971
1629704520,+3.46,+25.850, +6.122,+0.972
1629704580,+3.46,+25.817, +6.146,+0.972
1629704640,+3.46,+25.867, +6.217,+0.972
1629704700,+3.46,+25.850, +6.169,+0.972
1629704760,+3.46,+25.859, +6.195,+0.972
1629704820,+3.46,+25.850, +6.117,+0.972
1629704880,+3.46,+25.850, +6.113,+0.972
1629704940,+3.46,+25.850, +6.172,+0.972
1629705000,+3.46,+25.842, +6.207,+0.972
1629705060,+3.46,+25.850, +6.296,+0.972
1629705120,+3.46,+25.833, +6.289,+0.973
1629705180,+3.46,+25.842, +6.250,+0.972
1629705240,+3.46,+25.842, +6.261,+0.972
1629705300,+3.46,+25.842, +6.390,+0.973
1629705360,+3.46,+25.842, +6.381,+0.973
1629705420,+3.46,+25.825, +6.449,+0.972
1629705480,+3.46,+25.867, +6.318,+0.972
1629705540,+3.46,+25.842, +6.249,+0.972
1629705600,+3.46,+25.825, +6.299,+0.972
1629705660,+3.46,+25.833, +6.215,+0.972
1629705720,+3.46,+25.842, +6.280,+0.972
1629705780,+3.46,+25.842, +6.320,+0.972
1629705840,+3.46,+25.842, +6.252,+0.972
1629705900,+3.46,+25.825, +6.266,+0.972
1629705960,+3.46,+25.842, +6.340,+0.973
1629706020,+3.46,+25.867, +6.432,+0.973
1629706080,+3.46,+25.850, +6.349,+0.972
1629706140,+3.46,+25.859, +6.333,+0.972
1629706200,+3.46,+25.867, +6.379,+0.973
1629706260,+3.46,+25.850, +6.523,+0.973
1629706320,+3.46,+25.859, +6.449,+0.973
1629706380,+3.46,+25.842, +6.387,+0.972
1629706440,+3.46,+25.859, +6.339,+0.973
1629706500,+3.46,+25.850, +6.290,+0.972
1629706560,+3.46,+25.850, +6.363,+0.972
1629706620,+3.46,+25.850, +6.519,+0.972
1629706680,+3.46,+25.850, +6.522,+0.973
1629706740,+3.46,+25.850, +6.448,+0.972
1629706800,+3.46,+25.850, +6.400,+0.972
1629706860,+3.46,+25.859, +6.531,+0.972
1629706920,+3.46,+25.842, +6.575,+0.973
1629706980,+3.46,+25.842, +6.449,+0.973
1629707040,+3.46,+25.850, +6.490,+0.973
1629707100,+3.46,+25.859, +6.461,+0.973
1629707160,+3.46,+25.825, +6.446,+0.972
1629707220,+3.46,+25.842, +6.512,+0.972
1629707280,+3.46,+25.817, +6.526,+0.972
1629707340,+3.46,+25.833, +6.515,+0.973
1629707400,+3.46,+25.833, +6.552,+0.972
1629707460,+3.46,+25.833, +6.603,+0.973
1629707520,+3.46,+25.825, +6.567,+0.973
1629707580,+3.46,+25.833, +6.564,+0.973
1629707640,+3.46,+25.842, +6.572,+0.972
1629707700,+3.46,+25.817, +6.570,+0.973
1629707760,+3.46,+25.825, +6.634,+0.973
1629707820,+3.46,+25.825, +6.589,+0.973
1629707880,+3.46,+25.791, +6.423,+0.972
1629707940,+3.46,+25.800, +6.480,+0.973
1629708000,+3.46,+25.774, +6.476,+0.972
1629708060,+3.46,+25.774, +6.578,+0.972
1629708120,+3.46,+25.774, +6.505,+0.972
1629708180,+3.46,+25.749, +6.469,+0.972
1629708240,+3.46,+25.758, +6.433,+0.972
1629708300,+3.46,+25.758, +6.355,+0.972
1629708360,+3.46,+25.758, +6.432,+0.972
1629708420,+3.46,+25.749, +6.493,+0.973
1629708480,+3.46,+25.749, +6.516,+0.973
1629708540,+3.46,+25.715, +6.602,+0.972
1629708600,+3.46,+25.741, +6.517,+0.972
1629708660,+3.46,+25.724, +6.512,+0.973
1629708720,+3.46,+25.724, +6.474,+0.973
1629708780,+3.46,+25.741, +6.531,+0.973
1629708840,+3.46,+25.741, +6.501,+0.973
1629708900,+3.46,+25.741, +6.465,+0.972
1629708960,+3.46,+25.732, +6.467,+0.972
1629709020,+3.46,+25.741, +6.487,+0.972
1629709080,+3.46,+25.732, +6.566,+0.972
1629709140,+3.46,+25.749, +6.568,+0.972
1629709200,+3.46,+25.766, +6.558,+0.972
1629709260,+3.46,+25.774, +6.555,+0.973
1629709320,+3.46,+25.732, +6.467,+0.972
1629709380,+3.46,+25.741, +6.425,+0.973
1629709440,+3.46,+25.732, +6.405,+0.973
1629709500,+3.46,+25.732, +6.528,+0.972
1629709560,+3.46,+25.741, +6.504,+0.972
1629709620,+3.46,+25.758, +6.585,+0.972
1629709680,+3.46,+25.774, +6.567,+0.973
1629709740,+3.46,+25.749, +6.459,+0.972
1629709800,+3.46,+25.749, +6.531,+0.972
1629709860,+3.46,+25.766, +6.592,+0.972
1629709920,+3.46,+25.774, +6.616,+0.973
1629709980,+3.46,+25.766, +6.532,+0.972
1629710040,+3.46,+25.774, +6.602,+0.972
1629710100,+3.46,+25.766, +6.629,+0.973
1629710160,+3.46,+25.774, +6.618,+0.972
1629710220,+3.46,+25.774, +6.603,+0.972
1629710280,+3.46,+25.783, +6.625,+0.972
1629710340,+3.46,+25.741, +6.496,+0.973
1629710400,+3.46,+25.741, +6.468,+0.972
1629710460,+3.46,+25.758, +6.527,+0.972
1629710520,+3.46,+25.732, +6.493,+0.972
1629710580,+3.46,+25.724, +6.510,+0.973
1629710640,+3.46,+25.715, +6.547,+0.972
1629710700,+3.46,+25.724, +6.483,+0.972
1629710760,+3.46,+25.724, +6.403,+0.972
1629710820,+3.46,+25.724, +6.462,+0.972
1629710880,+3.46,+25.732, +6.548,+0.973
1629710940,+3.46,+25.715, +6.511,+0.972
1629711000,+3.46,+25.741, +6.562,+0.973
1629711060,+3.46,+25.724, +6.542,+0.972
1629711120,+3.46,+25.715, +6.513,+0.972
1629711180,+3.46,+25.749, +6.580,+0.973
1629711240,+3.46,+25.774, +6.674,+0.973
1629711300,+3.46,+25.766, +6.648,+0.973
1629711360,+3.46,+25.791, +6.716,+0.973
1629711420,+3.46,+25.783, +6.647,+0.973
1629711480,+3.46,+25.774, +6.597,+0.973
1629711540,+3.46,+25.766, +6.590,+0.972
1629711600,+3.46,+25.766, +6.614,+0.973
1629711660,+3.46,+25.774, +6.650,+0.973
1629711720,+3.46,+25.766, +6.695,+0.972
1629711780,+3.46,+25.783, +6.631,+0.972
1629711840,+3.46,+25.758, +6.610,+0.972
1629711900,+3.46,+25.749, +6.565,+0.973
1629711960,+3.46,+25.766, +6.575,+0.972
1629712020,+3.46,+25.758, +6.604,+0.972
1629712080,+3.46,+25.774, +6.649,+0.972
1629712140,+3.46,+25.766, +6.621,+0.972
1629712200,+3.46,+25.774, +6.619,+0.973
1629712260,+3.46,+25.774, +6.554,+0.973
1629712320,+3.46,+25.758, +6.546,+0.972
1629712380,+3.46,+25.783, +6.656,+0.973
1629712440,+3.46,+25.766, +6.642,+0.972
1629712500,+3.46,+25.791, +6.654,+0.972
1629712560,+3.46,+25.783, +6.697,+0.973
1629712620,+3.46,+25.783, +6.626,+0.973
1629712680,+3.46,+25.791, +6.587,+0.972
1629712740,+3.46,+25.791, +6.619,+0.972
1629712800,+3.46,+25.783, +6.547,+0.972
1629712860,+3.46,+25.783, +6.563,+0.973
1629712920,+3.46,+25.800, +6.561,+0.973
1629712980,+3.46,+25.791, +6.596,+0.973
1629713040,+3.46,+25.783, +6.581,+0.972
1629713100,+3.46,+25.758, +6.534,+0.973
1629713160,+3.46,+25.758, +6.556,+0.972
1629713220,+3.46,+25.758, +6.568,+0.973
1629713280,+3.46,+25.774, +6.606,+0.973
1629713340,+3.46,+25.783, +6.608,+0.973
1629713400,+3.46,+25.774, +6.546,+0.973
1629713460,+3.46,+25.774, +6.545,+0.973
1629713520,+3.46,+25.758, +6.520,+0.973
1629713580,+3.46,+25.749, +6.532,+0.972
1629713640,+3.46,+25.749, +6.553,+0.973
1629713700,+3.46,+25.766, +6.503,+0.973
1629713760,+3.46,+25.724, +6.520,+0.973
1629713820,+3.46,+25.758, +6.555,+0.972
1629713880,+3.46,+25.783, +6.670,+0.973
1629713940,+3.46,+25.783, +6.618,+0.973
1629714000,+3.46,+25.817, +6.684,+0.973
1629714060,+3.46,+25.791, +6.641,+0.972
1629714120,+3.46,+25.791, +6.581,+0.972
1629714180,+3.46,+25.800, +6.538,+0.973
1629714240,+3.46,+25.774, +6.602,+0.973
1629714300,+3.46,+25.766, +6.563,+0.973
1629714360,+3.46,+25.766, +6.529,+0.973
1629714420,+3.46,+25.766, +6.529,+0.972
1629714480,+3.46,+25.758, +6.518,+0.973
1629714540,+3.46,+25.783, +6.565,+0.973
1629714600,+3.46,+25.783, +6.591,+0.972
1629714660,+3.46,+25.766, +6.565,+0.973
1629714720,+3.46,+25.791, +6.570,+0.973
1629714780,+3.46,+25.791, +6.580,+0.972
1629714840,+3.46,+25.783, +6.631,+0.973
1629714900,+3.46,+25.791, +6.596,+0.973
1629714960,+3.46,+25.791, +6.561,+0.973
1629715020,+3.46,+25.783, +6.575,+0.973
1629715080,+3.46,+25.791, +6.527,+0.972
1629715140,+3.46,+25.808, +6.639,+0.973
1629715200,+3.46,+25.817, +6.603,+0.973
1629715260,+3.46,+25.825, +6.594,+0.972
1629715320,+3.46,+25.825, +6.624,+0.972
1629715380,+3.46,+25.825, +6.548,+0.973
1629715440,+3.46,+25.808, +6.548,+0.972
1629715500,+3.46,+25.783, +6.576,+0.972
1629715560,+3.46,+25.749, +6.562,+0.973
1629715620,+3.46,+25.749, +6.569,+0.973
1629715680,+3.46,+25.749, +6.611,+0.972
1629715740,+3.46,+25.758, +6.582,+0.973
1629715800,+3.46,+25.774, +6.516,+0.973
1629715860,+3.46,+25.749, +6.542,+0.973
1629715920,+3.46,+25.766, +6.577,+0.972
1629715980,+3.46,+25.791, +6.601,+0.972
1629716040,+3.46,+25.774, +6.560,+0.973
1629716100,+3.46,+25.766, +6.473,+0.972
1629716160,+3.46,+25.774, +6.556,+0.973
1629716220,+3.46,+25.774, +6.582,+0.973
1629716280,+3.46,+25.783, +6.544,+0.973
1629716340,+3.46,+25.783, +6.521,+0.972
1629716400,+3.46,+25.766, +6.568,+0.973
1629716460,+3.46,+25.774, +6.555,+0.973
1629716520,+3.46,+25.758, +6.483,+0.972
1629716580,+3.46,+25.758, +6.450,+0.972
1629716640,+3.46,+25.783, +6.459,+0.972
1629716700,+3.46,+25.774, +6.492,+0.972
1629716760,+3.46,+25.783, +6.494,+0.972
1629716820,+3.46,+25.783, +6.482,+0.973
1629716880,+3.46,+25.783, +6.453,+0.973
1629716940,+3.46,+25.774, +6.518,+0.972
1629717000,+3.46,+25.791, +6.620,+0.973
1629717060,+3.46,+25.808, +6.558,+0.973
1629717120,+3.46,+25.791, +6.493,+0.972
1629717180,+3.46,+25.783, +6.530,+0.972
1629717240,+3.46,+25.783, +6.550,+0.973
1629717300,+3.46,+25.774, +6.526,+0.972
1629717360,+3.46,+25.774, +6.515,+0.972
1629717420,+3.46,+25.800, +6.459,+0.973
1629717480,+3.46,+25.783, +6.474,+0.973
1629717540,+3.46,+25.800, +6.465,+0.972
1629717600,+3.46,+25.783, +6.521,+0.972
1629717660,+3.46,+25.774, +6.466,+0.972
1629717720,+3.46,+25.800, +6.471,+0.972
1629717780,+3.46,+25.766, +6.456,+0.972
1629717840,+3.46,+25.774, +6.531,+0.973
1629717900,+3.46,+25.774, +6.531,+0.973
1629717960,+3.46,+25.800, +6.524,+0.973
1629718020,+3.46,+25.783, +6.487,+0.972
1629718080,+3.46,+25.774, +6.491,+0.973
1629718140,+3.46,+25.774, +6.450,+0.972
1629718200,+3.46,+25.758, +6.441,+0.973
1629718260,+3.46,+25.766, +6.425,+0.972
1629718320,+3.46,+25.741, +6.466,+0.972
1629718380,+3.46,+25.741, +6.456,+0.973
1629718440,+3.46,+25.749, +6.453,+0.973
1629718500,+3.46,+25.749, +6.440,+0.973
1629718560,+3.46,+25.732, +6.484,+0.972
1629718620,+3.46,+25.741, +6.449,+0.973
1629718680,+3.46,+25.741, +6.432,+0.973
1629718740,+3.46,+25.766, +6.464,+0.973
1629718800,+3.46,+25.766, +6.422,+0.972
1629718860,+3.46,+25.766, +6.489,+0.973
1629718920,+3.46,+25.774, +6.449,+0.972
1629718980,+3.46,+25.774, +6.398,+0.973
1629719040,+3.46,+25.774, +6.414,+0.972
1629719100,+3.46,+25.766, +6.423,+0.972
1629719160,+3.46,+25.758, +6.383,+0.972
1629719220,+3.46,+25.783, +6.386,+0.972
1629719280,+3.46,+25.783, +6.385,+0.973
1629719340,+3.46,+25.774, +6.371,+0.972
1629719400,+3.46,+25.783, +6.432,+0.972
1629719460,+3.46,+25.783, +6.397,+0.973
1629719520,+3.46,+25.783, +6.334,+0.972
1629719580,+3.46,+25.774, +6.329,+0.973
1629719640,+3.46,+25.783, +6.346,+0.972
1629719700,+3.46,+25.791, +6.410,+0.973
1629719760,+3.46,+25.774, +6.392,+0.973
1629719820,+3.46,+25.774, +6.387,+0.973
1629719880,+3.46,+25.800, +6.437,+0.973
1629719940,+3.46,+25.783, +6.345,+0.972
1629720000,+3.46,+25.774, +6.344,+0.972
1629720060,+3.46,+25.791, +6.428,+0.973
1629720120,+3.46,+25.783, +6.355,+0.972
1629720180,+3.46,+25.766, +6.383,+0.972
1629720240,+3.46,+25.774, +6.340,+0.972
1629720300,+3.46,+25.783, +6.320,+0.973
1629720360,+3.46,+25.766, +6.316,+0.972
1629720420,+3.46,+25.791, +6.374,+0.973
1629720480,+3.46,+25.783, +6.402,+0.972
1629720540,+3.46,+25.749, +6.356,+0.973
1629720600,+3.46,+25.766, +6.337,+0.972
1629720660,+3.46,+25.766, +6.341,+0.972
1629720720,+3.46,+25.791, +6.454,+0.972
1629720780,+3.46,+25.766, +6.401,+0.973
1629720840,+3.46,+25.774, +6.427,+0.973
1629720900,+3.46,+25.783, +6.386,+0.972
1629720960,+3.46,+25.791, +6.356,+0.972
1629721020,+3.46,+25.783, +6.391,+0.972
1629721080,+3.46,+25.774, +6.321,+0.972
1629721140,+3.46,+25.766, +6.315,+0.972
1629721200,+3.46,+25.749, +6.356,+0.973
1629721260,+3.46,+25.758, +6.335,+0.972
1629721320,+3.46,+25.758, +6.353,+0.972
1629721380,+3.46,+25.749, +6.330,+0.972
1629721440,+3.46,+25.774, +6.330,+0.972
1629721500,+3.46,+25.741, +6.310,+0.972
1629721560,+3.46,+25.758, +6.301,+0.972
1629721620,+3.46,+25.749, +6.361,+0.973
1629721680,+3.46,+25.774, +6.428,+0.973
1629721740,+3.46,+25.758, +6.361,+0.973
1629721800,+3.46,+25.758, +6.402,+0.972
1629721860,+3.46,+25.783, +6.334,+0.972
1629721920,+3.46,+25.758, +6.323,+0.972
1629721980,+3.46,+25.749, +6.301,+0.972
1629722040,+3.46,+25.766, +6.376,+0.973
1629722100,+3.46,+25.766, +6.328,+0.972
1629722160,+3.46,+25.749, +6.285,+0.972
1629722220,+3.46,+25.749, +6.278,+0.971
1629722280,+3.46,+25.749, +6.285,+0.972
1629722340,+3.46,+25.732, +6.306,+0.972
1629722400,+3.46,+25.732, +6.289,+0.972
1629722460,+3.46,+25.732, +6.221,+0.972
1629722520,+3.46,+25.749, +6.267,+0.973
1629722580,+3.46,+25.758, +6.300,+0.972
1629722640,+3.46,+25.758, +6.316,+0.972
1629722700,+3.46,+25.749, +6.255,+0.972
1629722760,+3.46,+25.758, +6.172,+0.972
1629722820,+3.46,+25.732, +6.207,+0.972
1629722880,+3.46,+25.732, +6.254,+0.972
1629722940,+3.46,+25.732, +6.254,+0.972
1629723000,+3.46,+25.758, +6.211,+0.972
1629723060,+3.46,+25.749, +6.259,+0.972
1629723120,+3.46,+25.741, +6.283,+0.972
1629723180,+3.46,+25.774, +6.304,+0.972
1629723240,+3.46,+25.758, +6.226,+0.972
1629723300,+3.46,+25.766, +6.272,+0.972
1629723360,+3.46,+25.783, +6.346,+0.973
1629723420,+3.46,+25.817, +6.467,+0.972
1629723480,+3.46,+25.800, +6.380,+0.972
1629723540,+3.46,+25.791, +6.306,+0.973
1629723600,+3.46,+25.791, +6.209,+0.973
1629723660,+3.46,+25.774, +6.145,+0.972
1629723720,+3.46,+25.783, +6.206,+0.972
1629723780,+3.46,+25.791, +6.265,+0.973
1629723840,+3.46,+25.791, +6.271,+0.972
1629723900,+3.46,+25.800, +6.242,+0.972
1629723960,+3.46,+25.783, +6.206,+0.972
1629724020,+3.46,+25.766, +6.132,+0.972
1629724080,+3.46,+25.783, +6.174,+0.972
1629724140,+3.46,+25.766, +6.247,+0.972
1629724200,+3.46,+25.783, +6.259,+0.973
1629724260,+3.46,+25.774, +6.206,+0.972
1629724320,+3.46,+25.758, +6.096,+0.972
1629724380,+3.46,+25.749, +6.142,+0.972
1629724440,+3.46,+25.732, +6.119,+0.972
1629724500,+3.46,+25.758, +6.274,+0.972
1629724560,+3.46,+25.791, +6.366,+0.972
1629724620,+3.46,+25.791, +6.291,+0.972
1629724680,+3.46,+25.791, +6.074,+0.972
1629724740,+3.46,+25.791, +6.129,+0.972
1629724800,+3.46,+25.825, +6.164,+0.972
1629724860,+3.46,+25.842, +6.291,+0.972
1629724920,+3.46,+25.825, +6.305,+0.972
1629724980,+3.46,+25.808, +6.192,+0.973
1629725040,+3.46,+25.825, +6.243,+0.973
1629725100,+3.46,+25.808, +6.260,+0.973
1629725160,+3.46,+25.825, +6.211,+0.972
1629725220,+3.46,+25.808, +6.069,+0.972
1629725280,+3.46,+25.825, +6.163,+0.972
1629725340,+3.46,+25.817, +6.224,+0.973
1629725400,+3.46,+25.817, +6.248,+0.972
1629725460,+3.46,+25.817, +6.157,+0.972
1629725520,+3.46,+25.800, +6.147,+0.971
1629725580,+3.46,+25.800, +6.134,+0.972
1629725640,+3.46,+25.783, +6.131,+0.973
1629725700,+3.46,+25.791, +5.998,+0.972
1629725760,+3.46,+25.783, +5.960,+0.972
1629725820,+3.46,+25.774, +6.142,+0.972
1629725880,+3.46,+25.800, +6.136,+0.972
1629725940,+3.46,+25.791, +6.075,+0.972
1629726000,+3.46,+25.766, +6.002,+0.972
1629726060,+3.46,+25.783, +6.029,+0.972
1629726120,+3.46,+25.800, +6.139,+0.972
1629726180,+3.46,+25.800, +6.160,+0.972
1629726240,+3.46,+25.791, +6.108,+0.972
1629726300,+3.46,+25.774, +5.994,+0.972
1629726360,+3.46,+25.774, +5.962,+0.972
1629726420,+3.46,+25.791, +6.011,+0.972
1629726480,+3.46,+25.791, +5.978,+0.972
1629726540,+3.46,+25.800, +5.975,+0.972
1629726600,+3.46,+25.766, +5.915,+0.972
1629726660,+3.46,+25.783, +5.959,+0.972
1629726720,+3.46,+25.783, +5.834,+0.972
1629726780,+3.46,+25.774, +5.879,+0.972
1629726840,+3.46,+25.774, +6.070,+0.972
1629726900,+3.46,+25.766, +5.989,+0.972
1629726960,+3.46,+25.774, +5.890,+0.972
1629727020,+3.46,+25.766, +5.838,+0.972
1629727080,+3.46,+25.758, +5.829,+0.972
1629727140,+3.46,+25.732, +5.963,+0.972
1629727200,+3.46,+25.749, +5.901,+0.971
1629727260,+3.46,+25.749, +5.867,+0.972
1629727320,+3.46,+25.732, +5.832,+0.972
1629727380,+3.46,+25.758, +5.836,+0.972
1629727440,+3.46,+25.749, +5.815,+0.971
1629727500,+3.46,+25.766, +5.893,+0.972
1629727560,+3.46,+25.758, +5.908,+0.972
1629727620,+3.46,+25.774, +5.946,+0.972
1629727680,+3.46,+25.774, +5.904,+0.972
1629727740,+3.46,+25.758, +5.745,+0.972
1629727800,+3.46,+25.758, +5.727,+0.972
1629727860,+3.46,+25.766, +5.762,+0.972
1629727920,+3.46,+25.758, +5.810,+0.972
1629727980,+3.46,+25.774, +5.814,+0.972
1629728040,+3.46,+25.766, +5.685,+0.972
1629728100,+3.46,+25.758, +5.633,+0.972
1629728160,+3.46,+25.766, +5.704,+0.972
1629728220,+3.46,+25.749, +5.655,+0.972
1629728280,+3.46,+25.766, +5.733,+0.972
1629728340,+3.46,+25.758, +5.787,+0.972
1629728400,+3.46,+25.749, +5.651,+0.971
1629728460,+3.46,+25.741, +5.743,+0.972
1629728520,+3.46,+25.758, +5.775,+0.972
1629728580,+3.46,+25.749, +5.767,+0.972
1629728640,+3.46,+25.741, +5.642,+0.972
1629728700,+3.46,+25.732, +5.679,+0.971
1629728760,+3.46,+25.749, +5.661,+0.971
1629728820,+3.46,+25.758, +5.698,+0.971
1629728880,+3.46,+25.749, +5.706,+0.972
1629728940,+3.46,+25.758, +5.642,+0.971
1629729000,+3.46,+25.741, +5.581,+0.972
1629729060,+3.46,+25.749, +5.650,+0.971
1629729120,+3.46,+25.741, +5.615,+0.972
1629729180,+3.46,+25.741, +5.593,+0.972
1629729240,+3.46,+25.732, +5.553,+0.972
1629729300,+3.46,+25.724, +5.476,+0.972
1629729360,+3.46,+25.724, +5.461,+0.972
1629729420,+3.46,+25.732, +5.572,+0.972
1629729480,+3.46,+25.741, +5.656,+0.972
1629729540,+3.46,+25.732, +5.560,+0.971
1629729600,+3.46,+25.749, +5.606,+0.972
1629729660,+3.46,+25.741, +5.504,+0.971
1629729720,+3.46,+25.741, +5.498,+0.971
1629729780,+3.46,+25.741, +5.648,+0.972
1629729840,+3.46,+25.741, +5.615,+0.972
1629729900,+3.46,+25.732, +5.545,+0.971
1629729960,+3.46,+25.715, +5.567,+0.972
1629730020,+3.46,+25.707, +5.511,+0.972
1629730080,+3.46,+25.715, +5.495,+0.972
1629730140,+3.46,+25.707, +5.567,+0.972
1629730200,+3.46,+25.724, +5.508,+0.972
1629730260,+3.46,+25.732, +5.495,+0.972
1629730320,+3.46,+25.715, +5.517,+0.972
1629730380,+3.46,+25.724, +5.468,+0.972
1629730440,+3.46,+25.715, +5.456,+0.972
1629730500,+3.46,+25.707, +5.462,+0.972
1629730560,+3.46,+25.707, +5.462,+0.972
1629730620,+3.46,+25.707, +5.536,+0.972
1629730680,+3.46,+25.715, +5.458,+0.971
1629730740,+3.46,+25.724, +5.371,+0.972
1629730800,+3.46,+25.715, +5.467,+0.972
1629730860,+3.46,+25.715, +5.460,+0.972
1629730920,+3.46,+25.732, +5.416,+0.971
1629730980,+3.46,+25.707, +5.437,+0.972
1629731040,+3.46,+25.699, +5.412,+0.972
1629731100,+3.46,+25.707, +5.404,+0.972
1629731160,+3.46,+25.707, +5.426,+0.971
1629731220,+3.46,+25.699, +5.507,+0.972
1629731280,+3.46,+25.715, +5.458,+0.971
1629731340,+3.46,+25.715, +5.432,+0.972
1629731400,+3.46,+25.699, +5.336,+0.972
1629731460,+3.46,+25.707, +5.353,+0.972
1629731520,+3.46,+25.715, +5.389,+0.972
1629731580,+3.46,+25.715, +5.350,+0.972
1629731640,+3.46,+25.690, +5.319,+0.971
1629731700,+3.46,+25.699, +5.291,+0.972
1629731760,+3.46,+25.673, +5.241,+0.972
1629731820,+3.46,+25.665, +5.332,+0.971
1629731880,+3.46,+25.673, +5.311,+0.972
1629731940,+3.46,+25.673, +5.334,+0.972
1629732000,+3.46,+25.682, +5.323,+0.971
1629732060,+3.46,+25.673, +5.260,+0.971
1629732120,+3.46,+25.682, +5.268,+0.972
1629732180,+3.46,+25.682, +5.237,+0.971
1629732240,+3.46,+25.682, +5.215,+0.972
1629732300,+3.46,+25.699, +5.232,+0.972
1629732360,+3.46,+25.673, +5.224,+0.971
1629732420,+3.46,+25.682, +5.212,+0.972
1629732480,+3.46,+25.690, +5.192,+0.972
1629732540,+3.46,+25.665, +5.228,+0.971
1629732600,+3.46,+25.673, +5.196,+0.972
1629732660,+3.46,+25.673, +5.217,+0.972
1629732720,+3.46,+25.690, +5.150,+0.972
1629732780,+3.46,+25.656, +5.017,+0.971
1629732840,+3.46,+25.665, +4.989,+0.972
1629732900,+3.46,+25.656, +5.059,+0.971
1629732960,+3.46,+25.673, +5.112,+0.972
1629733020,+3.46,+25.690, +5.095,+0.971
1629733080,+3.46,+25.665, +5.051,+0.972
1629733140,+3.46,+25.690, +4.990,+0.971
1629733200,+3.46,+25.673, +4.996,+0.972
1629733260,+3.46,+25.673, +4.974,+0.972
1629733320,+3.46,+25.673, +5.099,+0.971
1629733380,+3.46,+25.665, +5.104,+0.971
1629733440,+3.46,+25.673, +4.960,+0.971
1629733500,+3.46,+25.665, +4.831,+0.971
1629733560,+3.46,+25.665, +4.898,+0.971
1629733620,+3.46,+25.648, +4.939,+0.971
1629733680,+3.46,+25.648, +4.921,+0.971
1629733740,+3.46,+25.665, +4.939,+0.971
1629733800,+3.46,+25.640, +4.927,+0.971
1629733860,+3.46,+25.631, +4.844,+0.971
1629733920,+3.46,+25.631, +4.785,+0.971
1629733980,+3.46,+25.648, +4.854,+0.971
1629734040,+3.46,+25.631, +4.956,+0.972
1629734100,+3.46,+25.623, +4.963,+0.972
1629734160,+3.46,+25.623, +4.949,+0.971
1629734220,+3.46,+25.597, +4.831,+0.971
1629734280,+3.46,+25.589, +4.747,+0.971
1629734340,+3.46,+25.614, +4.832,+0.971
1629734400,+3.46,+25.589, +4.901,+0.971
1629734460,+3.46,+25.597, +4.868,+0.971
1629734520,+3.46,+25.589, +4.848,+0.972
1629734580,+3.46,+25.589, +4.750,+0.972
1629734640,+3.46,+25.581, +4.689,+0.971
1629734700,+3.46,+25.581, +4.651,+0.971
1629734760,+3.46,+25.581, +4.670,+0.972
1629734820,+3.46,+25.597, +4.697,+0.971
1629734880,+3.46,+25.581, +4.777,+0.971
1629734940,+3.46,+25.572, +4.804,+0.971
1629735000,+3.46,+25.564, +4.727,+0.971
1629735060,+3.46,+25.572, +4.658,+0.971
1629735120,+3.46,+25.564, +4.636,+0.971
1629735180,+3.46,+25.564, +4.685,+0.971
1629735240,+3.46,+25.572, +4.753,+0.971
1629735300,+3.46,+25.572, +4.747,+0.971
1629735360,+3.46,+25.589, +4.736,+0.971
1629735420,+3.46,+25.572, +4.684,+0.971
1629735480,+3.46,+25.581, +4.678,+0.971
1629735540,+3.46,+25.572, +4.763,+0.971
1629735600,+3.46,+25.572, +4.727,+0.971
1629735660,+3.46,+25.589, +4.873,+0.972
1629735720,+3.46,+25.606, +4.848,+0.972
1629735780,+3.46,+25.597, +4.772,+0.971
1629735840,+3.46,+25.564, +4.655,+0.971
1629735900,+3.46,+25.572, +4.677,+0.971
1629735960,+3.46,+25.581, +4.734,+0.971
1629736020,+3.46,+25.581, +4.804,+0.971
1629736080,+3.46,+25.572, +4.847,+0.971
1629736140,+3.46,+25.564, +4.853,+0.971
1629736200,+3.46,+25.572, +4.712,+0.971
1629736260,+3.46,+25.564, +4.682,+0.972
1629736320,+3.46,+25.555, +4.772,+0.971
1629736380,+3.46,+25.564, +4.871,+0.971
1629736440,+3.46,+25.606, +4.942,+0.971
1629736500,+3.46,+25.581, +4.943,+0.971
1629736560,+3.46,+25.572, +4.873,+0.971
1629736620,+3.46,+25.572, +4.860,+0.971
1629736680,+3.46,+25.564, +4.846,+0.971
1629736740,+3.46,+25.564, +4.768,+0.971
1629736800,+3.46,+25.555, +4.907,+0.971
1629736860,+3.46,+25.564, +4.914,+0.971
1629736920,+3.46,+25.581, +4.903,+0.971
1629736980,+3.46,+25.564, +4.916,+0.971
1629737040,+3.46,+25.572, +4.962,+0.971
1629737100,+3.46,+25.581, +5.054,+0.971
1629737160,+3.46,+25.597, +4.997,+0.972
1629737220,+3.46,+25.589, +4.958,+0.972
1629737280,+3.46,+25.589, +4.930,+0.971
1629737340,+3.46,+25.597, +5.107,+0.972
1629737400,+3.46,+25.589, +5.072,+0.971
1629737460,+3.46,+25.589, +5.004,+0.971
1629737520,+3.46,+25.581, +5.051,+0.971
1629737580,+3.46,+25.581, +5.064,+0.971
1629737640,+3.46,+25.614, +5.053,+0.971
1629737700,+3.46,+25.597, +5.108,+0.971
1629737760,+3.46,+25.606, +5.146,+0.971
1629737820,+3.46,+25.614, +5.115,+0.971
1629737880,+3.46,+25.597, +5.169,+0.971
1629737940,+3.46,+25.606, +5.166,+0.972
1629738000,+3.46,+25.614, +5.235,+0.971
1629738060,+3.46,+25.623, +5.309,+0.971
1629738120,+3.46,+25.631, +5.342,+0.971
1629738180,+3.46,+25.631, +5.296,+0.971
1629738240,+3.46,+25.623, +5.357,+0.971
1629738300,+3.46,+25.623, +5.410,+0.972
1629738360,+3.46,+25.640, +5.333,+0.971
1629738420,+3.46,+25.631, +5.424,+0.971
1629738480,+3.46,+25.640, +5.429,+0.971
1629738540,+3.46,+25.631, +5.494,+0.972
1629738600,+3.46,+25.648, +5.577,+0.971
1629738660,+3.46,+25.656, +5.764,+0.972
1629738720,+3.46,+25.665, +5.900,+0.971
1629738780,+3.46,+25.673, +5.993,+0.972
1629738840,+3.46,+25.665, +5.942,+0.971
1629738900,+3.46,+25.665, +5.976,+0.971
1629738960,+3.46,+25.665, +5.936,+0.971
1629739020,+3.46,+25.665, +5.674,+0.971
1629739080,+3.46,+25.673, +5.796,+0.971
1629739140,+3.46,+25.673, +5.839,+0.972
1629739200,+3.46,+25.665, +5.829,+0.972
1629739260,+3.46,+25.673, +5.777,+0.971
1629739320,+3.46,+25.690, +5.856,+0.972
1629739380,+3.46,+25.690, +5.818,+0.971
1629739440,+3.46,+25.673, +5.706,+0.971
1629739500,+3.46,+25.673, +5.753,+0.972
1629739560,+3.46,+25.673, +5.768,+0.971
1629739620,+3.46,+25.665, +5.740,+0.971
1629739680,+3.46,+25.656, +5.658,+0.971
1629739740,+3.46,+25.640, +5.595,+0.972
1629739800,+3.46,+25.648, +5.584,+0.972
1629739860,+3.46,+25.665, +5.544,+0.971
1629739920,+3.46,+25.656, +5.519,+0.971
1629739980,+3.46,+25.665, +5.559,+0.971
1629740040,+3.46,+25.673, +5.599,+0.972
1629740100,+3.46,+25.665, +5.573,+0.972
1629740160,+3.46,+25.682, +5.626,+0.971
1629740220,+3.46,+25.673, +5.655,+0.971
1629740280,+3.46,+25.690, +5.567,+0.971
1629740340,+3.46,+25.665, +5.549,+0.971
1629740400,+3.46,+25.682, +5.507,+0.972
1629740460,+3.46,+25.673, +5.437,+0.972
1629740520,+3.46,+25.665, +5.528,+0.972
1629740580,+3.46,+25.690, +5.584,+0.972
1629740640,+3.46,+25.673, +5.580,+0.972
1629740700,+3.46,+25.690, +5.597,+0.971
1629740760,+3.46,+25.682, +5.535,+0.972
1629740820,+3.46,+25.682, +5.532,+0.971
1629740880,+3.46,+25.699, +5.574,+0.972
1629740940,+3.46,+25.707, +5.668,+0.971
1629741000,+3.46,+25.707, +5.638,+0.971
1629741060,+3.46,+25.715, +5.647,+0.972
1629741120,+3.46,+25.699, +5.666,+0.971
1629741180,+3.46,+25.715, +5.588,+0.971
1629741240,+3.46,+25.699, +5.558,+0.972
1629741300,+3.46,+25.715, +5.614,+0.971
1629741360,+3.46,+25.715, +5.650,+0.971
1629741420,+3.46,+25.724, +5.566,+0.971
1629741480,+3.46,+25.724, +5.576,+0.972
1629741540,+3.46,+25.715, +5.409,+0.972
1629741600,+3.46,+25.715, +5.294,+0.971
1629741660,+3.46,+25.715, +5.355,+0.972
1629741720,+3.46,+25.732, +5.591,+0.972
1629741780,+3.46,+25.715, +5.448,+0.971
1629741840,+3.46,+25.741, +5.398,+0.971
1629741900,+3.46,+25.732, +5.591,+0.972
1629741960,+3.46,+25.715, +5.467,+0.972
1629742020,+3.46,+25.732, +5.630,+0.971
1629742080,+3.46,+25.732, +5.608,+0.972
1629742140,+3.46,+25.741, +5.394,+0.971
1629742200,+3.46,+25.732, +5.428,+0.972
1629742260,+3.46,+25.749, +5.550,+0.972
1629742320,+3.46,+25.732, +5.536,+0.972
1629742380,+3.46,+25.715, +5.742,+0.971
1629742440,+3.46,+25.749, +5.928,+0.971
1629742500,+3.46,+25.749, +5.871,+0.971
1629742560,+3.46,+25.758, +6.020,+0.972
1629742620,+3.46,+25.774, +6.095,+0.972
1629742680,+3.46,+25.766, +5.906,+0.971
1629742740,+3.46,+25.758, +5.894,+0.971
1629742800,+3.46,+25.774, +5.680,+0.971
1629742860,+3.46,+25.774, +5.650,+0.972
1629742920,+3.46,+25.774, +5.920,+0.971
1629742980,+3.46,+25.800, +6.062,+0.972
1629743040,+3.46,+25.783, +6.030,+0.972
1629743100,+3.46,+25.791, +5.917,+0.972
1629743160,+3.46,+25.800, +5.951,+0.972
1629743220,+3.46,+25.791, +5.860,+0.972
1629743280,+3.46,+25.808, +5.918,+0.971
1629743340,+3.46,+25.791, +5.989,+0.972
1629743400,+3.46,+25.808, +6.117,+0.972
1629743460,+3.46,+25.800, +6.142,+0.972
1629743520,+3.46,+25.833, +6.191,+0.972
1629743580,+3.46,+25.833, +6.354,+0.972
1629743640,+3.46,+25.842, +6.355,+0.972
1629743700,+3.46,+25.817, +6.237,+0.972
1629743760,+3.46,+25.842, +6.263,+0.972
1629743820,+3.46,+25.842, +6.273,+0.972
1629743880,+3.46,+25.859, +6.453,+0.973
1629743940,+3.46,+25.867, +6.322,+0.972
1629744000,+3.46,+25.867, +6.288,+0.973
1629744060,+3.46,+25.884, +6.444,+0.972
1629744120,+3.46,+25.876, +6.624,+0.973
1629744180,+3.46,+25.884, +6.478,+0.973
1629744240,+3.46,+25.884, +6.600,+0.973
1629744300,+3.46,+25.901, +6.668,+0.972
1629744360,+3.46,+25.893, +6.559,+0.972
1629744420,+3.46,+25.909, +6.737,+0.972
1629744480,+3.46,+25.909, +6.793,+0.972
1629744540,+3.46,+25.909, +6.802,+0.972
1629744600,+3.46,+25.909, +6.928,+0.973
1629744660,+3.46,+25.935, +6.882,+0.973
1629744720,+3.46,+25.918, +6.789,+0.972
1629744780,+3.46,+25.943, +6.937,+0.973
1629744840,+3.46,+25.918, +6.916,+0.973
1629744900,+3.46,+25.935, +7.001,+0.973
1629744960,+3.46,+25.952, +7.246,+0.973
1629745020,+3.46,+25.935, +7.309,+0.973
1629745080,+3.46,+25.952, +7.349,+0.973
1629745140,+3.46,+25.943, +7.375,+0.973
1629745200,+3.46,+25.960, +7.538,+0.974
1629745260,+3.46,+25.968, +7.708,+0.973
1629745320,+3.46,+25.960, +7.745,+0.972
1629745380,+3.46,+25.968, +7.757,+0.974
1629745440,+3.46,+25.985, +7.856,+0.973
1629745500,+3.46,+25.994, +8.015,+0.974
1629745560,+3.46,+26.002, +8.165,+0.974
1629745620,+3.46,+26.028, +8.284,+0.973
1629745680,+3.46,+26.028, +8.471,+0.974
1629745740,+3.46,+26.044, +8.917,+0.973
1629745800,+3.46,+26.053, +9.289,+0.974
1629745860,+3.46,+26.053, +9.430,+0.974
1629745920,+3.46,+26.061, +9.375,+0.975
1629745980,+3.46,+26.078, +8.799,+0.973
1629746040,+3.46,+26.087, +8.441,+0.974
1629746100,+3.46,+26.095, +8.833,+0.974
1629746160,+3.46,+26.095, +8.708,+0.974
1629746220,+3.46,+26.104, +8.860,+0.973
1629746280,+3.46,+26.112, +8.833,+0.974
1629746340,+3.46,+26.129, +9.148,+0.974
1629746400,+3.46,+26.129, +9.392,+0.974
1629746460,+3.46,+26.129, +9.206,+0.974
1629746520,+3.46,+26.154, +9.406,+0.974
1629746580,+3.46,+26.180, +9.349,+0.974
1629746640,+3.46,+26.163, +9.303,+0.975
1629746700,+3.46,+26.188, +9.300,+0.975
1629746760,+3.46,+26.180, +9.069,+0.974
1629746820,+3.45,+26.205, +9.010,+0.974
1629746880,+3.45,+26.213, +9.220,+0.975
1629746940,+3.46,+26.222, +9.104,+0.975
1629747000,+3.45,+26.264, +9.670,+0.974
1629747060,+3.45,+26.281, +9.601,+0.974
1629747120,+3.45,+26.315, +9.944,+0.975
1629747180,+3.45,+26.323, +9.930,+0.975
1629747240,+3.45,+26.315, +9.868,+0.975
1629747300,+3.45,+26.323, +9.750,+0.976
1629747360,+3.45,+26.340, +9.819,+0.974
1629747420,+3.45,+26.365,+10.058,+0.974
1629747480,+3.45,+26.357, +9.853,+0.975
1629747540,+3.45,+26.391, +9.590,+0.975
1629747600,+3.45,+26.374, +9.152,+0.975
1629747660,+3.45,+26.382, +9.145,+0.974
1629747720,+3.45,+26.391, +9.211,+0.975
1629747780,+3.45,+26.425, +9.457,+0.975
1629747840,+3.45,+26.433, +9.169,+0.976
1629747900,+3.45,+26.450, +9.189,+0.975
1629747960,+3.45,+26.450, +9.148,+0.975
1629748020,+3.45,+26.467, +8.807,+0.975
1629748080,+3.45,+26.467, +9.091,+0.975
1629748140,+3.45,+26.484, +9.203,+0.975
1629748200,+3.46,+26.501, +9.547,+0.975
1629748260,+3.46,+26.535,+10.043,+0.975
1629748320,+3.46,+26.526, +9.747,+0.975
1629748380,+3.46,+26.518, +9.848,+0.975
1629748440,+3.46,+26.543, +9.899,+0.975
1629748500,+3.46,+26.560,+10.024,+0.975
1629748560,+3.46,+26.585,+10.115,+0.976
1629748620,+3.46,+26.594, +9.949,+0.975
1629748680,+3.46,+26.619,+10.417,+0.975
1629748740,+3.46,+26.645,+10.242,+0.976
1629748800,+3.46,+26.653,+10.451,+0.974
1629748860,+3.46,+26.712,+10.589,+0.976
1629748920,+3.46,+26.721,+10.840,+0.975
1629748980,+3.46,+26.729,+10.752,+0.975
1629749040,+3.46,+26.755,+10.339,+0.975
1629749100,+3.46,+26.763,+10.461,+0.976
1629749160,+3.46,+26.805,+10.441,+0.975
1629749220,+3.46,+26.814,+10.591,+0.976
1629749280,+3.46,+26.822,+10.397,+0.976
1629749340,+3.46,+26.839,+10.161,+0.977
1629749400,+3.46,+26.839,+10.060,+0.977
1629749460,+3.46,+26.856,+10.059,+0.977
1629749520,+3.46,+26.890,+10.563,+0.976
1629749580,+3.46,+26.899,+10.633,+0.977
1629749640,+3.46,+26.899,+10.501,+0.976
1629749700,+3.46,+26.916,+10.346,+0.976
1629749760,+3.46,+26.932,+10.187,+0.976
1629749820,+3.46,+26.958,+10.335,+0.976
1629749880,+3.46,+26.975,+10.657,+0.975
1629749940,+3.46,+26.958,+10.981,+0.976
1629750000,+3.46,+26.966,+11.043,+0.976
1629750060,+3.46,+26.975,+11.126,+0.976
1629750120,+3.46,+26.992,+11.017,+0.976
1629750180,+3.46,+26.975,+11.275,+0.977
1629750240,+3.46,+27.000,+11.220,+0.977
1629750300,+3.46,+27.000,+10.897,+0.975
1629750360,+3.46,+27.026,+11.187,+0.976
1629750420,+3.46,+27.009,+11.011,+0.975
1629750480,+3.46,+27.051,+10.984,+0.976
1629750540,+3.46,+27.077,+11.449,+0.976
1629750600,+3.46,+27.094,+11.693,+0.976
1629750660,+3.46,+27.119,+12.136,+0.975
1629750720,+3.46,+27.136,+11.939,+0.977
1629750780,+3.46,+27.161,+11.916,+0.976
1629750840,+3.46,+27.187,+11.733,+0.977
1629750900,+3.46,+27.204,+11.562,+0.977
1629750960,+3.46,+27.221,+11.837,+0.977
1629751020,+3.46,+27.221,+11.809,+0.977
1629751080,+3.46,+27.255,+11.877,+0.977
1629751140,+3.46,+27.246,+12.041,+0.977
1629751200,+3.46,+27.246,+12.232,+0.976
1629751260,+3.46,+27.246,+11.884,+0.976
1629751320,+3.46,+27.212,+11.829,+0.975
1629751380,+3.46,+27.229,+11.801,+0.976
1629751440,+3.46,+27.255,+11.934,+0.977
1629751500,+3.46,+27.272,+11.985,+0.977
1629751560,+3.45,+27.289,+11.999,+0.977
1629751620,+3.46,+27.255,+11.851,+0.977
1629751680,+3.46,+27.289,+12.049,+0.977
1629751740,+3.45,+27.314,+11.791,+0.976
1629751800,+3.45,+27.323,+12.096,+0.977
1629751860,+3.46,+27.365,+12.004,+0.977
1629751920,+3.45,+27.348,+12.086,+0.977
1629751980,+3.46,+27.365,+12.047,+0.977
1629752040,+3.45,+27.340,+12.079,+0.977
1629752100,+3.45,+27.357,+12.083,+0.975
1629752160,+3.45,+27.357,+12.533,+0.978
1629752220,+3.45,+27.382,+12.564,+0.978
1629752280,+3.45,+27.399,+12.761,+0.976
1629752340,+3.45,+27.416,+12.293,+0.977
1629752400,+3.45,+27.433,+11.663,+0.977
1629752460,+3.45,+27.450,+11.658,+0.976
1629752520,+3.45,+27.450,+11.461,+0.977
1629752580,+3.45,+27.442,+11.318,+0.977
1629752640,+3.45,+27.450,+11.880,+0.978
1629752700,+3.45,+27.467,+12.239,+0.977
1629752760,+3.45,+27.476,+12.195,+0.978
1629752820,+3.45,+27.484,+12.229,+0.978
1629752880,+3.45,+27.493,+12.596,+0.978
1629752940,+3.45,+27.493,+12.728,+0.978
1629753000,+3.45,+27.493,+12.642,+0.977
1629753060,+3.45,+27.493,+12.397,+0.976
1629753120,+3.45,+27.484,+12.200,+0.978
1629753180,+3.45,+27.476,+12.192,+0.978
1629753240,+3.45,+27.493,+12.231,+0.976
1629753300,+3.45,+27.459,+11.954,+0.977
1629753360,+3.45,+27.450,+12.266,+0.977
1629753420,+3.45,+27.459,+12.362,+0.977
1629753480,+3.45,+27.476,+12.460,+0.977
1629753540,+3.45,+27.493,+12.060,+0.977
1629753600,+3.45,+27.493,+11.906,+0.977
1629753660,+3.45,+27.501,+11.946,+0.978
1629753720,+3.45,+27.484,+11.826,+0.977
1629753780,+3.46,+27.476,+11.769,+0.976
1629753840,+3.46,+27.450,+11.699,+0.977
1629753900,+3.45,+27.459,+12.226,+0.977
1629753960,+3.45,+27.442,+11.843,+0.976
1629754020,+3.45,+27.425,+11.882,+0.978
1629754080,+3.45,+27.442,+12.211,+0.977
1629754140,+3.45,+27.442,+12.213,+0.978
1629754200,+3.45,+27.442,+12.028,+0.976
1629754260,+3.46,+27.433,+12.051,+0.977
1629754320,+3.45,+27.442,+12.271,+0.978
1629754380,+3.46,+27.450,+12.281,+0.976
1629754440,+3.45,+27.433,+12.069,+0.976
1629754500,+3.45,+27.416,+12.127,+0.978
1629754560,+3.46,+27.433,+11.890,+0.976
1629754620,+3.46,+27.433,+12.193,+0.977
1629754680,+3.46,+27.399,+11.725,+0.977
1629754740,+3.46,+27.408,+11.774,+0.977
1629754800,+3.46,+27.425,+12.070,+0.977
1629754860,+3.46,+27.433,+11.889,+0.976
1629754920,+3.46,+27.433,+12.196,+0.978
1629754980,+3.46,+27.442,+12.598,+0.977
1629755040,+3.46,+27.450,+12.649,+0.977
1629755100,+3.45,+27.450,+12.492,+0.977
1629755160,+3.45,+27.450,+13.001,+0.978
1629755220,+3.46,+27.450,+12.383,+0.977
1629755280,+3.46,+27.459,+12.794,+0.977
1629755340,+3.46,+27.484,+13.465,+0.977
1629755400,+3.45,+27.467,+13.941,+0.975
1629755460,+3.46,+27.476,+13.540,+0.976
1629755520,+3.46,+27.467,+13.107,+0.977
1629755580,+3.46,+27.467,+12.495,+0.977
1629755640,+3.46,+27.459,+12.274,+0.976
1629755700,+3.46,+27.459,+12.289,+0.975
1629755760,+3.46,+27.459,+12.093,+0.977
1629755820,+3.46,+27.450,+11.843,+0.977
1629755880,+3.46,+27.459,+11.542,+0.977
1629755940,+3.46,+27.442,+11.721,+0.977
1629756000,+3.46,+27.450,+12.442,+0.976
1629756060,+3.46,+27.450,+12.208,+0.977
1629756120,+3.46,+27.476,+12.865,+0.977
1629756180,+3.46,+27.459,+13.082,+0.976
1629756240,+3.45,+27.450,+13.285,+0.976
1629756300,+3.46,+27.450,+12.543,+0.978
1629756360,+3.46,+27.425,+11.868,+0.976
1629756420,+3.46,+27.442,+11.489,+0.976
1629756480,+3.46,+27.450,+11.896,+0.977
1629756540,+3.46,+27.459,+12.000,+0.977
1629756600,+3.46,+27.476,+12.587,+0.977
1629756660,+3.46,+27.467,+13.362,+0.977
1629756720,+3.46,+27.484,+13.972,+0.977
1629756780,+3.45,+27.501,+14.357,+0.978
1629756840,+3.46,+27.527,+14.163,+0.977
1629756900,+3.46,+27.501,+13.564,+0.975
1629756960,+3.45,+27.484,+13.818,+0.977
1629757020,+3.46,+27.510,+14.038,+0.976
1629757080,+3.46,+27.527,+13.167,+0.979
1629757140,+3.45,+27.510,+12.456,+0.977
1629757200,+3.46,+27.552,+12.472,+0.977
1629757260,+3.46,+27.561,+13.366,+0.977
1629757320,+3.46,+27.603,+13.600,+0.978
1629757380,+3.46,+27.595,+12.280,+0.976
1629757440,+3.46,+27.603,+12.947,+0.978
1629757500,+3.46,+27.595,+13.548,+0.976
1629757560,+3.46,+27.620,+13.154,+0.978
1629757620,+3.46,+27.603,+12.371,+0.977
1629757680,+3.46,+27.603,+11.972,+0.976
1629757740,+3.46,+27.586,+11.707,+0.977
1629757800,+3.46,+27.629,+13.379,+0.978
1629757860,+3.46,+27.646,+13.037,+0.978
1629757920,+3.46,+27.637,+13.531,+0.978
1629757980,+3.46,+27.646,+13.824,+0.977
1629758040,+3.46,+27.671,+14.651,+0.978
1629758100,+3.46,+27.680,+13.917,+0.977
1629758160,+3.46,+27.680,+13.594,+0.977
1629758220,+3.46,+27.697,+13.949,+0.978
1629758280,+3.46,+27.756,+13.653,+0.978
1629758340,+3.46,+27.756,+13.290,+0.979
1629758400,+3.46,+27.765,+13.371,+0.978
1629758460,+3.46,+27.773,+13.923,+0.978
1629758520,+3.46,+27.807,+13.664,+0.978
1629758580,+3.46,+27.807,+12.817,+0.977
1629758640,+3.46,+27.816,+12.402,+0.977
1629758700,+3.46,+27.816,+11.864,+0.979
1629758760,+3.46,+27.816,+11.510,+0.978
1629758820,+3.46,+27.816,+11.697,+0.978
1629758880,+3.46,+27.799,+12.057,+0.979
1629758940,+3.46,+27.816,+12.452,+0.978
1629759000,+3.46,+27.824,+13.426,+0.978
1629759060,+3.46,+27.824,+13.170,+0.977
1629759120,+3.46,+27.833,+12.764,+0.977
1629759180,+3.46,+27.816,+12.585,+0.978
1629759240,+3.46,+27.816,+12.377,+0.978
