7530-428102
OS REV: 1.05 Sensor Cal: 1572940800
Time (sec),  Bat (Volts),   T (deg C),  PAR (umol/(s m^2))  Ax (g), Ay (g), Az (g)
1643757720, +3.03, +23.429,  +1.81367, +1020.000, -456.000, -60.000
1643757840, +3.03, +23.420,  +1.72696, +1014.000, -448.000, -50.000
1643757960, +3.03, +23.412,  +1.80128, +1001.000, -456.000,  +0.000
1643758080, +3.03, +23.437,  +1.72077, +988.000, -464.000, +35.000
1643758200, +3.03, +23.412,  +1.75483, +1016.000, -456.000, -52.000
1643758320, +3.03, +23.437,  +1.93134, +1014.000, -452.000, -48.000
1643758440, +3.03, +23.420,  +1.67742, +999.000, -458.000,  +0.000
1643758560, +3.03, +23.429,  +1.77032, +1009.000, -456.000, -32.000
1643758680, +3.03, +23.429,  +1.73316, +1009.000, -456.000, -29.000
1643758800, +3.03, +23.395,  +1.85083, +1020.000, -461.000, -64.000
1643758920, +3.03, +23.420,  +1.80128, +1011.000, -452.000, -40.000
1643759040, +3.03, +23.420,  +1.77651, +1001.000, -456.000,  -8.000
1643759160, +3.03, +23.403,  +1.70529, +992.000, -463.000, +28.000
1643759280, +3.03, +23.412,  +1.77341, +1012.000, -448.000, -44.000
1643759400, +3.03, +23.412,  +1.87870, +1016.000, -452.000, -56.000
1643759520, +3.03, +23.412,  +1.77032, +1000.000, -456.000,  +0.000
1643759640, +3.03, +23.403,  +1.73625, +1024.000, -464.000, -64.000
1643759760, +3.03, +23.387,  +1.68671, +1020.000, -456.000, -64.000
1643759880, +3.03, +23.387,  +1.75174, +1024.000, -480.000, -58.000
1643760000, +3.03, +23.378,  +1.65574, +984.000, -464.000, +48.000
1643760120, +3.03, +23.362,  +1.79509, +1016.000, -456.000, -60.000
1643760240, +3.03, +23.378,  +1.75174, +1008.000, -456.000, -24.000
1643760360, +3.03, +23.378,  +1.68981, +1024.000, -464.000, -64.000
1643760480, +3.03, +23.345,  +1.93444, +999.000, -461.000,  +3.000
1643760600, +3.03, +23.362,  +1.70839, +1016.000, -452.000, -48.000
1643760720, +3.03, +23.345,  +1.80748, +1020.000, -458.000, -64.000
1643760840, +3.03, +23.353,  +1.66503, +1008.000, -456.000, -36.000
1643760960, +3.03, +23.353,  +1.85392, +921.000, -464.000, +126.000
1643761080, +3.03, +23.345,  +1.61239, +923.000, -461.000, +129.000
1643761200, +3.03, +23.337,  +1.80128, +1015.000, -452.000, -52.000
1643761320, +3.03, +23.312,  +1.66194, +920.000, -461.000, +131.000
1643761440, +3.03, +23.303,  +1.70839, +921.000, -461.000, +127.000
1643761560, +3.03, +23.320,  +1.79819, +1008.000, -456.000, -32.000
1643761680, +3.03, +23.303,  +1.60929, +999.000, -456.000,  +0.000
1643761800, +3.03, +23.312,  +1.67742, +1020.000, -496.000, -33.000
1643761920, +3.03, +23.328,  +1.65265, +920.000, -458.000, +127.000
1643762040, +3.03, +23.312,  +1.73316, +1024.000, -480.000, -56.000
1643762160, +3.03, +23.286,  +1.61858, +1024.000, -477.000, -60.000
1643762280, +3.03, +23.312,  +1.71148, +1024.000, -464.000, -64.000
1643762400, +3.03, +23.295,  +1.76412, +1020.000, -456.000, -64.000
1643762520, +3.03, +23.320,  +1.78270, +1024.000, -464.000, -64.000
1643762640, +3.03, +23.303,  +1.79819, +1024.000, -468.000, -64.000
1643762760, +3.03, +23.328,  +1.74864, +1024.000, -464.000, -64.000
1643762880, +3.03, +23.337,  +1.62168, +1001.000, -456.000,  -8.000
1643763000, +3.03, +23.337,  +1.75174, +1008.000, -456.000, -28.000
1643763120, +3.03, +23.378,  +1.60310, +1006.000, -456.000, -24.000
1643763240, +3.03, +23.403,  +1.68981, +1008.000, -456.000, -26.000
1643763360, +3.03, +23.420,  +1.62168, +996.000, -460.000, +14.000
1643763480, +3.03, +23.462,  +1.52878, +1024.000, -464.000, -64.000
1643763600, +3.03, +23.470,  +1.58762, +992.000, -456.000, +12.000
1643763720, +3.03, +23.512,  +1.56285, +936.000, -472.000, +124.000
1643763840, +3.03, +23.562,  +1.65884, +992.000, -461.000, +30.000
1643763960, +3.03, +23.587,  +1.65574, +998.000, -460.000,  +7.000
1643764080, +3.03, +23.612,  +1.80438, +992.000, -464.000, +32.000
1643764200, +3.03, +23.654,  +1.63097, +967.000, -468.000, +91.000
1643764320, +3.03, +23.671,  +1.64336, +974.000, -468.000, +79.000
1643764440, +3.03, +23.696,  +1.66194, +972.000, -472.000, +80.000
1643764560, +3.03, +23.746,  +1.63716, +951.000, -472.000, +113.000
1643764680, +3.03, +23.788,  +1.73006, +918.000, -461.000, +124.000
1643764800, +3.03, +23.796,  +1.66503, +945.000, -472.000, +120.000
1643764920, +3.03, +23.854,  +1.60310, +956.000, -472.000, +112.000
1643765040, +3.03, +23.871,  +1.66503, +928.000, -472.000, +128.000
1643765160, +3.03, +23.896,  +1.67742, +920.000, -464.000, +128.000
1643765280, +3.03, +23.938,  +1.73006, +920.000, -464.000, +128.000
1643765400, +3.03, +23.954,  +1.79199, +920.000, -464.000, +124.000
1643765520, +3.03, +24.005,  +1.74245, +929.000, -468.000, +128.000
1643765640, +3.03, +24.021,  +1.81986, +920.000, -464.000, +128.000
1643765760, +3.03, +24.071,  +1.69600, +920.000, -464.000, +128.000
1643765880, +3.03, +24.080,  +1.87250, +921.000, -464.000, +124.000
1643766000, +3.03, +24.113,  +1.96230, +920.000, -464.000, +126.000
1643766120, +3.02, +24.096,  +1.81367, +923.000, -464.000, +128.000
1643766240, +3.03, +24.105,  +1.84154, +921.000, -464.000, +128.000
1643766360, +3.03, +24.130,  +1.78890, +924.000, -464.000, +124.000
1643766480, +3.03, +24.121,  +1.79819, +923.000, -464.000, +128.000
1643766600, +3.03, +24.113,  +1.72696, +920.000, -464.000, +128.000
1643766720, +3.03, +24.105,  +1.62478, +920.000, -464.000, +124.000
1643766840, +3.03, +24.071,  +1.72387, +920.000, -464.000, +126.000
1643766960, +3.03, +24.105,  +1.82296, +920.000, -464.000, +128.000
1643767080, +3.03, +24.105,  +1.68981, +924.000, -464.000, +128.000
1643767200, +3.03, +24.063,  +1.75483, +920.000, -463.000, +128.000
1643767320, +3.03, +24.080,  +1.72696, +920.000, -463.000, +131.000
1643767440, +3.02, +24.071,  +1.68671, +921.000, -464.000, +129.000
1643767560, +3.03, +24.071,  +1.75793, +924.000, -464.000, +131.000
1643767680, +3.03, +24.055,  +1.60929, +921.000, -464.000, +128.000
1643767800, +3.03, +24.038,  +1.65574, +1024.000, -496.000, -32.000
1643767920, +3.03, +24.038,  +1.62478, +924.000, -464.000, +131.000
1643768040, +3.03, +24.013,  +1.60929, +921.000, -464.000, +128.000
1643768160, +3.03, +23.971,  +1.64336, +920.000, -464.000, +131.000
1643768280, +3.03, +23.971,  +1.60929, +963.000, -468.000, +104.000
1643768400, +3.03, +23.938,  +1.63097, +920.000, -464.000, +126.000
1643768520, +3.03, +23.904,  +1.61858, +920.000, -464.000, +128.000
1643768640, +3.03, +23.904,  +1.53498, +920.000, -464.000, +128.000
1643768760, +3.03, +23.871,  +1.44827, +924.000, -464.000, +131.000
1643768880, +3.03, +23.871,  +1.56285, +921.000, -464.000, +129.000
1643769000, +3.03, +23.838,  +1.54427, +956.000, -468.000, +113.000
1643769120, +3.03, +23.871,  +1.40182, +952.000, -472.000, +118.000
1643769240, +3.03, +23.879,  +1.00856, +924.000, -464.000, +128.000
1643769360, +3.03, +23.863,  +1.50401, +984.000, -464.000, +60.000
1643769480, +3.03, +23.879,  +1.43279, +927.000, -468.000, +131.000
1643769600, +3.03, +23.871,  +1.49162, +924.000, -464.000, +131.000
1643769720, +3.03, +23.879,  +1.41731, +968.000, -468.000, +96.000
1643769840, +3.03, +23.888,  +1.46066, +952.000, -468.000, +114.000
1643769960, +3.02, +23.896,  +1.46376, +921.000, -464.000, +128.000
1643770080, +3.03, +23.913,  +1.34608, +921.000, -464.000, +131.000
1643770200, +3.02, +23.938,  +1.42969, +920.000, -458.000, +131.000
1643770320, +3.02, +23.929,  +1.40182, +921.000, -464.000, +128.000
1643770440, +3.03, +23.971,  +1.46066, +921.000, -464.000, +129.000
1643770560, +3.02, +23.980,  +1.42350, +940.000, -468.000, +124.000
1643770680, +3.02, +23.980,  +1.36776, +924.000, -464.000, +129.000
1643770800, +3.02, +24.021,  +1.34608, +920.000, -464.000, +128.000
1643770920, +3.02, +24.055,  +1.41111, +921.000, -463.000, +131.000
1643771040, +3.02, +24.071,  +1.39253, +924.000, -464.000, +131.000
1643771160, +3.03, +24.096,  +1.36157, +920.000, -457.000, +131.000
1643771280, +3.02, +24.113,  +1.26557, +920.000, -463.000, +128.000
1643771400, +3.02, +24.155,  +1.33060, +923.000, -464.000, +128.000
1643771520, +3.02, +24.171,  +1.21912, +924.000, -464.000, +131.000
1643771640, +3.02, +24.180,  +1.22222, +923.000, -461.000, +131.000
1643771760, +3.03, +24.188,  +1.19745, +920.000, -463.000, +131.000
1643771880, +3.03, +24.263,  +1.17887, +920.000, -456.000, +131.000
1643772000, +3.02, +24.230,  +1.24080, +1020.000, -452.000, -56.000
1643772120, +3.02, +24.263,  +1.13242, +1020.000, -497.000,  -9.000
1643772240, +3.02, +24.255,  +1.20055, +920.000, -456.000, +124.000
1643772360, +3.02, +24.246,  +1.17887, +920.000, -461.000, +124.000
1643772480, +3.02, +24.230,  +1.11694, +920.000, -461.000, +129.000
1643772600, +3.02, +24.246,  +1.25009, +920.000, -461.000, +126.000
1643772720, +3.02, +24.230,  +1.24699, +924.000, -458.000, +126.000
1643772840, +3.02, +24.196,  +1.19745, +1024.000, -503.000, -13.000
1643772960, +3.02, +24.188,  +1.20055, +919.000, -460.000, +124.000
1643773080, +3.02, +24.188,  +1.23461, +920.000, -460.000, +124.000
1643773200, +3.02, +24.205,  +1.17577, +1024.000, -496.000, -25.000
1643773320, +3.02, +24.188,  +1.19745, +924.000, -464.000, +124.000
1643773440, +3.02, +24.155,  +1.20984, +924.000, -461.000, +124.000
1643773560, +3.02, +24.163,  +1.28415, +924.000, -461.000, +128.000
1643773680, +3.02, +24.146,  +1.29344, +921.000, -461.000, +124.000
1643773800, +3.02, +24.138,  +1.25319, +921.000, -461.000, +120.000
1643773920, +3.02, +24.146,  +1.10765, +921.000, -456.000, +127.000
1643774040, +3.02, +24.121,  +1.26867, +924.000, -461.000, +128.000
1643774160, +3.02, +24.138,  +0.73606, +924.000, -456.000, +127.000
1643774280, +3.02, +24.138,  +1.28106, +923.000, -456.000, +126.000
1643774400, +3.02, +24.130,  +1.24699, +920.000, -461.000, +120.000
1643774520, +3.02, +24.121,  +1.22532, +921.000, -457.000, +124.000
1643774640, +3.02, +24.138,  +1.22532, +926.000, -463.000, +120.000
1643774760, +3.02, +24.130,  +1.22532, +920.000, -456.000, +126.000
1643774880, +3.02, +24.105,  +1.27796, +923.000, -456.000, +126.000
1643775000, +3.02, +24.138,  +1.33060, +1024.000, -464.000, -64.000
1643775120, +3.02, +24.130,  +1.17577, +920.000, -461.000, +124.000
1643775240, +3.02, +24.113,  +1.17577, +920.000, -458.000, +126.000
1643775360, +3.02, +24.105,  +1.26557, +920.000, -460.000, +124.000
1643775480, +3.02, +24.088,  +1.16648, +920.000, -461.000, +124.000
1643775600, +3.02, +24.080,  +1.23770, +924.000, -461.000, +124.000
1643775720, +3.02, +24.096,  +1.18197, +924.000, -460.000, +124.000
1643775840, +3.02, +24.088,  +1.21293, +923.000, -464.000, +120.000
1643775960, +3.02, +24.096,  +1.20674, +920.000, -461.000, +126.000
1643776080, +3.02, +24.071,  +1.21293, +1024.000, -456.000, -64.000
1643776200, +3.02, +24.071,  +1.16648, +920.000, -460.000, +124.000
1643776320, +3.02, +24.063,  +1.20674, +924.000, -463.000, +124.000
1643776440, +3.02, +24.055,  +1.13861, +940.000, -464.000, +118.000
1643776560, +3.02, +24.071,  +0.01455, +924.000, -464.000, +124.000
1643776680, +3.02, +24.046,  +0.04242, +920.000, -464.000, +120.000
1643776800, +3.02, +24.046,  +0.05791, +920.000, -461.000, +126.000
1643776920, +3.02, +24.030,  +0.03933, +920.000, -461.000, +124.000
1643777040, +3.02, +24.021,  +0.04862, +921.000, -458.000, +120.000
1643777160, +3.02, +23.988,  +0.04552, +926.000, -460.000, +120.000
1643777280, +3.02, +23.963,  -0.01332, +920.000, -461.000, +124.000
1643777400, +3.02, +23.938,  +0.08887, +1025.000, -456.000, -68.000
1643777520, +3.02, +23.929,  -0.01641, +920.000, -464.000, +124.000
1643777640, +3.02, +23.921,  +0.00526, +920.000, -458.000, +120.000
1643777760, +3.02, +23.854,  -0.13099, +929.000, -464.000, +124.000
1643777880, +3.02, +23.896,  -0.07215, +927.000, -464.000, +124.000
1643778000, +3.02, +23.879,  -0.14647, +923.000, -464.000, +124.000
1643778120, +3.03, +23.879,  -0.03499, +923.000, -464.000, +124.000
1643778240, +3.03, +23.838,  -0.06286, +958.000, -464.000, +104.000
1643778360, +3.03, +23.871,  +0.00526, +952.000, -464.000, +115.000
1643778480, +3.03, +23.863,  -0.03809, +956.000, -468.000, +112.000
1643778600, +3.03, +23.854,  -0.03499, +918.000, -464.000, +124.000
1643778720, +3.02, +23.863,  -0.03499, +927.000, -464.000, +124.000
1643778840, +3.02, +23.846,  -0.01022, +952.000, -468.000, +112.000
1643778960, +3.02, +23.871,  -0.05976, +927.000, -464.000, +124.000
1643779080, +3.03, +23.846,  +0.00526, +975.000, -464.000, +76.000
1643779200, +3.02, +23.888,  +0.02075, +921.000, -464.000, +128.000
1643779320, +3.02, +23.896,  -0.07215, +926.000, -468.000, +124.000
1643779440, +3.02, +23.913,  +0.08268, +924.000, -464.000, +124.000
1643779560, +3.03, +23.904,  +0.09507, +926.000, -463.000, +120.000
1643779680, +3.02, +23.896,  -0.07834, +919.000, -458.000, +121.000
1643779800, +3.02, +23.929,  -0.02880, +918.000, -461.000, +120.000
1643779920, +3.03, +23.921,  +0.07339, +964.000, -464.000, +96.000
1643780040, +3.02, +23.929,  +0.03933, +924.000, -460.000, +126.000
1643780160, +3.02, +23.946,  -0.09073, +928.000, -464.000, +124.000
1643780280, +3.02, +23.963,  -0.00403, +920.000, -464.000, +124.000
1643780400, +3.02, +23.971,  -0.05976, +920.000, -464.000, +124.000
1643780520, +3.02, +23.971,  -0.04118, +920.000, -461.000, +120.000
1643780640, +3.02, +24.013,  -0.08144, +924.000, -458.000, +124.000
1643780760, +3.02, +24.005,  +0.06410, +924.000, -456.000, +124.000
1643780880, +3.02, +23.996,  +0.07958, +1025.000, -496.000, -15.000
1643781000, +3.02, +24.055,  +0.10435, +920.000, -460.000, +126.000
1643781120, +3.02, +24.021,  -0.08144, +926.000, -456.000, +124.000
1643781240, +3.02, +24.055,  -0.03809, +924.000, -458.000, +124.000
1643781360, +3.02, +24.030,  +0.02694, +921.000, -456.000, +126.000
1643781480, +3.02, +24.080,  +0.04862, +921.000, -464.000, +126.000
1643781600, +3.02, +24.080,  -0.12479, +921.000, -455.000, +127.000
1643781720, +3.02, +24.096,  +0.01146, +926.000, -461.000, +120.000
1643781840, +3.02, +24.113,  +0.02384, +920.000, -462.000, +120.000
1643781960, +3.02, +24.146,  -0.04428, +920.000, -456.000, +124.000
1643782080, +3.02, +24.130,  -0.08763, +1024.000, -484.000, -49.000
1643782200, +3.02, +24.138,  -0.07834, +1016.000, -495.000, -18.000
1643782320, +3.02, +24.138,  -0.07525, +1020.000, -496.000, -17.000
1643782440, +3.02, +24.180,  -0.11860, +918.000, -456.000, +124.000
1643782560, +3.02, +24.146,  +0.00217, +1024.000, -464.000, -64.000
1643782680, +3.02, +24.155,  -0.03499, +927.000, -464.000, +124.000
1643782800, +3.02, +24.196,  +0.03313, +1016.000, -448.000, -48.000
1643782920, +3.02, +24.180,  -0.05667, +1024.000, -472.000, -58.000
1643783040, +3.02, +24.196,  -0.03809, +1012.000, -448.000, -40.000
1643783160, +3.02, +24.205,  +0.10435, +1000.000, -452.000, -10.000
1643783280, +3.02, +24.221,  -0.06905, +1016.000, -456.000, -64.000
1643783400, +3.02, +24.238,  +0.09507, +1019.000, -448.000, -60.000
1643783520, +3.02, +24.246,  +0.03623, +1024.000, -452.000, -64.000
1643783640, +3.02, +24.230,  -0.05976, +923.000, -463.000, +121.000
1643783760, +3.02, +24.255,  -0.04738, +1011.000, -448.000, -50.000
1643783880, +3.02, +24.238,  -0.04118, +1024.000, -456.000, -64.000
1643784000, +3.02, +24.263,  -0.00093, +1024.000, -452.000, -64.000
1643784120, +3.02, +24.263,  -0.01332, +1024.000, -452.000, -64.000
1643784240, +3.02, +24.288,  +0.06720, +1011.000, -448.000, -48.000
1643784360, +3.02, +24.255,  -0.02570, +1024.000, -460.000, -64.000
1643784480, +3.02, +24.296,  +0.08268, +1027.000, -480.000, -48.000
1643784600, +3.02, +24.296,  -0.05047, +995.000, -456.000, +16.000
1643784720, +3.02, +24.305,  -0.08454, +1020.000, -456.000, -64.000
1643784840, +3.02, +24.313,  -0.06286, +1014.000, -448.000, -42.000
1643784960, +3.02, +24.330,  -0.02880, +1024.000, -480.000, -44.000
1643785080, +3.02, +24.347,  -0.02261, +1024.000, -456.000, -64.000
1643785200, +3.02, +24.330,  -0.03499, +1024.000, -464.000, -64.000
1643785320, +3.02, +24.347,  +0.04242, +1016.000, -448.000, -62.000
1643785440, +3.02, +24.347,  -0.05047, +1006.000, -456.000, -12.000
1643785560, +3.02, +24.347,  -0.04118, +1016.000, -448.000, -44.000
1643785680, +3.02, +24.355,  -0.05667, +1017.000, -452.000, -68.000
1643785800, +3.02, +24.330,  -0.06286, +999.000, -452.000,  +0.000
1643785920, +3.02, +24.372,  +0.00217, +1025.000, -476.000, -64.000
1643786040, +3.02, +24.347,  +0.05171, +1004.000, -456.000,  +7.000
1643786160, +3.02, +24.363,  -0.03189, +1004.000, -452.000,  -8.000
1643786280, +3.02, +24.397,  -0.12789, +1014.000, -452.000, -56.000
1643786400, +3.02, +24.397,  -0.11860, +1000.000, -452.000,  +0.000
1643786520, +3.02, +24.372,  -0.01332, +1000.000, -456.000,  +0.000
1643786640, +3.02, +24.397,  -0.06905, +974.000, -464.000, +78.000
1643786760, +3.02, +24.388,  -0.08763, +998.000, -456.000,  +8.000
1643786880, +3.02, +24.397,  -0.06286, +999.000, -456.000,  +0.000
1643787000, +3.02, +24.422,  -0.08454, +990.000, -458.000, +35.000
1643787120, +3.02, +24.413,  -0.09692, +1020.000, -448.000, -60.000
1643787240, +3.02, +24.422,  -0.01641, +1020.000, -456.000, -68.000
1643787360, +3.02, +24.413,  -0.05976, +998.000, -456.000,  +0.000
1643787480, +3.02, +24.430,  -0.06905, +1006.000, -452.000, -26.000
1643787600, +3.02, +24.430,  +0.04862, +999.000, -460.000, +14.000
1643787720, +3.02, +24.447,  +0.02075, +1016.000, -448.000, -50.000
1643787840, +3.02, +24.455,  -0.03499, +1008.000, -452.000, -25.000
1643787960, +3.02, +24.430,  -0.14028, +1024.000, -456.000, -64.000
1643788080, +3.02, +24.438,  -0.09692, +1024.000, -464.000, -64.000
1643788200, +3.02, +24.463,  +0.03623, +1024.000, -480.000, -48.000
1643788320, +3.02, +24.438,  -0.00093, +1024.000, -456.000, -72.000
1643788440, +3.02, +24.472,  -0.07834, +998.000, -456.000,  +6.000
1643788560, +3.02, +24.463,  -0.08454, +995.000, -456.000,  +3.000
1643788680, +3.02, +24.480,  -0.10312, +1024.000, -472.000, -60.000
1643788800, +3.02, +24.447,  -0.09073, +1006.000, -456.000,  +0.000
1643788920, +3.02, +24.472,  +0.00836, +1016.000, -448.000, -36.000
1643789040, +3.02, +24.505,  +0.04862, +1008.000, -448.000, -40.000
1643789160, +3.02, +24.497,  -0.06286, +999.000, -452.000,  +0.000
1643789280, +3.02, +24.497,  -0.02880, +1004.000, -456.000,  +0.000
1643789400, +3.02, +24.480,  -0.03809, +999.000, -456.000, +12.000
1643789520, +3.02, +24.513,  -0.11860, +1024.000, -464.000, -64.000
1643789640, +3.02, +24.513,  -0.02570, +995.000, -456.000,  +4.000
1643789760, +3.02, +24.497,  -0.12170, +993.000, -456.000, +16.000
1643789880, +3.02, +24.522,  +0.00836, +999.000, -456.000, +12.000
1643790000, +3.02, +24.522,  -0.04738, +1015.000, -448.000, -44.000
1643790120, +3.02, +24.522,  +0.01765, +992.000, -456.000, +19.000
1643790240, +3.02, +24.522,  -0.13718, +982.000, -464.000, +56.000
1643790360, +3.02, +24.547,  +0.05171, +1008.000, -448.000, -32.000
1643790480, +3.02, +24.530,  +0.04552, +992.000, -460.000, +36.000
1643790600, +3.02, +24.530,  -0.07834, +999.000, -456.000, +16.000
1643790720, +3.02, +24.555,  -0.06596, +1000.000, -456.000,  +0.000
1643790840, +3.02, +24.538,  -0.07215, +969.000, -464.000, +80.000
1643790960, +3.02, +24.538,  +0.02075, +975.000, -464.000, +71.000
1643791080, +3.02, +24.555,  -0.08454, +988.000, -461.000, +44.000
1643791200, +3.02, +24.563,  -0.02570, +992.000, -460.000, +33.000
1643791320, +3.02, +24.555,  -0.02261, +992.000, -456.000, +24.000
1643791440, +3.02, +24.555,  +0.01765, +993.000, -456.000, +16.000
1643791560, +3.02, +24.580,  -0.07525, +979.000, -461.000, +56.000
1643791680, +3.02, +24.597,  -0.03809, +976.000, -464.000, +76.000
1643791800, +3.02, +24.563,  -0.06905, +1004.000, -456.000,  +0.000
1643791920, +3.02, +24.572,  -0.07525, +976.000, -464.000, +64.000
1643792040, +3.02, +24.597,  -0.10931, +985.000, -456.000, +30.000
1643792160, +3.02, +24.588,  -0.09383, +960.000, -464.000, +103.000
1643792280, +3.02, +24.588,  +0.02384, +1011.000, -448.000, -40.000
1643792400, +3.02, +24.597,  -0.02570, +960.000, -468.000, +102.000
1643792520, +3.02, +24.597,  -0.05357, +966.000, -464.000, +88.000
1643792640, +3.02, +24.588,  -0.03189, +945.000, -468.000, +118.000
1643792760, +3.02, +24.622,  -0.02880, +984.000, -461.000, +54.000
1643792880, +3.02, +24.605,  -0.08144, +975.000, -464.000, +76.000
1643793000, +3.02, +24.605,  -0.03189, +995.000, -456.000, +12.000
1643793120, +3.02, +24.588,  +0.08887, +976.000, -464.000, +67.000
1643793240, +3.02, +24.613,  -0.03189, +999.000, -456.000,  +0.000
1643793360, +3.02, +24.630,  -0.01332, +993.000, -456.000, +32.000
1643793480, +3.02, +24.622,  +0.01455, +924.000, -464.000, +126.000
1643793600, +3.02, +24.630,  -0.07215, +990.000, -456.000, +32.000
1643793720, +3.02, +24.630,  -0.02880, +979.000, -464.000, +60.000
1643793840, +3.02, +24.638,  -0.04738, +975.000, -464.000, +80.000
1643793960, +3.02, +24.655,  -0.01951, +975.000, -464.000, +80.000
1643794080, +3.02, +24.655,  +0.01146, +982.000, -464.000, +60.000
1643794200, +3.02, +24.672,  -0.14647, +979.000, -461.000, +52.000
1643794320, +3.02, +24.655,  -0.08454, +984.000, -462.000, +38.000
1643794440, +3.02, +24.647,  -0.07215, +944.000, -468.000, +120.000
1643794560, +3.02, +24.655,  -0.03499, +992.000, -461.000, +32.000
1643794680, +3.02, +24.672,  +0.06100, +960.000, -468.000, +102.000
1643794800, +3.02, +24.672,  +0.05171, +960.000, -464.000, +103.000
1643794920, +3.02, +24.680,  +0.00526, +967.000, -468.000, +92.000
1643795040, +3.02, +24.680,  -0.05357, +995.000, -456.000, +16.000
1643795160, +3.02, +24.688,  -0.13718, +967.000, -464.000, +86.000
1643795280, +3.02, +24.688,  -0.01641, +968.000, -468.000, +88.000
1643795400, +3.02, +24.680,  +0.03004, +984.000, -464.000, +48.000
1643795520, +3.02, +24.697,  -0.04118, +972.000, -464.000, +76.000
1643795640, +3.02, +24.688,  +0.02075, +984.000, -460.000, +51.000
1643795760, +3.02, +24.705,  +0.02694, +984.000, -464.000, +62.000
1643795880, +3.02, +24.688,  -0.07215, +984.000, -464.000, +48.000
1643796000, +3.02, +24.705,  -0.00403, +964.000, -464.000, +96.000
1643796120, +3.02, +24.705,  -0.06905, +956.000, -464.000, +108.000
1643796240, +3.02, +24.722,  -0.03809, +952.000, -468.000, +112.000
1643796360, +3.02, +24.705,  -0.00712, +955.000, -468.000, +112.000
1643796480, +3.02, +24.722,  -0.07215, +967.000, -464.000, +88.000
1643796600, +3.02, +24.730,  -0.01332, +968.000, -464.000, +92.000
1643796720, +3.02, +24.730,  +0.02384, +969.000, -464.000, +88.000
1643796840, +3.02, +24.738,  -0.01022, +920.000, -464.000, +126.000
1643796960, +3.02, +24.730,  +0.02075, +952.000, -464.000, +112.000
1643797080, +3.02, +24.722,  -0.08763, +969.000, -464.000, +81.000
1643797200, +3.02, +24.738,  -0.07834, +945.000, -464.000, +116.000
1643797320, +3.02, +24.747,  +0.02384, +988.000, -464.000, +51.000
1643797440, +3.02, +24.738,  -0.04428, +926.000, -464.000, +121.000
1643797560, +3.02, +24.730,  -0.01951, +988.000, -460.000, +32.000
1643797680, +3.02, +24.730,  +0.01765, +984.000, -464.000, +52.000
1643797800, +3.02, +24.738,  +0.02384, +976.000, -464.000, +78.000
1643797920, +3.02, +24.747,  -0.04118, +992.000, -460.000, +38.000
1643798040, +3.02, +24.763,  -0.10931, +956.000, -468.000, +108.000
1643798160, +3.02, +24.763,  -0.08144, +956.000, -464.000, +104.000
1643798280, +3.02, +24.730,  -0.03809, +1006.000, -448.000, -20.000
1643798400, +3.02, +24.738,  +0.02384, +975.000, -468.000, +78.000
1643798520, +3.02, +24.755,  -0.06596, +976.000, -464.000, +70.000
1643798640, +3.02, +24.755,  +0.07958, +961.000, -464.000, +96.000
1643798760, +3.02, +24.730,  +0.02384, +947.000, -468.000, +118.000
1643798880, +3.02, +24.763,  -0.11550, +927.000, -464.000, +124.000
1643799000, +3.02, +24.755,  -0.08144, +968.000, -464.000, +96.000
1643799120, +3.02, +24.771,  +0.02694, +972.000, -464.000, +78.000
1643799240, +3.02, +24.755,  +0.00836, +952.000, -468.000, +112.000
1643799360, +3.02, +24.763,  +0.00836, +924.000, -461.000, +127.000
1643799480, +3.02, +24.780,  +0.04552, +943.000, -468.000, +120.000
1643799600, +3.02, +24.796,  -0.05976, +931.000, -464.000, +126.000
1643799720, +3.02, +24.771,  -0.05357, +929.000, -464.000, +124.000
1643799840, +3.02, +24.771,  +0.04242, +927.000, -464.000, +126.000
1643799960, +3.02, +24.788,  -0.07525, +926.000, -464.000, +126.000
1643800080, +3.02, +24.771,  -0.18363, +920.000, -456.000, +127.000
1643800200, +3.02, +24.796,  +0.05171, +934.000, -464.000, +120.000
1643800320, +3.02, +24.796,  -0.05667, +967.000, -468.000, +88.000
1643800440, +3.02, +24.780,  -0.07215, +979.000, -464.000, +67.000
1643800560, +3.02, +24.771,  -0.06905, +952.000, -468.000, +115.000
1643800680, +3.02, +24.796,  -0.05667, +979.000, -464.000, +67.000
1643800800, +3.02, +24.788,  -0.04428, +928.000, -464.000, +128.000
1643800920, +3.02, +24.813,  +0.03933, +990.000, -461.000, +32.000
1643801040, +3.02, +24.796,  -0.03499, +984.000, -461.000, +50.000
1643801160, +3.02, +24.780,  +0.02384, +944.000, -468.000, +116.000
1643801280, +3.02, +24.780,  -0.00403, +984.000, -464.000, +48.000
1643801400, +3.02, +24.788,  +0.04862, +988.000, -461.000, +32.000
1643801520, +3.02, +24.796,  -0.03809, +988.000, -460.000, +38.000
1643801640, +3.02, +24.805,  +0.01765, +988.000, -464.000, +48.000
1643801760, +3.02, +24.813,  +0.01765, +977.000, -464.000, +70.000
1643801880, +3.02, +24.796,  -0.00403, +967.000, -468.000, +92.000
1643802000, +3.02, +24.821,  -0.08763, +982.000, -464.000, +48.000
1643802120, +3.02, +24.805,  -0.05047, +936.000, -464.000, +120.000
1643802240, +3.02, +24.813,  -0.04428, +927.000, -464.000, +124.000
1643802360, +3.02, +24.838,  -0.06286, +974.000, -464.000, +88.000
1643802480, +3.02, +24.821,  -0.02261, +921.000, -464.000, +126.000
1643802600, +3.02, +24.813,  -0.02570, +920.000, -460.000, +124.000
1643802720, +3.02, +24.846,  +0.10126, +923.000, -460.000, +124.000
1643802840, +3.02, +24.855,  -0.01332, +961.000, -464.000, +99.000
1643802960, +3.02, +24.805,  +0.01765, +923.000, -461.000, +124.000
1643803080, +3.02, +24.838,  -0.01641, +920.000, -461.000, +126.000
1643803200, +3.02, +24.821,  -0.01332, +920.000, -463.000, +124.000
1643803320, +3.02, +24.838,  -0.03499, +934.000, -464.000, +124.000
1643803440, +3.02, +24.821,  -0.01022, +924.000, -461.000, +124.000
1643803560, +3.02, +24.855,  +0.02384, +920.000, -461.000, +127.000
1643803680, +3.02, +24.846,  -0.01332, +920.000, -461.000, +124.000
1643803800, +3.02, +24.838,  +0.10126, +937.000, -468.000, +120.000
1643803920, +3.02, +24.838,  -0.06596, +950.000, -468.000, +115.000
1643804040, +3.02, +24.830,  +0.02694, +977.000, -464.000, +71.000
1643804160, +3.02, +24.880,  +0.02384, +931.000, -464.000, +124.000
1643804280, +3.02, +24.855,  -0.11550, +944.000, -464.000, +120.000
1643804400, +3.02, +24.855,  -0.10312, +936.000, -464.000, +124.000
1643804520, +3.02, +24.838,  +0.03313, +964.000, -464.000, +96.000
1643804640, +3.02, +24.863,  +0.06410, +983.000, -464.000, +60.000
1643804760, +3.02, +24.871,  -0.04738, +924.000, -464.000, +128.000
1643804880, +3.02, +24.863,  -0.07525, +960.000, -464.000, +103.000
1643805000, +3.02, +24.880,  -0.03809, +923.000, -464.000, +124.000
1643805120, +3.02, +24.871,  -0.00403, +921.000, -461.000, +126.000
1643805240, +3.02, +24.896,  -0.07525, +920.000, -456.000, +126.000
1643805360, +3.02, +24.863,  -0.00093, +1025.000, -497.000, -19.000
1643805480, +3.02, +24.896,  -0.04738, +944.000, -464.000, +116.000
1643805600, +3.02, +24.863,  +0.05481, +944.000, -464.000, +120.000
1643805720, +3.02, +24.880,  -0.04738, +935.000, -464.000, +124.000
1643805840, +3.02, +24.863,  +0.09816, +940.000, -464.000, +120.000
1643805960, +3.02, +24.855,  -0.03189, +975.000, -464.000, +71.000
1643806080, +3.02, +24.813,  +0.03313, +942.000, -464.000, +120.000
1643806200, +3.02, +24.813,  +0.00526, +960.000, -468.000, +102.000
1643806320, +3.02, +24.771,  -0.09073, +948.000, -468.000, +120.000
1643806440, +3.02, +24.722,  -0.05976, +920.000, -461.000, +120.000
1643806560, +3.02, +24.730,  -0.03189, +956.000, -468.000, +108.000
1643806680, +3.02, +24.663,  +0.06720, +977.000, -464.000, +56.000
1643806800, +3.02, +24.655,  +0.07649, +984.000, -461.000, +48.000
1643806920, +3.02, +24.597,  -0.03189, +979.000, -464.000, +72.000
1643807040, +3.02, +24.572,  -0.09692, +995.000, -460.000, +24.000
1643807160, +3.02, +24.538,  -0.03499, +984.000, -464.000, +48.000
1643807280, +3.02, +24.497,  -0.01332, +992.000, -456.000, +24.000
1643807400, +3.02, +24.472,  -0.07525, +998.000, -458.000, +24.000
1643807520, +3.02, +24.422,  +0.03623, +1000.000, -456.000,  +0.000
1643807640, +3.02, +24.372,  -0.02261, +992.000, -461.000, +28.000
1643807760, +3.02, +24.322,  -0.10312, +1016.000, -448.000, -61.000
1643807880, +3.02, +24.313,  -0.05047, +924.000, -456.000, +124.000
1643808000, +3.02, +24.288,  -0.01641, +1016.000, -452.000, -60.000
1643808120, +3.02, +24.246,  +0.01455, +999.000, -456.000,  +8.000
1643808240, +3.02, +24.221,  -0.02570, +1014.000, -448.000, -52.000
1643808360, +3.02, +24.230,  -0.04738, +1024.000, -488.000, -49.000
1643808480, +3.02, +24.171,  +0.03933, +1019.000, -460.000, -64.000
1643808600, +3.02, +24.180,  -0.06905, +1027.000, -460.000, -64.000
1643808720, +3.02, +24.188,  -0.10312, +924.000, -456.000, +127.000
1643808840, +3.02, +24.138,  -0.02570, +1024.000, -472.000, -61.000
1643808960, +3.02, +24.138,  -0.01332, +924.000, -461.000, +120.000
1643809080, +3.02, +24.146,  -0.05047, +920.000, -458.000, +124.000
1643809200, +3.02, +24.146,  -0.05047, +1024.000, -456.000, -64.000
1643809320, +3.02, +24.130,  -0.04118, +1000.000, -456.000,  +0.000
1643809440, +3.02, +24.146,  -0.02261, +1016.000, -452.000, -61.000
1643809560, +3.02, +24.121,  -0.01022, +926.000, -463.000, +124.000
1643809680, +3.02, +24.155,  -0.04738, +920.000, -460.000, +128.000
1643809800, +3.02, +24.171,  -0.02880, +920.000, -460.000, +124.000
1643809920, +3.02, +24.163,  +0.08578, +920.000, -460.000, +126.000
1643810040, +3.02, +24.171,  +0.01765, +921.000, -460.000, +126.000
1643810160, +3.02, +24.180,  -0.00093, +1020.000, -496.000, -20.000
1643810280, +3.02, +24.155,  -0.03189, +1020.000, -452.000, -64.000
1643810400, +3.02, +24.188,  -0.04118, +1027.000, -476.000, -55.000
1643810520, +3.02, +24.180,  -0.05667, +1014.000, -452.000, -58.000
1643810640, +3.02, +24.205,  +0.01146, +1017.000, -484.000, -29.000
1643810760, +3.02, +24.188,  -0.01641, +1024.000, -472.000, -57.000
1643810880, +3.02, +24.196,  -0.05047, +1024.000, -460.000, -64.000
1643811000, +3.02, +24.221,  -0.03809, +1024.000, -480.000, -44.000
1643811120, +3.02, +24.230,  -0.04118, +1016.000, -456.000, -64.000
1643811240, +3.02, +24.230,  -0.12170, +1004.000, -456.000,  -7.000
1643811360, +3.02, +24.238,  +0.03004, +1024.000, -448.000, -64.000
1643811480, +3.02, +24.255,  +0.02384, +1001.000, -452.000, -12.000
1643811600, +3.02, +24.263,  -0.00712, +1020.000, -456.000, -64.000
1643811720, +3.02, +24.246,  -0.09692, +1024.000, -456.000, -64.000
1643811840, +3.02, +24.263,  -0.04118, +1024.000, -456.000, -64.000
1643811960, +3.02, +24.271,  -0.10621, +1024.000, -452.000, -64.000
1643812080, +3.02, +24.288,  -0.08144, +1014.000, -448.000, -64.000
1643812200, +3.02, +24.296,  +0.11674, +1006.000, -452.000, -13.000
1643812320, +3.02, +24.305,  -0.06596, +1004.000, -456.000,  +0.000
1643812440, +3.02, +24.263,  +0.07649, +995.000, -460.000, +24.000
1643812560, +3.02, +24.296,  -0.07215, +1011.000, -448.000, -48.000
1643812680, +3.02, +24.305,  +0.00217, +1008.000, -448.000, -32.000
1643812800, +3.02, +24.338,  +0.00217, +1016.000, -448.000, -40.000
1643812920, +3.02, +24.330,  -0.09073, +1024.000, -452.000, -64.000
1643813040, +3.02, +24.338,  -0.14028, +990.000, -461.000, +28.000
1643813160, +3.02, +24.355,  -0.04428, +1001.000, -456.000,  +0.000
1643813280, +3.02, +24.338,  -0.05047, +999.000, -456.000,  +8.000
1643813400, +3.02, +24.330,  -0.05976, +982.000, -464.000, +54.000
1643813520, +3.02, +24.363,  +0.07029, +1008.000, -454.000, -29.000
1643813640, +3.02, +24.355,  -0.00093, +1008.000, -448.000, -32.000
1643813760, +3.02, +24.363,  -0.08144, +1020.000, -452.000, -61.000
1643813880, +3.02, +24.397,  +0.00217, +1008.000, -448.000, -23.000
1643814000, +3.02, +24.380,  +0.04552, +999.000, -456.000,  +4.000
1643814120, +3.02, +24.397,  +0.03623, +999.000, -460.000, +14.000
1643814240, +3.02, +24.388,  +0.04862, +998.000, -456.000,  +4.000
1643814360, +3.02, +24.397,  -0.08144, +979.000, -464.000, +60.000
1643814480, +3.02, +24.388,  +0.00836, +1004.000, -452.000, -13.000
1643814600, +3.02, +24.430,  +0.01146, +999.000, -456.000,  +7.000
1643814720, +3.02, +24.422,  -0.01641, +994.000, -460.000, +19.000
1643814840, +3.02, +24.413,  -0.04738, +992.000, -460.000, +32.000
1643814960, +3.02, +24.422,  +0.00836, +967.000, -464.000, +88.000
1643815080, +3.02, +24.413,  -0.01951, +984.000, -458.000, +38.000
1643815200, +3.02, +24.430,  +0.00526, +988.000, -458.000, +30.000
1643815320, +3.02, +24.447,  -0.01641, +1024.000, -474.000, -60.000
1643815440, +3.02, +24.463,  +0.08887, +996.000, -456.000,  +7.000
1643815560, +3.02, +24.447,  +0.14151, +976.000, -464.000, +72.000
1643815680, +3.02, +24.455,  +0.02384, +999.000, -456.000, +12.000
1643815800, +3.02, +24.455,  +1.26867, +1008.000, -452.000, -16.000
1643815920, +3.02, +24.480,  +1.43279, +999.000, -456.000,  -8.000
1643816040, +3.02, +24.463,  +1.43589, +998.000, -460.000, +22.000
1643816160, +3.02, +24.513,  +1.46685, +1020.000, -456.000, -64.000
1643816280, +3.02, +24.497,  +1.52878, +992.000, -456.000,  +8.000
1643816400, +3.02, +24.522,  +1.58762, +976.000, -468.000, +76.000
1643816520, +3.02, +24.530,  +1.47924, +999.000, -456.000,  +8.000
1643816640, +3.02, +24.530,  +1.67432, +992.000, -460.000, +24.000
1643816760, +3.02, +24.547,  +1.64026, +972.000, -464.000, +80.000
1643816880, +3.02, +24.563,  +1.63407, +988.000, -464.000, +40.000
1643817000, +3.02, +24.580,  +1.68361, +1016.000, -452.000, -56.000
1643817120, +3.02, +24.572,  +1.77961, +995.000, -456.000,  +3.000
1643817240, +3.02, +24.580,  +1.71458, +984.000, -463.000, +54.000
1643817360, +3.02, +24.605,  +1.71767, +998.000, -456.000, +12.000
1643817480, +3.02, +24.613,  +1.78580, +993.000, -456.000,  +3.000
1643817600, +3.02, +24.622,  +1.78270, +1000.000, -452.000, -16.000
1643817720, +3.02, +24.613,  +1.86631, +1016.000, -448.000, -52.000
1643817840, +3.02, +24.638,  +1.87870, +975.000, -464.000, +70.000
1643817960, +3.02, +24.672,  +2.19145, +995.000, -456.000, +12.000
1643818080, +3.02, +24.647,  +2.74574, +992.000, -464.000, +44.000
1643818200, +3.02, +24.655,  +2.74264, +988.000, -461.000, +35.000
1643818320, +3.02, +24.722,  +2.85102, +988.000, -462.000, +51.000
1643818440, +3.02, +24.705,  +2.75503, +952.000, -464.000, +108.000
1643818560, +3.02, +24.730,  +2.81387, +976.000, -464.000, +70.000
1643818680, +3.02, +24.747,  +0.13222, +784.000, -88.000, -346.000
1643818800, +3.02, +24.771,  +0.27776, +808.000, -77.000, -400.000
1643818920, +3.02, +24.788,  +0.10435, +814.000, -72.000, -424.000
1643819040, +3.02, +24.788,  +0.20035, +816.000, -68.000, -436.000
1643819160, +3.02, +24.788,  +0.03313, +761.000, -84.000, -336.000
1643819280, +3.02, +24.780,  +0.15080, +790.000, -79.000, -368.000
1643819400, +3.02, +24.788,  +0.09816, +800.000, -72.000, -397.000
1643819520, +3.02, +24.780,  +0.11364, +814.000, -64.000, -429.000
1643819640, +3.02, +24.771,  +0.10745, +790.000, -80.000, -370.000
1643819760, +3.02, +24.763,  +0.03933, +775.000, -80.000, -356.000
1643819880, +3.02, +24.780,  -0.00712, +822.000, -56.000, -468.000
1643820000, +3.02, +24.730,  +0.02694, +792.000, -72.000, -384.000
1643820120, +3.02, +24.730,  +0.12913, +808.000, -64.000, -420.000
1643820240, +3.02, +24.730,  +0.05171, +812.000, -61.000, -436.000
1643820360, +3.02, +24.713,  +0.11055, +787.000, -76.000, -368.000
1643820480, +3.02, +24.705,  +0.03313, +792.000, -64.000, -384.000
1643820600, +3.02, +24.697,  +0.07029, +803.000, -57.000, -408.000
1643820720, +3.02, +24.688,  +0.03004, +763.000, -71.000, -348.000
1643820840, +3.02, +24.680,  +0.05791, +792.000, -64.000, -377.000
1643820960, +3.02, +24.672,  +0.00217, +806.000, -52.000, -424.000
1643821080, +3.02, +24.638,  -0.02880, +824.000, -40.000, -488.000
1643821200, +3.02, +24.638,  -0.02261, +783.000, -119.000, -376.000
1643821320, +3.02, +24.630,  +0.01146, +814.000, -100.000, -464.000
1643821440, +3.02, +24.655,  +0.06720, +819.000, -96.000, -488.000
1643821560, +3.02, +24.672,  -0.03189, +807.000, -104.000, -444.000
1643821680, +3.02, +24.680,  +0.08268, +787.000, -114.000, -388.000
1643821800, +3.02, +24.688,  +0.08887, +764.000, -120.000, -360.000
1643821920, +3.02, +24.688,  +0.05481, +792.000, -114.000, -392.000
1643822040, +3.02, +24.688,  +0.06410, +787.000, -114.000, -392.000
1643822160, +3.02, +24.705,  +0.07339, +780.000, -116.000, -376.000
1643822280, +3.02, +24.713,  -0.07215, +775.000, -120.000, -370.000
1643822400, +3.02, +24.722,  +0.07029, +768.000, -120.000, -360.000
1643822520, +3.02, +24.713,  +0.05171, +809.000, -104.000, -456.000
1643822640, +3.02, +24.730,  -0.02570, +780.000, -116.000, -376.000
1643822760, +3.02, +24.747,  +0.02694, +777.000, -116.000, -368.000
1643822880, +3.02, +24.788,  +0.02384, +768.000, -120.000, -360.000
1643823000, +3.02, +24.780,  +0.14771, +796.000, -108.000, -416.000
1643823120, +3.02, +24.805,  +0.01146, +764.000, -120.000, -360.000
1643823240, +3.02, +24.821,  +0.07029, +807.000, -104.000, -448.000
1643823360, +3.02, +24.830,  +0.13842, +814.000, -100.000, -474.000
1643823480, +3.02, +24.846,  +0.04552, +816.000, -98.000, -468.000
1643823600, +3.02, +24.863,  +0.07029, +769.000, -120.000, -360.000
1643823720, +3.02, +24.871,  +0.05481, +774.000, -116.000, -364.000
1643823840, +3.02, +24.880,  +0.17248, +760.000, -120.000, -352.000
1643823960, +3.02, +24.863,  -0.01022, +796.000, -112.000, -408.000
1643824080, +3.02, +24.863,  +0.01146, +777.000, -120.000, -376.000
1643824200, +3.02, +24.871,  +0.07649, +768.000, -120.000, -356.000
1643824320, +3.02, +24.880,  +0.00217, +768.000, -120.000, -360.000
1643824440, +3.02, +24.838,  +0.10745, +769.000, -121.000, -360.000
1643824560, +3.02, +24.838,  +0.00526, +752.000, -121.000, -352.000
1643824680, +3.02, +24.846,  +0.00217, +775.000, -119.000, -368.000
1643824800, +3.02, +24.830,  +0.03004, +752.000, -120.000, -346.000
1643824920, +3.02, +24.788,  +0.02075, +753.000, -122.000, -352.000
1643825040, +3.02, +24.805,  +0.05481, +755.000, -122.000, -352.000
1643825160, +3.02, +24.780,  -0.01332, +774.000, -116.000, -364.000
1643825280, +3.02, +24.771,  -0.05357, +793.000, -108.000, -408.000
1643825400, +3.02, +24.730,  +0.01455, +792.000, -112.000, -400.000
1643825520, +3.02, +24.747,  +0.02075, +807.000, -104.000, -448.000
1643825640, +3.02, +24.755,  +0.00836, +783.000, -114.000, -388.000
1643825760, +3.02, +24.713,  +0.10745, +807.000, -104.000, -452.000
1643825880, +3.02, +24.713,  +0.11055, +796.000, -111.000, -410.000
1643826000, +3.02, +24.697,  +0.09507, +819.000, -64.000, -476.000
1643826120, +3.02, +24.672,  +0.03933, +809.000, -72.000, -442.000
1643826240, +3.02, +24.672,  +0.06100, +812.000, -72.000, -448.000
1643826360, +3.02, +24.638,  +0.04552, +832.000, -57.000, -538.000
1643826480, +3.02, +24.630,  +0.11055, +819.000, -64.000, -480.000
1643826600, +3.02, +24.572,  +0.07339, +777.000, -88.000, -362.000
1643826720, +3.02, +24.588,  +0.16629, +806.000, -74.000, -424.000
1643826840, +3.02, +24.555,  +0.05791, +769.000, -88.000, -360.000
1643826960, +3.02, +24.505,  +0.04552, +787.000, -84.000, -380.000
1643827080, +3.02, +24.513,  +0.12603, +798.000, -80.000, -404.000
1643827200, +3.02, +24.488,  +0.06720, +793.000, -80.000, -400.000
1643827320, +3.02, +24.472,  +0.05791, +803.000, -74.000, -424.000
1643827440, +3.02, +24.447,  +0.10126, +819.000, -64.000, -484.000
1643827560, +3.02, +24.430,  +0.07958, +825.000, -61.000, -508.000
1643827680, +3.02, +24.413,  +0.05171, +824.000, -61.000, -496.000
1643827800, +3.02, +24.388,  +0.03313, +830.000, -58.000, -528.000
1643827920, +3.02, +24.405,  +0.24370, +824.000, -96.000, -504.000
1643828040, +3.02, +24.413,  +0.59052, +927.000, -344.000, -348.000
1643828160, +3.02, +24.413,  +0.51310, +932.000, -336.000, -364.000
1643828280, +3.02, +24.488,  +0.50072, +920.000, -308.000, -356.000
1643828400, +3.02, +24.480,  +0.57194, +862.000, -336.000, -448.000
1643828520, +3.02, +24.522,  +0.55955, +841.000, -344.000, -368.000
1643828640, +3.02, +24.555,  +0.41711, +839.000, -344.000, -362.000
1643828760, +3.02, +24.597,  +0.52549, +844.000, -344.000, -382.000
1643828880, +3.02, +24.605,  +0.37995, +795.000, -365.000, -266.000
1643829000, +3.02, +24.613,  +0.45117, +839.000, -368.000, -376.000
1643829120, +3.02, +24.597,  +0.59052, +828.000, -384.000, -349.000
1643829240, +3.02, +24.638,  +0.46975, +856.000, -368.000, -460.000
1643829360, +3.02, +24.655,  +0.48214, +824.000, -384.000, -336.000
1643829480, +3.02, +24.647,  +0.37685, +836.000, -378.000, -378.000
1643829600, +3.02, +24.622,  +1.57523, +708.000, +399.000, +1030.000
