7530-428102
OS REV: 1.05 Sensor Cal: 1572940800
Time (sec),  Bat (Volts),   T (deg C),  PAR (umol/(s m^2))  Ax (g), Ay (g), Az (g)
1630015080, +2.95, +26.135,  +1.44518, -104.000, +512.000, -968.000
1630015140, +2.95, +26.126,  +1.40492, -122.000, +441.000, -704.000
1630015200, +2.95, +26.159,  +1.55975, -116.000, +504.000, -893.000
1630015260, +2.95, +26.159,  +1.48853, -104.000, +512.000, -964.000
1630015320, +2.95, +26.143,  +1.47304, -112.000, +508.000, -928.000
1630015380, +2.95, +26.184,  +1.46685, -104.000, +496.000, -976.000
1630015440, +2.95, +26.184,  +1.59071, -114.000, +512.000, -928.000
1630015500, +2.95, +26.193,  +1.56285, -104.000, +508.000, -968.000
1630015560, +2.95, +26.201,  +1.57214, -104.000, +496.000, -976.000
1630015620, +2.95, +26.209,  +1.57523, -125.000, +441.000, -701.000
1630015680, +2.95, +26.209,  +1.83535, -104.000, +502.000, -976.000
1630015740, +2.95, +26.242,  +1.90037, -104.000, +496.000, -972.000
1630015800, +2.95, +26.226,  +1.84773, -104.000, +512.000, -960.000
1630015860, +2.95, +26.242,  +1.97779, -104.000, +504.000, -972.000
1630015920, +2.95, +26.251,  +1.96230, -104.000, +500.000, -976.000
1630015980, +2.95, +26.251,  +1.85702, -104.000, +496.000, -976.000
1630016040, +2.95, +26.284,  +1.75174, -112.000, +508.000, -920.000
1630016100, +2.95, +26.284,  +1.83844, -120.000, +496.000, -864.000
1630016160, +2.95, +26.284,  +1.78580, -122.000, +492.000, -832.000
1630016220, +2.95, +26.292,  +1.82915, -112.000, +504.000, -909.000
1630016280, +2.95, +26.300,  +1.80128, -116.000, +497.000, -864.000
1630016340, +2.95, +26.309,  +1.84463, -120.000, +494.000, -848.000
1630016400, +2.95, +26.317,  +2.12023, -120.000, +496.000, -861.000
1630016460, +2.95, +26.325,  +2.22551, -125.000, +488.000, -820.000
1630016520, +2.95, +26.325,  +2.41750, -120.000, +496.000, -860.000
1630016580, +2.95, +26.350,  +2.50730, -112.000, +512.000, -936.000
1630016640, +2.95, +26.350,  +2.52898, -122.000, +488.000, -824.000
1630016700, +2.95, +26.333,  +2.61259, -124.000, +476.000, -781.000
1630016760, +2.95, +26.367,  +2.59091, -120.000, +496.000, -856.000
1630016820, +2.95, +26.383,  +2.68381, -120.000, +484.000, -813.000
1630016880, +2.95, +26.400,  +2.60949, -128.000, +480.000, -792.000
1630016940, +2.95, +26.375,  +2.68071, -122.000, +483.000, -804.000
1630017000, +2.95, +26.416,  +1.94373, -124.000, +480.000, -776.000
1630017060, +2.95, +26.416,  +1.84773, -120.000, +486.000, -816.000
1630017120, +2.95, +26.425,  +1.90037, -124.000, +484.000, -810.000
1630017180, +2.95, +26.416,  +1.77651, -128.000, +463.000, -744.000
1630017240, +2.95, +26.425,  +1.90037, -125.000, +456.000, -730.000
1630017300, +2.95, +26.433,  +1.89728, -124.000, +472.000, -768.000
1630017360, +2.95, +26.474,  +1.86941, -125.000, +483.000, -808.000
1630017420, +2.95, +26.466,  +1.88799, -128.000, +456.000, -733.000
1630017480, +2.95, +26.474,  +1.96230, -128.000, +460.000, -736.000
1630017540, +2.95, +26.507,  +2.05830, -127.000, +464.000, -751.000
1630017600, +2.95, +26.516,  +1.94063, -124.000, +468.000, -756.000
1630017660, +2.95, +26.524,  +1.90966, -125.000, +467.000, -760.000
1630017720, +2.95, +26.532,  +1.98398, -127.000, +444.000, -712.000
1630017780, +2.95, +26.532,  +2.06140, -125.000, +444.000, -703.000
1630017840, +2.95, +26.549,  +1.99327, -128.000, +463.000, -744.000
1630017900, +2.95, +26.574,  +2.04591, -124.000, +444.000, -712.000
1630017960, +2.95, +26.582,  +2.07378, -128.000, +455.000, -730.000
1630018020, +2.95, +26.590,  +1.97779, -127.000, +448.000, -714.000
1630018080, +2.95, +26.598,  +2.12642, -125.000, +444.000, -712.000
1630018140, +2.95, +26.623,  +2.05211, -128.000, +454.000, -720.000
1630018200, +2.95, +26.615,  +2.10784, -124.000, +440.000, -704.000
1630018260, +2.95, +26.607,  +2.20074, -124.000, +456.000, -736.000
1630018320, +2.95, +26.648,  +2.22242, -122.000, +441.000, -706.000
1630018380, +2.95, +26.656,  +2.29364, -122.000, +441.000, -697.000
1630018440, +2.95, +26.681,  +2.27196, -122.000, +440.000, -701.000
1630018500, +2.95, +26.681,  +2.23790, -125.000, +444.000, -712.000
1630018560, +2.95, +26.689,  +2.36796, -122.000, +444.000, -708.000
1630018620, +2.95, +26.698,  +2.39892, -121.000, +441.000, -704.000
1630018680, +2.95, +26.689,  +2.12023, -121.000, +441.000, -704.000
1630018740, +2.95, +26.731,  +2.23171, -127.000, +444.000, -708.000
1630018800, +2.95, +26.731,  +2.23480, -121.000, +440.000, -703.000
1630018860, +2.95, +26.756,  +2.17907, -125.000, +440.000, -704.000
1630018920, +2.95, +26.731,  +2.30603, -122.000, +441.000, -704.000
1630018980, +2.95, +26.756,  +2.31222, -122.000, +441.000, -704.000
1630019040, +2.95, +26.780,  +2.34009, -122.000, +444.000, -704.000
1630019100, +2.95, +26.797,  +2.14810, -124.000, +444.000, -704.000
1630019160, +2.95, +26.780,  +2.18216, -121.000, +443.000, -703.000
1630019220, +2.95, +26.797,  +2.22551, -121.000, +441.000, -697.000
1630019280, +2.95, +26.822,  +2.25029, -104.000, +500.000, -972.000
1630019340, +2.95, +26.830,  +2.03353, -104.000, +502.000, -972.000
1630019400, +2.95, +26.855,  +1.92824, -100.000, +464.000, -947.000
1630019460, +2.95, +26.871,  +1.99327, -104.000, +464.000, -919.000
1630019520, +2.95, +26.863,  +2.02424, -104.000, +500.000, -972.000
1630019580, +2.95, +26.871,  +2.04282, -108.000, +512.000, -960.000
1630019640, +2.95, +26.880,  +2.10784, -121.000, +443.000, -697.000
1630019700, +2.95, +26.904,  +2.03662, -104.000, +496.000, -972.000
1630019760, +2.95, +26.896,  +2.02733, -104.000, +487.000, -968.000
1630019820, +2.95, +26.921,  +2.07069, -104.000, +492.000, -976.000
1630019880, +2.95, +26.929,  +2.05211, -108.000, +504.000, -976.000
1630019940, +2.95, +26.929,  +2.26577, -124.000, +444.000, -698.000
1630020000, +2.95, +26.954,  +2.31841, -112.000, +467.000, -913.000
1630020060, +2.95, +26.954,  +2.33389, -112.000, +512.000, -922.000
1630020120, +2.95, +26.971,  +2.36176, -108.000, +512.000, -956.000
1630020180, +2.95, +26.979,  +2.25338, -121.000, +444.000, -701.000
1630020240, +2.95, +26.995,  +2.29364, -120.000, +496.000, -856.000
1630020300, +2.95, +27.012,  +2.32151, -104.000, +497.000, -976.000
1630020360, +2.95, +27.004,  +2.30293, -112.000, +512.000, -922.000
1630020420, +2.95, +27.012,  +2.31841, -120.000, +487.000, -832.000
1630020480, +2.95, +27.045,  +2.31222, -122.000, +496.000, -844.000
1630020540, +2.95, +27.053,  +2.13571, -116.000, +502.000, -888.000
1630020600, +2.95, +27.037,  +2.26887, -116.000, +502.000, -888.000
1630020660, +2.95, +27.078,  +2.27196, -112.000, +515.000, -942.000
1630020720, +2.95, +27.078,  +2.22551, -124.000, +440.000, -712.000
1630020780, +2.95, +27.078,  +2.28435, -116.000, +496.000, -856.000
1630020840, +2.95, +27.103,  +2.29054, -104.000, +463.000, -916.000
1630020900, +2.95, +27.119,  +2.22551, -116.000, +499.000, -880.000
1630020960, +2.95, +27.111,  +2.34938, -112.000, +512.000, -932.000
1630021020, +2.95, +27.128,  +2.32461, -116.000, +502.000, -882.000
1630021080, +2.95, +27.136,  +2.39273, -100.000, +476.000, -960.000
1630021140, +2.95, +27.144,  +2.34628, -120.000, +496.000, -856.000
1630021200, +2.95, +27.152,  +2.36486, -120.000, +496.000, -852.000
1630021260, +2.95, +27.152,  +2.41750, -120.000, +496.000, -864.000
1630021320, +2.95, +27.185,  +2.35867, -109.000, +512.000, -960.000
1630021380, +2.95, +27.185,  +2.41441, -120.000, +499.000, -872.000
1630021440, +2.95, +27.194,  +2.41131, -120.000, +496.000, -858.000
1630021500, +2.95, +27.202,  +2.44228, -122.000, +487.000, -816.000
1630021560, +2.95, +27.218,  +2.46705, -122.000, +496.000, -856.000
1630021620, +2.95, +27.202,  +2.47324, -120.000, +502.000, -868.000
1630021680, +2.95, +27.235,  +2.46395, -120.000, +496.000, -864.000
1630021740, +2.95, +27.235,  +2.61568, -120.000, +496.000, -858.000
1630021800, +2.95, +27.218,  +2.58162, -120.000, +496.000, -852.000
1630021860, +2.95, +27.227,  +2.53517, -124.000, +486.000, -816.000
1630021920, +2.95, +27.235,  +2.56614, -125.000, +467.000, -760.000
1630021980, +2.95, +27.260,  +2.53517, -125.000, +440.000, -704.000
1630022040, +2.95, +27.260,  +2.58781, -120.000, +487.000, -820.000
1630022100, +2.95, +27.276,  +2.60020, -120.000, +496.000, -864.000
1630022160, +2.95, +27.276,  +2.66213, -120.000, +496.000, -852.000
1630022220, +2.95, +27.268,  +2.64975, -120.000, +496.000, -864.000
1630022280, +2.95, +27.260,  +2.63117, -121.000, +492.000, -848.000
1630022340, +2.95, +27.284,  +2.72716, -122.000, +480.000, -800.000
1630022400, +2.95, +27.284,  +2.73955, -122.000, +480.000, -794.000
1630022460, +2.95, +27.268,  +2.68691, -112.000, +512.000, -936.000
1630022520, +2.95, +27.276,  +2.80148, -124.000, +487.000, -824.000
1630022580, +2.95, +27.284,  +2.67452, -124.000, +480.000, -784.000
1630022640, +2.95, +27.301,  +2.73026, -120.000, +492.000, -840.000
1630022700, +2.95, +27.301,  +2.73955, -120.000, +494.000, -845.000
1630022760, +2.95, +27.293,  +2.57233, -121.000, +440.000, -704.000
1630022820, +2.95, +27.284,  +2.70548, -124.000, +481.000, -800.000
1630022880, +2.95, +27.309,  +2.75813, -122.000, +476.000, -788.000
1630022940, +2.95, +27.317,  +2.72097, -125.000, +440.000, -712.000
1630023000, +2.95, +27.317,  +2.67142, -125.000, +462.000, -744.000
1630023060, +2.95, +27.326,  +2.70858, -124.000, +480.000, -792.000
1630023120, +2.95, +27.317,  +2.60639, -128.000, +440.000, -712.000
1630023180, +2.95, +27.317,  +2.76742, -120.000, +492.000, -832.000
1630023240, +2.95, +27.317,  +2.70239, -122.000, +488.000, -826.000
1630023300, +2.95, +27.326,  +2.73955, -120.000, +496.000, -860.000
1630023360, +2.95, +27.301,  +2.65904, -120.000, +496.000, -864.000
1630023420, +2.95, +27.326,  +2.59710, -120.000, +496.000, -848.000
1630023480, +2.95, +27.317,  +2.56924, -124.000, +486.000, -816.000
1630023540, +2.95, +27.317,  +2.70548, -120.000, +488.000, -832.000
1630023600, +2.95, +27.317,  +2.68071, -120.000, +499.000, -868.000
1630023660, +2.95, +27.317,  +2.69620, -125.000, +463.000, -744.000
1630023720, +2.95, +27.334,  +2.73335, -125.000, +462.000, -740.000
1630023780, +2.95, +27.317,  +2.69000, -125.000, +460.000, -736.000
1630023840, +2.95, +27.317,  +2.62497, -125.000, +448.000, -716.000
1630023900, +2.95, +27.317,  +2.60330, -125.000, +467.000, -760.000
1630023960, +2.95, +27.317,  +2.60020, -122.000, +480.000, -794.000
1630024020, +2.95, +27.326,  +2.63426, -121.000, +488.000, -832.000
1630024080, +2.95, +27.309,  +1.75793, -121.000, +483.000, -808.000
1630024140, +2.95, +27.309,  +2.45466, -128.000, +468.000, -752.000
1630024200, +2.95, +27.317,  +2.43918, -125.000, +484.000, -808.000
1630024260, +2.95, +27.309,  +2.29364, -122.000, +472.000, -760.000
1630024320, +2.95, +27.301,  +1.43279, -125.000, +476.000, -776.000
1630024380, +2.95, +27.276,  +2.59091, -125.000, +472.000, -767.000
1630024440, +2.95, +27.301,  +2.51350, -116.000, +504.000, -864.000
1630024500, +2.95, +27.309,  +2.57233, -121.000, +488.000, -826.000
1630024560, +2.95, +27.293,  +2.54446, -128.000, +463.000, -733.000
1630024620, +2.95, +27.293,  +2.50111, -128.000, +489.000, -824.000
1630024680, +2.95, +27.301,  +2.48872, -128.000, +464.000, -738.000
1630024740, +2.95, +27.284,  +2.49492, -122.000, +492.000, -816.000
1630024800, +2.95, +27.301,  +2.52588, -112.000, +512.000, -912.000
1630024860, +2.95, +27.293,  +2.48253, -128.000, +448.000, -704.000
1630024920, +2.95, +27.293,  +2.46395, -132.000, +444.000, -698.000
1630024980, +2.95, +27.293,  +2.18836, -128.000, +448.000, -716.000
1630025040, +2.95, +27.293,  +2.47324, -125.000, +480.000, -768.000
1630025100, +2.95, +27.251,  +2.59091, -120.000, +500.000, -848.000
1630025160, +2.95, +27.260,  +2.48563, -120.000, +496.000, -832.000
1630025220, +2.95, +27.276,  +2.49182, -120.000, +504.000, -848.000
1630025280, +2.95, +27.284,  +2.61259, -122.000, +494.000, -829.000
1630025340, +2.95, +27.268,  +2.58472, -122.000, +494.000, -830.000
1630025400, +2.95, +27.276,  +2.55066, -121.000, +502.000, -848.000
1630025460, +2.95, +27.284,  +2.57853, -120.000, +504.000, -877.000
1630025520, +2.95, +27.293,  +1.93753, -112.000, +504.000, -872.000
1630025580, +2.95, +27.293,  +2.26887, -128.000, +454.000, -716.000
1630025640, +2.95, +27.293,  +2.35247, -122.000, +492.000, -816.000
1630025700, +2.95, +27.301,  +2.29054, -121.000, +408.000, -781.000
1630025760, +2.95, +27.301,  +2.19145, -120.000, +428.000, -848.000
1630025820, +2.95, +27.276,  +2.22242, -120.000, +432.000, -856.000
1630025880, +2.95, +27.301,  +2.15739, -120.000, +432.000, -864.000
1630025940, +2.95, +27.309,  +2.15429, -110.000, +448.000, -944.000
1630026000, +2.95, +27.293,  +2.16049, -116.000, +432.000, -872.000
1630026060, +2.95, +27.293,  +2.18526, -121.000, +403.000, -768.000
1630026120, +2.95, +27.293,  +2.04901, -116.000, +432.000, -864.000
1630026180, +2.95, +27.284,  +2.14191, -116.000, +432.000, -864.000
1630026240, +2.95, +27.284,  +2.03043, -116.000, +428.000, -852.000
1630026300, +2.95, +27.293,  +2.05520, -116.000, +432.000, -864.000
1630026360, +2.95, +27.268,  +1.95611, -122.000, +396.000, -744.000
1630026420, +2.95, +27.284,  +1.97469, -116.000, +432.000, -864.000
1630026480, +2.95, +27.260,  +2.08926, -120.000, +428.000, -852.000
1630026540, +2.95, +27.268,  +1.99946, -116.000, +432.000, -864.000
1630026600, +2.95, +27.251,  +1.96850, -100.000, +440.000, -992.000
1630026660, +2.95, +27.251,  +1.94373, -120.000, +435.000, -864.000
1630026720, +2.95, +27.243,  +1.98708, -122.000, +403.000, -756.000
1630026780, +2.95, +27.235,  +2.01804, -121.000, +412.000, -788.000
1630026840, +2.95, +27.235,  +1.94992, -114.000, +440.000, -904.000
1630026900, +2.95, +27.235,  +2.03972, -104.000, +448.000, -980.000
1630026960, +2.95, +27.227,  +2.10165, -121.000, +414.000, -796.000
1630027020, +2.95, +27.227,  +2.06449, -114.000, +432.000, -880.000
1630027080, +2.95, +27.210,  +2.04282, -116.000, +432.000, -860.000
1630027140, +2.95, +27.185,  +2.17597, -114.000, +435.000, -880.000
1630027200, +2.95, +27.185,  +2.18216, -116.000, +432.000, -868.000
1630027260, +2.95, +27.161,  +2.16978, -114.000, +440.000, -896.000
1630027320, +2.95, +27.177,  +2.18526, -100.000, +435.000, -989.000
1630027380, +2.95, +27.169,  +2.22242, -121.000, +404.000, -764.000
1630027440, +2.95, +27.152,  +2.26267, -116.000, +384.000, -716.000
1630027500, +2.95, +27.152,  +2.22551, -121.000, +382.000, -717.000
1630027560, +2.95, +27.136,  +2.21932, -116.000, +440.000, -904.000
1630027620, +2.95, +27.128,  +2.19455, -116.000, +440.000, -904.000
1630027680, +2.95, +27.119,  +2.27816, -104.000, +448.000, -984.000
1630027740, +2.95, +27.103,  +2.19765, -112.000, +440.000, -908.000
1630027800, +2.95, +27.094,  +2.15429, -100.000, +440.000, -992.000
1630027860, +2.95, +27.094,  +2.16668, -104.000, +444.000, -988.000
1630027920, +2.95, +27.086,  +2.08926, -112.000, +440.000, -904.000
1630027980, +2.95, +27.086,  +2.07998, -104.000, +448.000, -974.000
1630028040, +2.95, +27.070,  +2.01804, -121.000, +383.000, -720.000
1630028100, +2.95, +27.028,  +1.99327, -100.000, +400.000, -961.000
1630028160, +2.95, +27.020,  +1.91895, -96.000, +419.000, -992.000
1630028220, +2.95, +27.020,  +1.90347, -116.000, +432.000, -864.000
1630028280, +2.95, +27.020,  +1.75174, -120.000, +383.000, -712.000
1630028340, +2.95, +27.004,  +1.73935, -121.000, +382.000, -717.000
1630028400, +2.95, +27.012,  +1.63407, -100.000, +440.000, -986.000
1630028460, +2.95, +26.987,  +1.50401, -125.000, +384.000, -724.000
1630028520, +2.95, +26.979,  +1.52569, -112.000, +444.000, -928.000
1630028580, +2.95, +26.979,  +1.37705, -100.000, +438.000, -992.000
1630028640, +2.95, +26.954,  +1.22841, -100.000, +399.000, -935.000
1630028700, +2.95, +26.946,  +1.03952, -109.000, +448.000, -944.000
1630028760, +2.95, +26.946,  +0.68961, -104.000, +440.000, -984.000
1630028820, +2.95, +26.921,  +0.60600, -100.000, +408.000, -977.000
1630028880, +2.95, +26.921,  +0.42640, -104.000, +432.000, -984.000
1630028940, +2.95, +26.921,  +0.45427, -104.000, +432.000, -986.000
1630029000, +2.95, +26.904,  +0.50072, -100.000, +419.000, -992.000
1630029060, +2.95, +26.880,  +0.44498, -121.000, +384.000, -712.000
1630029120, +2.95, +26.871,  +0.44498, -120.000, +384.000, -720.000
1630029180, +2.95, +26.855,  +0.44498, -120.000, +385.000, -717.000
1630029240, +2.95, +26.830,  +0.42950, -116.000, +438.000, -896.000
1630029300, +2.95, +26.838,  +0.44808, -121.000, +382.000, -717.000
1630029360, +2.95, +26.805,  +0.37995, -122.000, +384.000, -724.000
1630029420, +2.95, +26.814,  +0.41711, -128.000, +390.000, -732.000
1630029480, +2.95, +26.780,  +0.37066, -104.000, +409.000, -954.000
1630029540, +2.95, +26.772,  +0.35518, -122.000, +412.000, -796.000
1630029600, +2.95, +26.756,  +0.37995, -125.000, +392.000, -740.000
1630029660, +2.95, +26.747,  +0.38924, -122.000, +391.000, -736.000
1630029720, +2.95, +26.723,  +0.25609, -120.000, +384.000, -720.000
1630029780, +2.95, +26.723,  +0.34589, -121.000, +416.000, -797.000
1630029840, +2.95, +26.706,  +0.28396, -116.000, +432.000, -860.000
1630029900, +2.95, +26.673,  +0.27467, -120.000, +416.000, -794.000
1630029960, +2.95, +26.656,  +0.26538, -121.000, +422.000, -820.000
1630030020, +2.95, +26.648,  +0.22512, -125.000, +396.000, -744.000
1630030080, +2.95, +26.623,  +0.19416, -128.000, +388.000, -736.000
1630030140, +2.95, +26.615,  +0.27157, -125.000, +408.000, -772.000
1630030200, +2.95, +26.598,  +0.21583, -122.000, +408.000, -776.000
1630030260, +2.95, +26.582,  +0.23441, -124.000, +400.000, -756.000
1630030320, +2.95, +26.565,  +0.26538, -120.000, +424.000, -825.000
1630030380, +2.95, +26.532,  +0.24370, -120.000, +416.000, -800.000
1630030440, +2.95, +26.524,  +0.25299, -122.000, +384.000, -724.000
1630030500, +2.95, +26.483,  +0.11364, -122.000, +406.000, -768.000
1630030560, +2.95, +26.483,  +0.14461, -125.000, +392.000, -740.000
1630030620, +2.95, +26.466,  +0.20654, -121.000, +384.000, -724.000
1630030680, +2.95, +26.441,  +0.14461, -120.000, +432.000, -861.000
1630030740, +2.95, +26.416,  +0.15700, -120.000, +432.000, -862.000
1630030800, +2.95, +26.416,  +0.10126, -116.000, +435.000, -880.000
1630030860, +2.95, +26.375,  +0.11364, -116.000, +432.000, -872.000
1630030920, +2.95, +26.375,  +0.03313, -120.000, +432.000, -858.000
1630030980, +2.95, +26.342,  +0.09507, -116.000, +435.000, -880.000
1630031040, +2.95, +26.342,  +0.05481, -116.000, +432.000, -858.000
1630031100, +2.95, +26.317,  +0.09816, -108.000, +451.000, -960.000
1630031160, +2.95, +26.300,  +0.08887, -112.000, +448.000, -944.000
1630031220, +2.95, +26.267,  +0.09197, -112.000, +448.000, -924.000
1630031280, +2.95, +26.275,  -0.01022, -114.000, +444.000, -916.000
1630031340, +2.95, +26.275,  +0.05481, -104.000, +440.000, -990.000
1630031400, +2.95, +26.259,  +0.04552, -104.000, +448.000, -968.000
1630031460, +2.95, +26.251,  -0.01022, -114.000, +436.000, -896.000
1630031520, +2.95, +26.259,  +0.03623, -119.000, +380.000, -717.000
1630031580, +2.95, +26.251,  +0.00836, -96.000, +432.000, -988.000
1630031640, +2.95, +26.259,  +0.04862, -114.000, +440.000, -888.000
1630031700, +2.95, +26.259,  +0.04242, -112.000, +444.000, -928.000
1630031760, +2.95, +26.259,  +0.01146, -108.000, +448.000, -936.000
1630031820, +2.95, +26.259,  -0.05047, -114.000, +440.000, -896.000
1630031880, +2.95, +26.267,  +0.05171, -120.000, +423.000, -832.000
1630031940, +2.95, +26.275,  -0.04428, -112.000, +438.000, -892.000
1630032000, +2.95, +26.259,  +0.01455, -112.000, +440.000, -904.000
1630032060, +2.95, +26.275,  -0.03499, -104.000, +440.000, -992.000
1630032120, +2.95, +26.259,  -0.01022, -108.000, +448.000, -968.000
1630032180, +2.95, +26.251,  +0.02694, -109.000, +444.000, -952.000
1630032240, +2.95, +26.242,  -0.05667, -112.000, +444.000, -922.000
1630032300, +2.95, +26.217,  +0.00836, -100.000, +436.000, -992.000
1630032360, +2.95, +26.209,  +0.02075, -112.000, +440.000, -916.000
1630032420, +2.95, +26.193,  -0.00403, -100.000, +444.000, -986.000
1630032480, +2.95, +26.168,  -0.01332, -112.000, +444.000, -924.000
1630032540, +2.95, +26.151,  +0.00526, -112.000, +448.000, -940.000
1630032600, +2.95, +26.143,  -0.10002, -100.000, +438.000, -990.000
1630032660, +2.95, +26.135,  -0.05047, -104.000, +448.000, -980.000
1630032720, +2.95, +26.101,  -0.03189, -100.000, +440.000, -992.000
1630032780, +2.95, +26.085,  +0.02075, -100.000, +428.000, -988.000
1630032840, +2.95, +26.077,  +0.02384, -100.000, +432.000, -990.000
1630032900, +2.95, +26.060,  -0.04118, -122.000, +385.000, -712.000
1630032960, +2.95, +26.018,  +0.07649, -112.000, +448.000, -936.000
1630033020, +2.95, +26.002,  +0.00836, -112.000, +444.000, -920.000
1630033080, +2.95, +26.010,  -0.00093, -104.000, +428.000, -986.000
1630033140, +2.95, +26.002,  -0.06905, -104.000, +448.000, -964.000
1630033200, +2.95, +25.994,  -0.04118, -114.000, +440.000, -896.000
1630033260, +2.95, +25.960,  +0.06720, -119.000, +383.000, -712.000
1630033320, +2.95, +25.960,  -0.02261, -119.000, +384.000, -719.000
1630033380, +2.95, +25.952,  -0.05976, -121.000, +383.000, -712.000
1630033440, +2.95, +25.969,  -0.06286, -100.000, +408.000, -941.000
1630033500, +2.95, +25.944,  -0.03189, -100.000, +424.000, -985.000
1630033560, +2.95, +25.969,  -0.00712, -114.000, +440.000, -896.000
1630033620, +2.95, +25.960,  -0.01332, -100.000, +440.000, -992.000
1630033680, +2.95, +25.977,  -0.06596, -120.000, +384.000, -712.000
1630033740, +2.95, +25.985,  -0.01641, -109.000, +448.000, -948.000
1630033800, +2.95, +26.002,  +0.03623, -121.000, +382.000, -712.000
1630033860, +2.95, +25.994,  -0.04738, -104.000, +432.000, -992.000
1630033920, +2.95, +25.994,  +0.04242, -100.000, +423.000, -976.000
1630033980, +2.95, +25.994,  -0.03189, -104.000, +398.000, -921.000
1630034040, +2.95, +25.994,  -0.03499, -120.000, +383.000, -712.000
1630034100, +2.95, +25.977,  +0.07649, -119.000, +384.000, -713.000
1630034160, +2.95, +25.977,  -0.04118, -100.000, +423.000, -980.000
1630034220, +2.95, +25.960,  +0.02075, -100.000, +428.000, -984.000
1630034280, +2.95, +25.960,  +0.02694, -104.000, +448.000, -976.000
1630034340, +2.95, +25.952,  -0.03809, -100.000, +400.000, -937.000
1630034400, +2.95, +25.944,  -0.05667, -98.000, +392.000, -913.000
1630034460, +2.95, +25.919,  -0.03189, -121.000, +384.000, -717.000
1630034520, +2.95, +25.911,  -0.06596, -122.000, +384.000, -720.000
1630034580, +2.95, +25.894,  +0.06100, -100.000, +403.000, -937.000
1630034640, +2.95, +25.869,  -0.03499, -104.000, +448.000, -968.000
1630034700, +2.95, +25.852,  -0.03499, -100.000, +425.000, -989.000
1630034760, +2.95, +25.861,  -0.03809, -121.000, +384.000, -717.000
1630034820, +2.95, +25.844,  -0.06596, -119.000, +384.000, -720.000
1630034880, +2.95, +25.819,  +0.02075, -122.000, +384.000, -728.000
1630034940, +2.95, +25.811,  +0.02694, -121.000, +384.000, -724.000
1630035000, +2.95, +25.786,  -0.06905, -121.000, +384.000, -720.000
1630035060, +2.95, +25.794,  -0.02880, -121.000, +384.000, -712.000
1630035120, +2.95, +25.794,  -0.03809, -120.000, +385.000, -712.000
1630035180, +2.95, +25.803,  -0.05667, -122.000, +387.000, -730.000
1630035240, +2.95, +25.794,  +0.05481, -121.000, +382.000, -716.000
1630035300, +2.95, +25.786,  -0.01951, -121.000, +384.000, -717.000
1630035360, +2.95, +25.786,  +0.06720, -120.000, +383.000, -712.000
1630035420, +2.95, +25.794,  -0.05047, -121.000, +382.000, -717.000
1630035480, +2.95, +25.819,  -0.01022, -120.000, +384.000, -720.000
1630035540, +2.95, +25.794,  -0.05047, -121.000, +380.000, -720.000
1630035600, +2.95, +25.811,  +0.01765, -121.000, +380.000, -712.000
1630035660, +2.95, +25.803,  +0.00217, -122.000, +385.000, -720.000
1630035720, +2.95, +25.836,  -0.00403, -121.000, +384.000, -720.000
1630035780, +2.95, +25.828,  +0.04242, -120.000, +384.000, -712.000
1630035840, +2.95, +25.819,  -0.04118, -124.000, +404.000, -760.000
1630035900, +2.95, +25.852,  -0.01332, -121.000, +384.000, -717.000
1630035960, +2.95, +25.852,  -0.01332, -120.000, +385.000, -717.000
1630036020, +2.95, +25.844,  -0.02570, -121.000, +382.000, -720.000
1630036080, +2.95, +25.852,  -0.02261, -121.000, +384.000, -717.000
1630036140, +2.95, +25.852,  +0.05791, -120.000, +380.000, -717.000
1630036200, +2.95, +25.819,  -0.02880, -100.000, +416.000, -972.000
1630036260, +2.95, +25.819,  +0.01146, -120.000, +384.000, -714.000
1630036320, +2.95, +25.819,  -0.14647, -120.000, +384.000, -720.000
1630036380, +2.95, +25.803,  -0.03809, -122.000, +384.000, -724.000
1630036440, +2.95, +25.778,  -0.03809, -122.000, +384.000, -728.000
1630036500, +2.95, +25.761,  -0.05047, -125.000, +387.000, -732.000
1630036560, +2.95, +25.753,  -0.03189, -128.000, +392.000, -738.000
1630036620, +2.95, +25.736,  +0.01765, -124.000, +390.000, -736.000
1630036680, +2.95, +25.736,  -0.01641, -124.000, +387.000, -730.000
1630036740, +2.95, +25.720,  -0.02880, -124.000, +400.000, -756.000
1630036800, +2.95, +25.711,  -0.02880, -120.000, +384.000, -720.000
1630036860, +2.95, +25.703,  -0.04428, -121.000, +384.000, -720.000
1630036920, +2.95, +25.678,  -0.03189, -122.000, +400.000, -752.000
1630036980, +2.95, +25.695,  -0.05667, -121.000, +382.000, -720.000
1630037040, +2.95, +25.670,  -0.01951, -122.000, +384.000, -720.000
1630037100, +2.95, +25.670,  -0.00403, -121.000, +382.000, -712.000
1630037160, +2.95, +25.678,  -0.00093, -125.000, +384.000, -724.000
1630037220, +2.95, +25.686,  -0.06596, -120.000, +408.000, -776.000
1630037280, +2.95, +25.686,  -0.08144, -122.000, +400.000, -752.000
1630037340, +2.95, +25.686,  -0.05357, -100.000, +441.000, -992.000
1630037400, +2.95, +25.678,  -0.06286, -121.000, +384.000, -724.000
1630037460, +2.95, +25.678,  -0.05976, -119.000, +383.000, -714.000
1630037520, +2.95, +25.703,  +0.01146, -121.000, +380.000, -716.000
1630037580, +2.95, +25.720,  -0.05357, -120.000, +423.000, -824.000
1630037640, +2.95, +25.678,  -0.01022, -121.000, +386.000, -724.000
1630037700, +2.95, +25.695,  -0.05047, -122.000, +384.000, -724.000
1630037760, +2.95, +25.703,  +0.00836, -122.000, +408.000, -780.000
1630037820, +2.95, +25.728,  +0.01146, -119.000, +380.000, -717.000
1630037880, +2.95, +25.736,  -0.00403, -125.000, +390.000, -736.000
1630037940, +2.95, +25.753,  +0.00217, -121.000, +380.000, -717.000
1630038000, +2.95, +25.736,  +0.00836, -120.000, +382.000, -720.000
1630038060, +2.95, +25.761,  -0.01951, -121.000, +382.000, -713.000
1630038120, +2.95, +25.769,  +0.03313, -120.000, +384.000, -717.000
1630038180, +2.95, +25.761,  -0.01332, -100.000, +409.000, -960.000
1630038240, +2.95, +25.778,  -0.08454, -121.000, +384.000, -724.000
1630038300, +2.95, +25.778,  -0.01022, -100.000, +419.000, -970.000
1630038360, +2.95, +25.769,  -0.01332, -121.000, +380.000, -719.000
1630038420, +2.95, +25.769,  -0.06596, -121.000, +382.000, -719.000
1630038480, +2.95, +25.811,  -0.00093, -104.000, +399.000, -931.000
1630038540, +2.95, +25.811,  -0.06596, -116.000, +382.000, -713.000
1630038600, +2.95, +25.828,  +0.00217, -122.000, +384.000, -720.000
1630038660, +2.95, +25.819,  +0.08268, -116.000, +383.000, -717.000
1630038720, +2.95, +25.836,  +0.03933, -121.000, +382.000, -717.000
1630038780, +2.95, +25.861,  -0.02570, -96.000, +416.000, -968.000
1630038840, +2.95, +25.836,  -0.07525, -120.000, +384.000, -717.000
1630038900, +2.95, +25.836,  -0.02261, -122.000, +384.000, -724.000
1630038960, +2.95, +25.836,  +0.01146, -120.000, +385.000, -716.000
1630039020, +2.95, +25.811,  +0.00217, -120.000, +384.000, -720.000
1630039080, +2.95, +25.828,  -0.01022, -121.000, +384.000, -714.000
1630039140, +2.95, +25.786,  -0.04738, -124.000, +391.000, -736.000
1630039200, +2.95, +25.745,  -0.00093, -125.000, +387.000, -730.000
1630039260, +2.95, +25.769,  -0.00712, -121.000, +384.000, -724.000
1630039320, +2.95, +25.753,  +0.01455, -119.000, +384.000, -717.000
1630039380, +2.95, +25.728,  -0.06286, -122.000, +385.000, -720.000
1630039440, +2.95, +25.720,  +0.00217, -121.000, +384.000, -728.000
1630039500, +2.95, +25.720,  -0.09073, -125.000, +392.000, -736.000
1630039560, +2.95, +25.695,  +0.00526, -122.000, +384.000, -733.000
1630039620, +2.95, +25.686,  -0.06286, -120.000, +380.000, -720.000
1630039680, +2.95, +25.686,  +0.05481, -122.000, +412.000, -784.000
1630039740, +2.95, +25.686,  -0.03809, -122.000, +384.000, -728.000
1630039800, +2.95, +25.678,  -0.01332, -125.000, +398.000, -752.000
1630039860, +2.95, +25.653,  -0.07834, -124.000, +399.000, -752.000
1630039920, +2.95, +25.653,  -0.03189, -125.000, +391.000, -736.000
1630039980, +2.95, +25.661,  -0.01951, -122.000, +400.000, -752.000
1630040040, +2.95, +25.670,  +0.11364, -121.000, +384.000, -728.000
1630040100, +2.95, +25.670,  -0.06596, -121.000, +382.000, -719.000
1630040160, +2.95, +25.670,  +0.01765, -124.000, +387.000, -730.000
1630040220, +2.95, +25.653,  +0.03933, -125.000, +390.000, -736.000
1630040280, +2.95, +25.661,  +0.02694, -120.000, +424.000, -832.000
1630040340, +2.95, +25.678,  +0.04242, -122.000, +392.000, -736.000
1630040400, +2.95, +25.670,  -0.10931, -124.000, +384.000, -724.000
1630040460, +2.95, +25.686,  -0.05047, -121.000, +384.000, -728.000
1630040520, +2.95, +25.678,  -0.06905, -120.000, +384.000, -720.000
1630040580, +2.95, +25.678,  +0.06720, -121.000, +384.000, -712.000
1630040640, +2.95, +25.686,  -0.09692, -125.000, +399.000, -752.000
1630040700, +2.95, +25.711,  -0.07834, -125.000, +392.000, -736.000
1630040760, +2.95, +25.711,  +0.05791, -100.000, +432.000, -992.000
1630040820, +2.95, +25.703,  +0.00526, -100.000, +432.000, -988.000
1630040880, +2.95, +25.703,  -0.08454, -124.000, +384.000, -720.000
1630040940, +2.95, +25.720,  +0.00217, -124.000, +390.000, -736.000
1630041000, +2.95, +25.728,  -0.02261, -121.000, +384.000, -724.000
1630041060, +2.95, +25.711,  +0.03004, -122.000, +384.000, -728.000
1630041120, +2.95, +25.711,  +0.02384, -122.000, +414.000, -792.000
1630041180, +2.95, +25.736,  -0.06286, -121.000, +384.000, -724.000
1630041240, +2.95, +25.736,  +0.01455, -124.000, +385.000, -720.000
1630041300, +2.95, +25.753,  -0.00403, -121.000, +382.000, -716.000
1630041360, +2.95, +25.769,  -0.01951, -122.000, +387.000, -730.000
1630041420, +2.95, +25.761,  -0.05357, -120.000, +380.000, -719.000
1630041480, +2.95, +25.769,  -0.02570, -121.000, +380.000, -720.000
1630041540, +2.95, +25.753,  -0.02261, -121.000, +380.000, -720.000
1630041600, +2.95, +25.769,  +0.00836, -121.000, +384.000, -720.000
1630041660, +2.95, +25.786,  -0.02880, -121.000, +384.000, -717.000
1630041720, +2.95, +25.803,  -0.00093, -128.000, +388.000, -733.000
1630041780, +2.95, +25.803,  -0.01332, -120.000, +382.000, -716.000
1630041840, +2.95, +25.811,  -0.02261, -100.000, +438.000, -992.000
1630041900, +2.95, +25.811,  -0.12479, -100.000, +432.000, -992.000
1630041960, +2.95, +25.811,  -0.03499, -120.000, +384.000, -720.000
1630042020, +2.95, +25.819,  +0.00217, -122.000, +384.000, -724.000
1630042080, +2.95, +25.828,  +0.01455, -119.000, +380.000, -720.000
1630042140, +2.95, +25.836,  -0.07215, -121.000, +382.000, -720.000
1630042200, +2.95, +25.852,  -0.02880, -121.000, +383.000, -714.000
1630042260, +2.95, +25.844,  -0.03499, -121.000, +383.000, -717.000
1630042320, +2.95, +25.861,  -0.09073, -122.000, +387.000, -730.000
1630042380, +2.95, +25.861,  +0.07649, -100.000, +403.000, -945.000
1630042440, +2.95, +25.869,  -0.07525, -100.000, +433.000, -992.000
1630042500, +2.95, +25.861,  +0.00526, -121.000, +380.000, -719.000
1630042560, +2.95, +25.852,  +0.00526, -120.000, +380.000, -720.000
1630042620, +2.95, +25.894,  +0.03623, -121.000, +384.000, -712.000
1630042680, +2.95, +25.886,  -0.03499, -121.000, +384.000, -712.000
1630042740, +2.95, +25.894,  -0.05047, -117.000, +384.000, -717.000
1630042800, +2.95, +25.894,  -0.08144, -121.000, +382.000, -717.000
1630042860, +2.95, +25.919,  -0.07215, -120.000, +385.000, -712.000
1630042920, +2.95, +25.919,  -0.03809, -121.000, +384.000, -712.000
1630042980, +2.95, +25.902,  -0.00093, -117.000, +385.000, -711.000
1630043040, +2.95, +25.935,  -0.00712, -96.000, +428.000, -986.000
1630043100, +2.95, +25.919,  +0.01455, -100.000, +432.000, -988.000
1630043160, +2.95, +25.944,  -0.04118, -121.000, +382.000, -717.000
1630043220, +2.95, +25.944,  +0.00836, -121.000, +385.000, -712.000
1630043280, +2.95, +25.944,  -0.01641, -121.000, +383.000, -711.000
1630043340, +2.95, +25.960,  -0.04738, -104.000, +448.000, -984.000
1630043400, +2.95, +25.969,  -0.02880, -121.000, +384.000, -720.000
1630043460, +2.95, +25.985,  -0.06286, -121.000, +385.000, -720.000
1630043520, +2.95, +25.977,  -0.01641, -100.000, +411.000, -968.000
1630043580, +2.95, +25.985,  -0.00093, -119.000, +384.000, -712.000
1630043640, +2.95, +25.994,  -0.04428, -112.000, +448.000, -928.000
1630043700, +2.95, +26.010,  +0.05791, -104.000, +412.000, -951.000
1630043760, +2.95, +26.002,  -0.09073, -120.000, +384.000, -713.000
1630043820, +2.95, +26.010,  +0.03004, -122.000, +384.000, -724.000
1630043880, +2.95, +26.002,  -0.02570, -120.000, +384.000, -719.000
1630043940, +2.95, +26.018,  +0.03004, -121.000, +384.000, -729.000
1630044000, +2.95, +26.018,  -0.12170, -100.000, +438.000, -992.000
1630044060, +2.95, +26.027,  -0.06596, -100.000, +424.000, -985.000
1630044120, +2.95, +26.043,  -0.01641, -121.000, +384.000, -720.000
1630044180, +2.95, +26.035,  -0.09073, -120.000, +384.000, -712.000
1630044240, +2.95, +26.052,  -0.09383, -120.000, +384.000, -708.000
1630044300, +2.95, +26.052,  -0.02261, -109.000, +448.000, -954.000
1630044360, +2.95, +26.060,  +0.00836, -112.000, +444.000, -922.000
1630044420, +2.95, +26.060,  -0.00093, -116.000, +428.000, -848.000
1630044480, +2.95, +26.068,  +0.02075, -112.000, +448.000, -925.000
1630044540, +2.95, +26.093,  +0.04862, -100.000, +440.000, -992.000
1630044600, +2.95, +26.077,  +0.07029, -112.000, +448.000, -946.000
1630044660, +2.95, +26.085,  +0.02075, -111.000, +448.000, -944.000
1630044720, +2.95, +26.093,  -0.07834, -106.000, +448.000, -968.000
1630044780, +2.95, +26.093,  +0.01455, -104.000, +448.000, -952.000
1630044840, +2.95, +26.101,  -0.05357, -112.000, +448.000, -928.000
1630044900, +2.95, +26.101,  -0.11550, -104.000, +448.000, -968.000
1630044960, +2.95, +26.110,  +0.05171, -106.000, +448.000, -948.000
1630045020, +2.95, +26.093,  +0.02384, -112.000, +448.000, -928.000
1630045080, +2.95, +26.126,  -0.07834, -109.000, +448.000, -946.000
1630045140, +2.95, +26.135,  -0.03499, -112.000, +444.000, -916.000
1630045200, +2.95, +26.118,  +0.03004, -104.000, +448.000, -976.000
1630045260, +2.95, +26.135,  +0.05171, -116.000, +432.000, -872.000
1630045320, +2.95, +26.135,  -0.01951, -104.000, +448.000, -968.000
1630045380, +2.95, +26.143,  -0.03809, -100.000, +408.000, -945.000
1630045440, +2.95, +26.151,  -0.02261, -104.000, +448.000, -948.000
1630045500, +2.95, +26.151,  -0.04118, -100.000, +422.000, -977.000
1630045560, +2.95, +26.159,  +0.00836, -111.000, +448.000, -936.000
1630045620, +2.95, +26.143,  -0.05357, -109.000, +448.000, -952.000
1630045680, +2.95, +26.159,  +0.00836, -116.000, +440.000, -900.000
1630045740, +2.95, +26.151,  +0.03933, -108.000, +449.000, -952.000
1630045800, +2.95, +26.168,  -0.01641, -104.000, +448.000, -972.000
1630045860, +2.95, +26.159,  -0.10312, -120.000, +432.000, -852.000
1630045920, +2.95, +26.176,  -0.06286, -120.000, +424.000, -828.000
1630045980, +2.95, +26.184,  -0.01022, -116.000, +435.000, -872.000
1630046040, +2.95, +26.193,  +0.02075, -116.000, +436.000, -880.000
1630046100, +2.95, +26.184,  -0.02261, -104.000, +448.000, -976.000
1630046160, +2.95, +26.193,  -0.01641, -116.000, +438.000, -884.000
1630046220, +2.95, +26.201,  +0.01146, -104.000, +448.000, -968.000
1630046280, +2.95, +26.201,  +0.00217, -110.000, +448.000, -960.000
1630046340, +2.95, +26.184,  -0.00403, -104.000, +449.000, -964.000
1630046400, +2.95, +26.209,  -0.07525, -104.000, +449.000, -976.000
1630046460, +2.95, +26.184,  -0.03499, -100.000, +438.000, -992.000
1630046520, +2.95, +26.201,  -0.00403, -112.000, +436.000, -888.000
1630046580, +2.95, +26.193,  -0.03499, -112.000, +448.000, -928.000
1630046640, +2.95, +26.217,  -0.08763, -114.000, +436.000, -884.000
1630046700, +2.95, +26.209,  -0.11550, -110.000, +448.000, -944.000
1630046760, +2.95, +26.217,  +0.01765, -112.000, +444.000, -922.000
1630046820, +2.95, +26.217,  -0.02570, -104.000, +444.000, -989.000
1630046880, +2.95, +26.226,  -0.09383, -112.000, +440.000, -912.000
1630046940, +2.95, +26.217,  -0.04118, -116.000, +440.000, -912.000
1630047000, +2.95, +26.234,  +0.03933, -114.000, +444.000, -916.000
1630047060, +2.95, +26.226,  -0.05667, -112.000, +444.000, -916.000
1630047120, +2.95, +26.226,  -0.12479, -112.000, +444.000, -920.000
1630047180, +2.95, +26.234,  -0.01641, -116.000, +440.000, -888.000
1630047240, +2.95, +26.234,  -0.07834, -114.000, +438.000, -890.000
1630047300, +2.95, +26.234,  -0.00093, -112.000, +440.000, -896.000
1630047360, +2.95, +26.242,  -0.03499, -106.000, +448.000, -960.000
1630047420, +2.95, +26.217,  +0.00836, -116.000, +440.000, -890.000
1630047480, +2.95, +26.234,  -0.06596, -112.000, +441.000, -912.000
1630047540, +2.95, +26.242,  -0.04428, -112.000, +440.000, -900.000
1630047600, +2.95, +26.242,  -0.04428, -109.000, +448.000, -952.000
1630047660, +2.95, +26.251,  -0.02880, -114.000, +438.000, -888.000
1630047720, +2.95, +26.242,  -0.08763, -112.000, +448.000, -936.000
1630047780, +2.95, +26.242,  -0.05047, -112.000, +448.000, -952.000
1630047840, +2.95, +26.242,  +0.00526, -112.000, +440.000, -893.000
1630047900, +2.95, +26.226,  -0.00403, -112.000, +440.000, -912.000
1630047960, +2.95, +26.217,  -0.00093, -116.000, +433.000, -872.000
1630048020, +2.95, +26.259,  +0.03933, -116.000, +435.000, -884.000
1630048080, +2.95, +26.234,  -0.06596, -114.000, +440.000, -896.000
1630048140, +2.95, +26.234,  -0.00712, -114.000, +440.000, -896.000
1630048200, +2.95, +26.234,  -0.03809, -116.000, +432.000, -868.000
1630048260, +2.95, +26.242,  -0.03189, -112.000, +448.000, -928.000
1630048320, +2.95, +26.226,  +0.00526, -120.000, +432.000, -856.000
1630048380, +2.95, +26.251,  +0.04862, -116.000, +440.000, -884.000
1630048440, +2.95, +26.251,  +0.00526, -116.000, +432.000, -876.000
1630048500, +2.95, +26.251,  -0.01022, -108.000, +451.000, -958.000
1630048560, +2.95, +26.259,  +0.01765, -104.000, +448.000, -968.000
1630048620, +2.95, +26.251,  -0.03499, -116.000, +438.000, -880.000
1630048680, +2.95, +26.242,  -0.03499, -116.000, +433.000, -868.000
1630048740, +2.95, +26.259,  +0.03004, -100.000, +448.000, -976.000
1630048800, +2.95, +26.251,  -0.05667, -114.000, +440.000, -912.000
1630048860, +2.95, +26.242,  -0.02880, -116.000, +440.000, -904.000
1630048920, +2.95, +26.242,  -0.09692, -114.000, +440.000, -904.000
1630048980, +2.95, +26.234,  -0.03809, -116.000, +440.000, -893.000
1630049040, +2.95, +26.259,  -0.05976, -120.000, +423.000, -832.000
1630049100, +2.95, +26.226,  -0.01641, -128.000, +392.000, -744.000
1630049160, +2.95, +26.234,  +0.00836, -116.000, +432.000, -864.000
1630049220, +2.95, +26.251,  +0.01146, -116.000, +433.000, -872.000
1630049280, +2.95, +26.242,  -0.09692, -104.000, +448.000, -986.000
1630049340, +2.95, +26.226,  -0.08763, -114.000, +435.000, -880.000
1630049400, +2.95, +26.234,  +0.05171, -116.000, +432.000, -856.000
1630049460, +2.95, +26.251,  -0.06286, -114.000, +440.000, -888.000
1630049520, +2.95, +26.242,  +0.00217, -110.000, +448.000, -952.000
1630049580, +2.95, +26.217,  +0.00526, -114.000, +436.000, -892.000
1630049640, +2.95, +26.242,  -0.08144, -120.000, +424.000, -830.000
1630049700, +2.95, +26.242,  -0.01022, -114.000, +440.000, -890.000
1630049760, +2.95, +26.242,  -0.01951, -112.000, +438.000, -890.000
1630049820, +2.95, +26.234,  +0.00217, -116.000, +432.000, -848.000
1630049880, +2.95, +26.234,  -0.08144, -116.000, +435.000, -880.000
1630049940, +2.95, +26.234,  -0.04118, -120.000, +432.000, -852.000
1630050000, +2.95, +26.226,  -0.03809, -100.000, +422.000, -984.000
1630050060, +2.95, +26.217,  +0.00836, -112.000, +440.000, -909.000
1630050120, +2.95, +26.226,  -0.01022, -114.000, +432.000, -876.000
1630050180, +2.95, +26.209,  -0.02880, -100.000, +440.000, -986.000
1630050240, +2.95, +26.234,  -0.00712, -112.000, +436.000, -893.000
1630050300, +2.95, +26.209,  -0.04428, -104.000, +448.000, -984.000
1630050360, +2.95, +26.193,  +0.00526, -116.000, +435.000, -872.000
1630050420, +2.95, +26.201,  -0.03499, -114.000, +440.000, -896.000
1630050480, +2.95, +26.217,  -0.01641, -112.000, +444.000, -920.000
1630050540, +2.95, +26.217,  -0.04428, -109.000, +448.000, -942.000
1630050600, +2.95, +26.226,  +0.03933, -114.000, +440.000, -896.000
1630050660, +2.95, +26.217,  -0.00093, -116.000, +438.000, -890.000
1630050720, +2.95, +26.193,  -0.00712, -109.000, +448.000, -968.000
1630050780, +2.95, +26.217,  -0.03809, -114.000, +438.000, -896.000
1630050840, +2.95, +26.209,  -0.06286, -100.000, +435.000, -992.000
1630050900, +2.95, +26.217,  -0.03189, -116.000, +435.000, -884.000
1630050960, +2.95, +26.201,  -0.04118, -112.000, +440.000, -896.000
1630051020, +2.95, +26.201,  +0.00836, -114.000, +438.000, -884.000
1630051080, +2.95, +26.201,  -0.05047, -109.000, +448.000, -936.000
1630051140, +2.95, +26.184,  -0.01332, -100.000, +408.000, -967.000
1630051200, +2.95, +26.201,  -0.00712, -116.000, +432.000, -858.000
1630051260, +2.95, +26.193,  -0.01951, -109.000, +448.000, -952.000
1630051320, +2.95, +26.193,  -0.00712, -104.000, +440.000, -988.000
1630051380, +2.95, +26.168,  -0.07834, -116.000, +424.000, -832.000
1630051440, +2.95, +26.184,  -0.00093, -116.000, +433.000, -872.000
1630051500, +2.95, +26.201,  -0.04118, -109.000, +448.000, -941.000
1630051560, +2.95, +26.168,  +0.01146, -114.000, +440.000, -912.000
1630051620, +2.95, +26.168,  -0.01951, -109.000, +448.000, -960.000
1630051680, +2.95, +26.176,  -0.00712, -112.000, +444.000, -912.000
1630051740, +2.95, +26.176,  +0.02075, -100.000, +438.000, -992.000
1630051800, +2.95, +26.168,  -0.04738, -120.000, +382.000, -717.000
1630051860, +2.95, +26.151,  -0.03189, -104.000, +448.000, -976.000
1630051920, +2.95, +26.143,  +0.03004, -114.000, +444.000, -904.000
1630051980, +2.95, +26.168,  -0.03499, -112.000, +440.000, -912.000
1630052040, +2.95, +26.168,  -0.07215, -114.000, +436.000, -888.000
1630052100, +2.95, +26.159,  +0.02694, -112.000, +444.000, -928.000
1630052160, +2.95, +26.151,  -0.09383, -104.000, +424.000, -978.000
1630052220, +2.95, +26.143,  -0.05667, -104.000, +448.000, -952.000
1630052280, +2.95, +26.135,  -0.00093, -104.000, +448.000, -984.000
1630052340, +2.95, +26.143,  -0.03499, -100.000, +444.000, -992.000
1630052400, +2.95, +26.159,  -0.05667, -114.000, +438.000, -896.000
1630052460, +2.95, +26.143,  -0.01641, -112.000, +448.000, -936.000
1630052520, +2.95, +26.135,  -0.04118, -100.000, +433.000, -992.000
1630052580, +2.95, +26.135,  -0.04428, -116.000, +440.000, -888.000
1630052640, +2.95, +26.143,  -0.00712, -116.000, +440.000, -904.000
1630052700, +2.95, +26.126,  -0.05047, -104.000, +440.000, -992.000
1630052760, +2.95, +26.110,  -0.04118, -119.000, +382.000, -712.000
1630052820, +2.95, +26.126,  -0.03189, -116.000, +440.000, -912.000
1630052880, +2.95, +26.126,  -0.06286, -100.000, +428.000, -984.000
1630052940, +2.95, +26.118,  -0.01022, -112.000, +448.000, -928.000
1630053000, +2.95, +26.118,  -0.04118, -112.000, +444.000, -912.000
1630053060, +2.95, +26.093,  -0.04738, -112.000, +448.000, -936.000
1630053120, +2.95, +26.110,  +0.01146, -114.000, +440.000, -904.000
1630053180, +2.95, +26.110,  -0.04738, -114.000, +438.000, -888.000
1630053240, +2.95, +26.093,  +0.03623, -112.000, +444.000, -920.000
1630053300, +2.95, +26.085,  +0.03004, -112.000, +440.000, -888.000
1630053360, +2.95, +26.101,  -0.01951, -100.000, +444.000, -990.000
1630053420, +2.95, +26.101,  -0.03809, -100.000, +432.000, -990.000
1630053480, +2.95, +26.085,  +0.03623, -109.000, +448.000, -960.000
1630053540, +2.95, +26.068,  -0.04738, -116.000, +438.000, -904.000
1630053600, +2.95, +26.068,  -0.00712, -112.000, +448.000, -940.000
1630053660, +2.95, +26.077,  -0.02261, -104.000, +449.000, -972.000
1630053720, +2.95, +26.077,  +0.05481, -106.000, +448.000, -960.000
1630053780, +2.95, +26.068,  -0.00093, -104.000, +448.000, -976.000
1630053840, +2.95, +26.085,  +0.02694, -110.000, +448.000, -960.000
1630053900, +2.95, +26.052,  +0.00526, -116.000, +435.000, -880.000
1630053960, +2.95, +26.060,  -0.01641, -112.000, +448.000, -948.000
1630054020, +2.95, +26.060,  +0.01765, -104.000, +448.000, -976.000
1630054080, +2.95, +26.018,  +0.05791, -112.000, +444.000, -920.000
1630054140, +2.95, +26.035,  +0.00217, -96.000, +422.000, -985.000
1630054200, +2.95, +26.043,  -0.03499, -108.000, +449.000, -968.000
1630054260, +2.95, +26.043,  +0.02694, -108.000, +448.000, -968.000
1630054320, +2.95, +26.027,  +0.00836, -121.000, +384.000, -712.000
1630054380, +2.95, +26.035,  +0.02694, -100.000, +444.000, -990.000
1630054440, +2.95, +26.018,  +0.02384, -100.000, +438.000, -990.000
1630054500, +2.95, +26.018,  +0.00526, -112.000, +440.000, -908.000
1630054560, +2.95, +26.018,  -0.07834, -121.000, +385.000, -712.000
1630054620, +2.95, +26.002,  -0.07525, -100.000, +419.000, -968.000
1630054680, +2.95, +26.010,  -0.02570, -121.000, +382.000, -712.000
1630054740, +2.95, +25.985,  -0.03499, -98.000, +412.000, -968.000
1630054800, +2.95, +25.985,  +0.08578, -104.000, +399.000, -929.000
1630054860, +2.95, +25.994,  +0.01455, -104.000, +436.000, -988.000
1630054920, +2.95, +25.977,  -0.05667, -104.000, +448.000, -980.000
1630054980, +2.95, +25.994,  -0.00403, -100.000, +416.000, -968.000
1630055040, +2.95, +25.969,  -0.03499, -120.000, +384.000, -712.000
1630055100, +2.95, +25.969,  +0.00836, -120.000, +384.000, -712.000
1630055160, +2.95, +25.952,  +0.00836, -121.000, +384.000, -719.000
1630055220, +2.95, +25.960,  -0.08454, -121.000, +384.000, -719.000
1630055280, +2.95, +25.960,  -0.04118, -120.000, +384.000, -720.000
1630055340, +2.95, +25.969,  -0.01641, -120.000, +384.000, -720.000
1630055400, +2.95, +25.960,  -0.05357, -100.000, +423.000, -985.000
1630055460, +2.95, +25.960,  -0.06905, -104.000, +398.000, -929.000
1630055520, +2.95, +25.952,  -0.01951, -104.000, +448.000, -984.000
1630055580, +2.95, +25.960,  -0.05047, -120.000, +384.000, -720.000
1630055640, +2.95, +25.944,  -0.13099, -100.000, +428.000, -991.000
1630055700, +2.95, +25.935,  -0.06905, -121.000, +384.000, -717.000
1630055760, +2.95, +25.911,  -0.02261, -100.000, +412.000, -968.000
1630055820, +2.95, +25.927,  -0.01951, -100.000, +448.000, -984.000
1630055880, +2.95, +25.935,  -0.01641, -104.000, +448.000, -984.000
1630055940, +2.95, +25.927,  -0.01022, -120.000, +382.000, -712.000
1630056000, +2.95, +25.919,  -0.05976, -121.000, +384.000, -717.000
1630056060, +2.95, +25.902,  -0.04738, -100.000, +408.000, -937.000
1630056120, +2.95, +25.911,  -0.00093, -121.000, +380.000, -720.000
1630056180, +2.95, +25.902,  -0.07215, -120.000, +384.000, -720.000
1630056240, +2.95, +25.886,  -0.02261, -121.000, +384.000, -712.000
1630056300, +2.95, +25.886,  -0.04738, -100.000, +428.000, -986.000
1630056360, +2.95, +25.911,  -0.04118, -104.000, +400.000, -937.000
1630056420, +2.95, +25.886,  -0.00403, -120.000, +387.000, -712.000
1630056480, +2.95, +25.869,  -0.01332, -121.000, +384.000, -714.000
1630056540, +2.95, +25.877,  +0.01146, -100.000, +409.000, -962.000
1630056600, +2.95, +25.869,  +0.03313, -104.000, +414.000, -960.000
1630056660, +2.95, +25.869,  -0.05047, -121.000, +383.000, -712.000
1630056720, +2.95, +25.869,  -0.09692, -100.000, +436.000, -990.000
1630056780, +2.95, +25.861,  -0.03189, -100.000, +428.000, -984.000
1630056840, +2.95, +25.852,  -0.02570, -121.000, +384.000, -717.000
1630056900, +2.95, +25.861,  -0.05976, -104.000, +448.000, -984.000
1630056960, +2.95, +25.852,  +0.02075, -104.000, +448.000, -957.000
1630057020, +2.95, +25.852,  +0.02075, -120.000, +385.000, -717.000
1630057080, +2.95, +25.844,  +0.05171, -122.000, +385.000, -712.000
1630057140, +2.95, +25.828,  -0.05357, -120.000, +383.000, -712.000
1630057200, +2.95, +25.819,  -0.05047, -100.000, +422.000, -973.000
1630057260, +2.95, +25.836,  -0.02880, -120.000, +384.000, -717.000
1630057320, +2.95, +25.828,  +0.01455, -119.000, +383.000, -712.000
1630057380, +2.95, +25.819,  -0.03189, -96.000, +425.000, -984.000
1630057440, +2.95, +25.819,  +0.00526, -124.000, +384.000, -724.000
1630057500, +2.95, +25.811,  -0.15576, -121.000, +382.000, -717.000
1630057560, +2.95, +25.803,  -0.05357, -121.000, +384.000, -717.000
1630057620, +2.95, +25.803,  -0.03499, -125.000, +400.000, -744.000
1630057680, +2.95, +25.803,  -0.00093, -121.000, +384.000, -717.000
1630057740, +2.95, +25.786,  -0.02880, -121.000, +382.000, -720.000
1630057800, +2.95, +25.778,  -0.05976, -119.000, +383.000, -711.000
1630057860, +2.95, +25.778,  -0.04428, -120.000, +385.000, -712.000
1630057920, +2.95, +25.786,  +0.03004, -122.000, +385.000, -720.000
1630057980, +2.95, +25.769,  +0.02384, -120.000, +384.000, -720.000
1630058040, +2.95, +25.778,  -0.01332, -121.000, +382.000, -720.000
1630058100, +2.95, +25.778,  +0.08578, -122.000, +384.000, -724.000
1630058160, +2.95, +25.753,  +0.07958, -119.000, +383.000, -712.000
1630058220, +2.95, +25.769,  -0.10312, -121.000, +384.000, -717.000
1630058280, +2.95, +25.753,  -0.05667, -122.000, +391.000, -733.000
1630058340, +2.95, +25.753,  -0.03189, -121.000, +382.000, -717.000
1630058400, +2.95, +25.761,  -0.04738, -119.000, +380.000, -717.000
1630058460, +2.95, +25.761,  -0.06905, -121.000, +403.000, -756.000
1630058520, +2.95, +25.753,  -0.09692, -121.000, +384.000, -724.000
1630058580, +2.95, +25.753,  -0.04428, -120.000, +383.000, -717.000
1630058640, +2.95, +25.761,  -0.04428, -121.000, +384.000, -709.000
1630058700, +2.95, +25.753,  +0.02075, -121.000, +384.000, -728.000
1630058760, +2.95, +25.745,  +0.00836, -121.000, +384.000, -717.000
1630058820, +2.95, +25.736,  -0.01951, -116.000, +382.000, -717.000
1630058880, +2.95, +25.720,  +0.04862, -122.000, +390.000, -736.000
1630058940, +2.95, +25.728,  -0.04118, -120.000, +424.000, -832.000
1630059000, +2.95, +25.711,  -0.02570, -122.000, +384.000, -724.000
1630059060, +2.95, +25.720,  -0.06596, -122.000, +390.000, -724.000
1630059120, +2.95, +25.728,  +0.01146, -121.000, +382.000, -720.000
1630059180, +2.95, +25.711,  -0.02880, -121.000, +387.000, -724.000
1630059240, +2.95, +25.711,  -0.07525, -120.000, +380.000, -717.000
1630059300, +2.95, +25.711,  -0.05976, -124.000, +384.000, -724.000
1630059360, +2.95, +25.703,  +0.00836, -121.000, +384.000, -724.000
1630059420, +2.95, +25.678,  +0.03004, -124.000, +399.000, -744.000
1630059480, +2.95, +25.711,  -0.03499, -121.000, +385.000, -724.000
1630059540, +2.95, +25.695,  -0.04118, -121.000, +384.000, -724.000
1630059600, +2.95, +25.703,  -0.04738, -120.000, +380.000, -717.000
1630059660, +2.95, +25.686,  -0.05667, -121.000, +382.000, -720.000
1630059720, +2.95, +25.711,  -0.08144, -122.000, +384.000, -730.000
1630059780, +2.95, +25.695,  -0.07525, -122.000, +404.000, -760.000
1630059840, +2.95, +25.686,  -0.04118, -120.000, +383.000, -717.000
1630059900, +2.95, +25.686,  -0.05047, -122.000, +384.000, -728.000
1630059960, +2.95, +25.678,  -0.01332, -128.000, +392.000, -736.000
1630060020, +2.95, +25.670,  -0.04118, -125.000, +387.000, -732.000
1630060080, +2.95, +25.678,  -0.06905, -125.000, +396.000, -744.000
1630060140, +2.95, +25.661,  -0.10002, -125.000, +388.000, -736.000
1630060200, +2.95, +25.670,  -0.05357, -122.000, +396.000, -744.000
1630060260, +2.95, +25.661,  -0.01332, -121.000, +382.000, -714.000
1630060320, +2.95, +25.653,  +0.07339, -121.000, +384.000, -720.000
1630060380, +2.95, +25.653,  -0.04118, -125.000, +392.000, -736.000
1630060440, +2.95, +25.653,  -0.01641, -121.000, +400.000, -756.000
1630060500, +2.95, +25.670,  +0.01455, -125.000, +391.000, -738.000
1630060560, +2.95, +25.670,  -0.05667, -120.000, +384.000, -719.000
1630060620, +2.95, +25.637,  +0.02694, -128.000, +390.000, -733.000
1630060680, +2.95, +25.653,  -0.03499, -122.000, +384.000, -720.000
1630060740, +2.95, +25.645,  -0.03499, -122.000, +384.000, -724.000
1630060800, +2.95, +25.645,  -0.08763, -125.000, +393.000, -744.000
1630060860, +2.95, +25.637,  -0.04118, -121.000, +385.000, -730.000
1630060920, +2.95, +25.637,  -0.03189, -121.000, +384.000, -717.000
1630060980, +2.95, +25.628,  -0.02570, -121.000, +384.000, -720.000
1630061040, +2.95, +25.628,  +0.00217, -120.000, +412.000, -784.000
1630061100, +2.95, +25.603,  -0.03499, -120.000, +422.000, -824.000
1630061160, +2.95, +25.620,  -0.13718, -121.000, +384.000, -720.000
1630061220, +2.95, +25.587,  +0.03313, -120.000, +384.000, -720.000
1630061280, +2.95, +25.612,  -0.07215, -120.000, +408.000, -768.000
1630061340, +2.95, +25.603,  -0.12170, -124.000, +403.000, -756.000
1630061400, +2.95, +25.603,  -0.05667, -125.000, +393.000, -740.000
1630061460, +2.95, +25.595,  -0.01641, -116.000, +428.000, -840.000
1630061520, +2.95, +25.587,  -0.02880, -124.000, +399.000, -748.000
1630061580, +2.95, +25.587,  -0.05357, -124.000, +408.000, -768.000
1630061640, +2.95, +25.578,  -0.06286, -122.000, +409.000, -780.000
1630061700, +2.95, +25.562,  -0.09692, -100.000, +412.000, -946.000
1630061760, +2.95, +25.562,  -0.02880, -121.000, +408.000, -768.000
1630061820, +2.95, +25.562,  -0.01332, -125.000, +396.000, -736.000
1630061880, +2.95, +25.545,  -0.05667, -120.000, +417.000, -800.000
1630061940, +2.95, +25.553,  -0.04118, -125.000, +398.000, -744.000
1630062000, +2.95, +25.537,  +0.05481, -122.000, +416.000, -800.000
1630062060, +2.95, +25.529,  +0.01146, -125.000, +388.000, -730.000
1630062120, +2.95, +25.537,  -0.08763, -122.000, +384.000, -730.000
1630062180, +2.95, +25.504,  +0.01765, -124.000, +384.000, -730.000
1630062240, +2.95, +25.520,  +0.01146, -120.000, +432.000, -848.000
1630062300, +2.95, +25.512,  -0.05047, -124.000, +385.000, -730.000
1630062360, +2.95, +25.512,  +0.03313, -125.000, +406.000, -768.000
1630062420, +2.95, +25.487,  -0.09383, -122.000, +415.000, -788.000
1630062480, +2.95, +25.479,  +0.01146, -116.000, +435.000, -864.000
1630062540, +2.95, +25.495,  -0.01951, -122.000, +387.000, -717.000
1630062600, +2.95, +25.495,  -0.00403, -121.000, +384.000, -720.000
1630062660, +2.95, +25.487,  -0.01951, -125.000, +403.000, -756.000
1630062720, +2.95, +25.479,  -0.01951, -121.000, +400.000, -752.000
1630062780, +2.95, +25.462,  -0.05976, -114.000, +438.000, -896.000
1630062840, +2.95, +25.470,  -0.01641, -122.000, +404.000, -768.000
1630062900, +2.95, +25.470,  +0.00217, -122.000, +416.000, -796.000
1630062960, +2.95, +25.462,  -0.05667, -116.000, +440.000, -890.000
1630063020, +2.95, +25.454,  +0.08268, -120.000, +404.000, -764.000
1630063080, +2.95, +25.462,  +0.03623, -122.000, +416.000, -812.000
1630063140, +2.95, +25.437,  -0.05976, -116.000, +435.000, -861.000
1630063200, +2.95, +25.421,  -0.05976, -125.000, +391.000, -736.000
1630063260, +2.95, +25.429,  -0.06596, -120.000, +416.000, -808.000
1630063320, +2.95, +25.404,  +0.06100, -122.000, +408.000, -768.000
1630063380, +2.95, +25.404,  -0.08454, -120.000, +415.000, -792.000
1630063440, +2.95, +25.387,  -0.07525, -122.000, +422.000, -816.000
1630063500, +2.95, +25.404,  -0.07834, -120.000, +416.000, -794.000
1630063560, +2.95, +25.396,  -0.01951, -116.000, +438.000, -888.000
1630063620, +2.95, +25.362,  -0.01951, -112.000, +444.000, -916.000
1630063680, +2.95, +25.387,  +0.00526, -121.000, +419.000, -800.000
1630063740, +2.95, +25.379,  +0.03004, -120.000, +428.000, -832.000
1630063800, +2.95, +25.362,  -0.00093, -114.000, +435.000, -872.000
1630063860, +2.95, +25.379,  +0.02075, -116.000, +438.000, -890.000
1630063920, +2.95, +25.354,  +0.01765, -120.000, +425.000, -828.000
1630063980, +2.95, +25.371,  -0.03499, -120.000, +432.000, -858.000
1630064040, +2.95, +25.337,  +0.02384, -116.000, +432.000, -848.000
1630064100, +2.95, +25.329,  -0.01022, -120.000, +414.000, -784.000
1630064160, +2.95, +25.337,  -0.03189, -120.000, +428.000, -844.000
1630064220, +2.95, +25.329,  -0.02570, -120.000, +419.000, -812.000
1630064280, +2.95, +25.329,  +0.05481, -109.000, +448.000, -936.000
1630064340, +2.95, +25.329,  -0.02261, -120.000, +416.000, -792.000
1630064400, +2.95, +25.321,  +0.01455, -121.000, +416.000, -808.000
1630064460, +2.95, +25.312,  -0.02570, -120.000, +435.000, -872.000
1630064520, +2.95, +25.304,  -0.01332, -120.000, +430.000, -848.000
1630064580, +2.95, +25.296,  -0.00403, -120.000, +424.000, -830.000
1630064640, +2.95, +25.279,  -0.08454, -119.000, +424.000, -832.000
1630064700, +2.95, +25.287,  -0.03499, -116.000, +428.000, -856.000
1630064760, +2.95, +25.271,  -0.06905, -125.000, +400.000, -756.000
1630064820, +2.95, +25.254,  -0.01332, -124.000, +403.000, -760.000
1630064880, +2.95, +25.263,  -0.06596, -116.000, +432.000, -856.000
1630064940, +2.95, +25.271,  -0.01022, -116.000, +432.000, -872.000
1630065000, +2.95, +25.263,  -0.03499, -114.000, +438.000, -892.000
1630065060, +2.95, +25.246,  -0.05047, -116.000, +432.000, -861.000
1630065120, +2.95, +25.246,  -0.03499, -108.000, +448.000, -948.000
1630065180, +2.95, +25.221,  -0.04738, -120.000, +428.000, -832.000
1630065240, +2.95, +25.221,  -0.01641, -116.000, +440.000, -904.000
1630065300, +2.95, +25.213,  -0.03189, -116.000, +438.000, -892.000
1630065360, +2.95, +25.229,  -0.04738, -120.000, +424.000, -826.000
1630065420, +2.95, +25.196,  -0.04428, -116.000, +438.000, -876.000
1630065480, +2.95, +25.179,  -0.05976, -114.000, +432.000, -872.000
1630065540, +2.95, +25.204,  +0.03004, -112.000, +448.000, -940.000
1630065600, +2.95, +25.188,  -0.12789, -114.000, +436.000, -868.000
1630065660, +2.95, +25.188,  +0.00836, -116.000, +435.000, -872.000
1630065720, +2.95, +25.179,  -0.00712, -116.000, +435.000, -877.000
1630065780, +2.95, +25.146,  -0.03499, -112.000, +448.000, -928.000
1630065840, +2.95, +25.154,  -0.05357, -120.000, +432.000, -852.000
1630065900, +2.95, +25.163,  +0.01765, -114.000, +440.000, -888.000
1630065960, +2.95, +25.138,  +0.11055, -112.000, +448.000, -944.000
1630066020, +2.95, +25.146,  -0.01332, -116.000, +438.000, -880.000
1630066080, +2.95, +25.121,  -0.01641, -116.000, +435.000, -864.000
1630066140, +2.95, +25.113,  +0.06720, -114.000, +444.000, -896.000
1630066200, +2.95, +25.121,  +0.07339, -120.000, +432.000, -868.000
1630066260, +2.95, +25.121,  -0.00403, -114.000, +433.000, -868.000
1630066320, +2.95, +25.104,  -0.06286, -114.000, +440.000, -900.000
1630066380, +2.95, +25.113,  -0.05976, -114.000, +438.000, -884.000
1630066440, +2.95, +25.104,  -0.11241, -109.000, +448.000, -946.000
1630066500, +2.95, +25.096,  -0.02261, -109.000, +448.000, -944.000
1630066560, +2.95, +25.080,  -0.01641, -112.000, +448.000, -922.000
1630066620, +2.95, +25.080,  -0.01641, -109.000, +448.000, -944.000
1630066680, +2.95, +25.063,  +0.08887, -106.000, +448.000, -960.000
1630066740, +2.95, +25.055,  -0.05667, -114.000, +440.000, -888.000
1630066800, +2.95, +25.038,  -0.00403, -112.000, +440.000, -912.000
1630066860, +2.95, +25.046,  +0.00526, -116.000, +435.000, -872.000
1630066920, +2.95, +25.038,  -0.00403, -104.000, +449.000, -984.000
1630066980, +2.95, +25.021,  +0.04242, -112.000, +448.000, -952.000
1630067040, +2.95, +25.021,  -0.00712, -121.000, +384.000, -711.000
1630067100, +2.95, +24.996,  -0.07215, -100.000, +415.000, -953.000
1630067160, +2.95, +24.996,  -0.00093, -96.000, +415.000, -973.000
1630067220, +2.95, +25.005,  -0.03499, -116.000, +435.000, -872.000
1630067280, +2.95, +25.013,  -0.02261, -100.000, +400.000, -929.000
1630067340, +2.95, +25.005,  -0.03809, -100.000, +428.000, -988.000
1630067400, +2.95, +24.980,  -0.04428, -112.000, +448.000, -936.000
1630067460, +2.95, +24.988,  -0.02880, -108.000, +448.000, -960.000
1630067520, +2.95, +24.971,  -0.05667, -112.000, +448.000, -928.000
1630067580, +2.95, +24.988,  -0.01022, -112.000, +448.000, -928.000
1630067640, +2.95, +24.971,  +0.10745, -114.000, +440.000, -896.000
1630067700, +2.95, +24.955,  +0.04552, -104.000, +451.000, -984.000
1630067760, +2.95, +24.955,  -0.02880, -104.000, +448.000, -976.000
1630067820, +2.95, +24.946,  -0.02570, -100.000, +420.000, -970.000
1630067880, +2.95, +24.921,  +0.00836, -104.000, +451.000, -968.000
1630067940, +2.95, +24.938,  +0.05791, -106.000, +449.000, -960.000
1630068000, +2.95, +24.921,  -0.03189, -100.000, +408.000, -945.000
1630068060, +2.95, +24.913,  -0.01332, -104.000, +448.000, -976.000
1630068120, +2.95, +24.913,  -0.04428, -120.000, +382.000, -712.000
1630068180, +2.95, +24.896,  +0.02075, -120.000, +384.000, -717.000
1630068240, +2.95, +24.888,  -0.05667, -104.000, +451.000, -976.000
1630068300, +2.95, +24.896,  -0.06905, -104.000, +448.000, -992.000
1630068360, +2.95, +24.896,  -0.01022, -120.000, +383.000, -712.000
1630068420, +2.95, +24.880,  +0.03313, -121.000, +384.000, -712.000
1630068480, +2.95, +24.871,  -0.05047, -100.000, +407.000, -941.000
1630068540, +2.95, +24.863,  +0.01765, -100.000, +422.000, -980.000
1630068600, +2.95, +24.855,  +0.00217, -100.000, +423.000, -976.000
1630068660, +2.95, +24.838,  +0.00526, -119.000, +384.000, -712.000
1630068720, +2.95, +24.838,  -0.03499, -121.000, +384.000, -728.000
1630068780, +2.95, +24.838,  -0.00712, -104.000, +404.000, -929.000
1630068840, +2.95, +24.830,  -0.03809, -110.000, +451.000, -960.000
1630068900, +2.95, +24.805,  +0.02075, -121.000, +387.000, -712.000
1630068960, +2.95, +24.813,  -0.01641, -120.000, +385.000, -712.000
1630069020, +2.95, +24.830,  -0.01951, -121.000, +384.000, -724.000
1630069080, +2.95, +24.796,  +0.07649, -121.000, +384.000, -717.000
1630069140, +2.95, +24.805,  +0.09507, -121.000, +385.000, -712.000
1630069200, +2.95, +24.788,  -0.02880, -120.000, +384.000, -713.000
1630069260, +2.95, +24.788,  +0.05171, -104.000, +408.000, -941.000
1630069320, +2.95, +24.747,  -0.01022, -124.000, +390.000, -736.000
1630069380, +2.95, +24.763,  -0.00712, -120.000, +384.000, -712.000
1630069440, +2.95, +24.755,  -0.01641, -121.000, +384.000, -717.000
1630069500, +2.95, +24.730,  -0.00712, -98.000, +399.000, -913.000
1630069560, +2.95, +24.755,  -0.01022, -125.000, +385.000, -724.000
1630069620, +2.95, +24.747,  -0.01332, -121.000, +384.000, -717.000
1630069680, +2.95, +24.738,  -0.01951, -119.000, +385.000, -720.000
1630069740, +2.95, +24.713,  -0.01332, -121.000, +385.000, -724.000
1630069800, +2.95, +24.713,  -0.00712, -121.000, +384.000, -720.000
1630069860, +2.95, +24.713,  +0.03004, -122.000, +384.000, -724.000
1630069920, +2.95, +24.688,  -0.00403, -122.000, +384.000, -728.000
1630069980, +2.95, +24.697,  +0.04862, -100.000, +424.000, -983.000
1630070040, +2.95, +24.680,  -0.05667, -125.000, +388.000, -730.000
1630070100, +2.95, +24.672,  +0.02075, -122.000, +384.000, -728.000
1630070160, +2.95, +24.680,  +0.00217, -104.000, +448.000, -986.000
1630070220, +2.95, +24.655,  -0.01641, -122.000, +384.000, -728.000
1630070280, +2.95, +24.638,  +0.00836, -122.000, +409.000, -768.000
1630070340, +2.95, +24.647,  +0.00836, -122.000, +384.000, -711.000
1630070400, +2.95, +24.663,  +0.01146, -121.000, +385.000, -719.000
1630070460, +2.95, +24.638,  -0.05667, -124.000, +385.000, -720.000
1630070520, +2.95, +24.638,  +0.01146, -122.000, +384.000, -724.000
1630070580, +2.95, +24.630,  +0.00526, -121.000, +387.000, -724.000
1630070640, +2.95, +24.613,  -0.01022, -125.000, +387.000, -724.000
1630070700, +2.95, +24.613,  +0.06720, -124.000, +387.000, -724.000
1630070760, +2.95, +24.597,  +0.09816, -121.000, +385.000, -713.000
1630070820, +2.95, +24.597,  +0.02384, -121.000, +419.000, -800.000
1630070880, +2.95, +24.580,  +0.10126, -125.000, +391.000, -733.000
1630070940, +2.95, +24.588,  -0.02570, -122.000, +400.000, -752.000
1630071000, +2.95, +24.580,  -0.00712, -121.000, +385.000, -728.000
1630071060, +2.95, +24.563,  +0.06720, -120.000, +414.000, -784.000
1630071120, +2.95, +24.547,  +0.03004, -121.000, +384.000, -728.000
1630071180, +2.95, +24.572,  +0.07339, -120.000, +384.000, -724.000
1630071240, +2.95, +24.547,  +0.10126, -122.000, +390.000, -735.000
1630071300, +2.95, +24.538,  +0.09197, -122.000, +387.000, -724.000
1630071360, +2.95, +24.538,  +0.03004, -121.000, +408.000, -772.000
1630071420, +2.95, +24.530,  +0.06410, -122.000, +384.000, -720.000
1630071480, +2.95, +24.513,  +0.08268, -121.000, +384.000, -730.000
1630071540, +2.95, +24.513,  +0.07029, -120.000, +404.000, -768.000
1630071600, +2.95, +24.505,  +0.09507, -122.000, +412.000, -782.000
1630071660, +2.95, +24.505,  +0.08268, -122.000, +387.000, -729.000
1630071720, +2.95, +24.488,  +0.10435, -124.000, +387.000, -730.000
1630071780, +2.95, +24.472,  +0.07339, -122.000, +384.000, -724.000
1630071840, +2.95, +24.447,  +0.03933, -122.000, +390.000, -730.000
1630071900, +2.95, +24.447,  +0.09816, -125.000, +391.000, -736.000
1630071960, +2.95, +24.455,  +0.04552, -124.000, +408.000, -768.000
1630072020, +2.95, +24.463,  +0.07029, -120.000, +419.000, -813.000
1630072080, +2.95, +24.438,  +0.17867, -124.000, +396.000, -740.000
1630072140, +2.95, +24.422,  +0.09507, -121.000, +384.000, -724.000
1630072200, +2.95, +24.405,  +0.07029, -124.000, +384.000, -724.000
1630072260, +2.95, +24.405,  +0.11674, -121.000, +385.000, -724.000
1630072320, +2.95, +24.422,  +0.07958, -124.000, +412.000, -776.000
1630072380, +2.95, +24.405,  +0.11055, -125.000, +390.000, -734.000
1630072440, +2.95, +24.405,  +0.15700, -122.000, +409.000, -776.000
1630072500, +2.95, +24.405,  +0.08268, -120.000, +424.000, -830.000
1630072560, +2.95, +24.388,  +0.13222, -120.000, +408.000, -768.000
1630072620, +2.95, +24.363,  +0.12913, -122.000, +387.000, -728.000
1630072680, +2.95, +24.380,  +0.24370, -122.000, +384.000, -724.000
1630072740, +2.95, +24.372,  +0.19416, -120.000, +417.000, -800.000
1630072800, +2.95, +24.355,  +0.24680, -116.000, +432.000, -864.000
1630072860, +2.95, +24.347,  +0.26847, -116.000, +433.000, -864.000
1630072920, +2.95, +24.363,  +0.27467, -116.000, +428.000, -848.000
1630072980, +2.95, +24.347,  +0.16629, -122.000, +400.000, -749.000
1630073040, +2.95, +24.347,  +0.24989, -120.000, +419.000, -800.000
1630073100, +2.95, +24.347,  +0.30563, -125.000, +392.000, -736.000
1630073160, +2.95, +24.347,  +0.28705, -121.000, +416.000, -799.000
1630073220, +2.95, +24.347,  +0.20035, -120.000, +420.000, -816.000
1630073280, +2.95, +24.313,  +0.34898, -122.000, +401.000, -754.000
1630073340, +2.95, +24.322,  +0.36447, -122.000, +408.000, -776.000
1630073400, +2.95, +24.322,  +0.35208, -122.000, +425.000, -832.000
1630073460, +2.95, +24.288,  +0.42330, -114.000, +438.000, -888.000
1630073520, +2.95, +24.305,  +0.36447, -120.000, +423.000, -808.000
1630073580, +2.95, +24.305,  +0.40472, -121.000, +414.000, -792.000
1630073640, +2.95, +24.305,  +0.33970, -120.000, +432.000, -848.000
1630073700, +2.95, +24.288,  +0.39853, -122.000, +408.000, -768.000
1630073760, +2.95, +24.280,  +0.45117, -112.000, +440.000, -888.000
1630073820, +2.95, +24.271,  +0.53788, -116.000, +432.000, -864.000
1630073880, +2.95, +24.280,  +0.50691, -116.000, +433.000, -868.000
1630073940, +2.95, +24.263,  +0.45737, -128.000, +387.000, -730.000
1630074000, +2.95, +24.271,  +0.49143, -112.000, +438.000, -888.000
1630074060, +2.95, +24.263,  +0.60600, -122.000, +406.000, -764.000
1630074120, +2.95, +24.255,  +0.57813, -120.000, +428.000, -840.000
1630074180, +2.95, +24.246,  +0.67722, -120.000, +428.000, -840.000
1630074240, +2.95, +24.238,  +0.69580, -120.000, +412.000, -784.000
1630074300, +2.95, +24.255,  +0.73915, -112.000, +444.000, -912.000
1630074360, +2.95, +24.221,  +0.73296, -112.000, +448.000, -920.000
1630074420, +2.95, +24.238,  +0.86302, -114.000, +444.000, -909.000
1630074480, +2.95, +24.238,  +0.82586, -112.000, +444.000, -912.000
1630074540, +2.95, +24.230,  +0.87850, -116.000, +435.000, -872.000
1630074600, +2.95, +24.238,  +0.85063, -120.000, +432.000, -852.000
1630074660, +2.95, +24.230,  +0.90327, -114.000, +440.000, -896.000
1630074720, +2.95, +24.221,  +0.89398, -116.000, +440.000, -896.000
1630074780, +2.95, +24.205,  +0.96521, -112.000, +448.000, -928.000
1630074840, +2.95, +24.188,  +0.84753, -114.000, +444.000, -904.000
1630074900, +2.95, +24.205,  +0.85682, -116.000, +435.000, -872.000
1630074960, +2.95, +24.213,  +0.76702, -116.000, +435.000, -864.000
1630075020, +2.95, +24.205,  +0.85682, -116.000, +432.000, -856.000
1630075080, +2.95, +24.196,  +0.84753, -120.000, +423.000, -820.000
1630075140, +2.95, +24.163,  +0.84134, -116.000, +433.000, -868.000
1630075200, +2.95, +24.180,  +0.84753, -116.000, +438.000, -880.000
1630075260, +2.95, +24.196,  +0.88779, -104.000, +448.000, -984.000
1630075320, +2.95, +24.196,  +0.81967, -116.000, +432.000, -864.000
1630075380, +2.95, +24.180,  +0.86611, -112.000, +448.000, -920.000
1630075440, +2.95, +24.196,  +0.88779, -112.000, +448.000, -948.000
1630075500, +2.95, +24.180,  +0.78251, -116.000, +438.000, -880.000
1630075560, +2.95, +24.163,  +0.80109, -112.000, +448.000, -932.000
1630075620, +2.95, +24.180,  +0.86302, -104.000, +451.000, -976.000
1630075680, +2.95, +24.146,  +0.81967, -116.000, +435.000, -864.000
1630075740, +2.95, +24.155,  +0.79489, -116.000, +440.000, -893.000
1630075800, +2.95, +24.163,  +0.86302, -112.000, +448.000, -922.000
1630075860, +2.95, +24.146,  +0.85992, -116.000, +440.000, -868.000
1630075920, +2.95, +24.155,  +0.70819, -100.000, +444.000, -992.000
1630075980, +2.95, +24.138,  +0.79799, -116.000, +435.000, -864.000
1630076040, +2.95, +24.146,  +0.69890, -109.000, +448.000, -944.000
1630076100, +2.95, +24.146,  +0.74844, -114.000, +448.000, -904.000
1630076160, +2.95, +24.146,  +0.79489, -112.000, +444.000, -912.000
1630076220, +2.95, +24.130,  +0.82276, -120.000, +432.000, -864.000
1630076280, +2.95, +24.138,  +0.83825, -114.000, +444.000, -912.000
1630076340, +2.95, +24.121,  +0.86611, -112.000, +448.000, -928.000
1630076400, +2.95, +24.121,  +0.83515, -116.000, +438.000, -872.000
1630076460, +2.95, +24.113,  +0.85063, -114.000, +448.000, -912.000
1630076520, +2.95, +24.121,  +0.75464, -112.000, +444.000, -920.000
1630076580, +2.95, +24.080,  +0.79489, -114.000, +448.000, -922.000
1630076640, +2.95, +24.105,  +0.83825, -112.000, +444.000, -912.000
1630076700, +2.95, +24.080,  +0.84134, -114.000, +440.000, -896.000
1630076760, +2.95, +24.105,  +0.81657, -116.000, +433.000, -876.000
1630076820, +2.95, +24.088,  +0.76393, -116.000, +438.000, -872.000
1630076880, +2.95, +24.080,  +0.84444, -112.000, +444.000, -912.000
1630076940, +2.95, +24.080,  +0.83515, -112.000, +448.000, -916.000
1630077000, +2.95, +24.063,  +0.90947, -116.000, +433.000, -864.000
1630077060, +2.95, +24.088,  +0.80109, -112.000, +448.000, -912.000
1630077120, +2.95, +24.088,  +0.82896, -114.000, +448.000, -912.000
1630077180, +2.95, +24.071,  +0.87540, -104.000, +448.000, -992.000
1630077240, +2.95, +24.080,  +0.87850, -112.000, +448.000, -928.000
1630077300, +2.95, +24.063,  +0.87231, -112.000, +448.000, -936.000
1630077360, +2.95, +24.063,  +0.85373, -112.000, +448.000, -928.000
1630077420, +2.95, +24.055,  +0.96830, -112.000, +448.000, -936.000
1630077480, +2.95, +24.046,  +0.90327, -116.000, +440.000, -896.000
1630077540, +2.95, +24.063,  +1.04572, -109.000, +448.000, -944.000
1630077600, +2.95, +24.030,  +0.94663, -104.000, +451.000, -976.000
1630077660, +2.95, +24.038,  +0.94043, -112.000, +440.000, -896.000
1630077720, +2.95, +24.030,  +1.03952, -112.000, +440.000, -910.000
1630077780, +2.95, +24.030,  +0.94972, -112.000, +444.000, -912.000
1630077840, +2.95, +24.038,  +0.93424, -112.000, +448.000, -916.000
1630077900, +2.95, +24.005,  +1.10455, -104.000, +451.000, -984.000
1630077960, +2.95, +24.038,  +1.04572, -100.000, +448.000, -992.000
1630078020, +2.95, +24.021,  +1.00236, -112.000, +448.000, -916.000
1630078080, +2.95, +24.005,  +0.98998, -112.000, +448.000, -916.000
1630078140, +2.95, +24.013,  +1.04262, -100.000, +451.000, -984.000
1630078200, +2.95, +24.013,  +0.98998, -98.000, +428.000, -992.000
1630078260, +2.95, +24.013,  +1.04262, -106.000, +451.000, -964.000
1630078320, +2.95, +24.021,  +1.00856, -112.000, +448.000, -940.000
1630078380, +2.95, +24.013,  +1.07359, -100.000, +428.000, -992.000
1630078440, +2.95, +23.988,  +1.06430, -100.000, +440.000, -992.000
1630078500, +2.95, +23.980,  +1.24390, -100.000, +436.000, -989.000
1630078560, +2.95, +23.963,  +1.18816, -112.000, +448.000, -946.000
1630078620, +2.95, +23.988,  +1.13861, -109.000, +451.000, -948.000
1630078680, +2.95, +23.963,  +1.12623, -112.000, +444.000, -904.000
1630078740, +2.95, +23.980,  +1.20674, -100.000, +438.000, -992.000
1630078800, +2.95, +23.971,  +1.19435, -112.000, +448.000, -925.000
1630078860, +2.95, +23.996,  +1.15410, -104.000, +454.000, -976.000
1630078920, +2.95, +23.988,  +1.20055, -106.000, +448.000, -954.000
1630078980, +2.95, +23.954,  +1.24390, -104.000, +454.000, -968.000
1630079040, +2.95, +23.980,  +1.19126, -100.000, +448.000, -988.000
1630079100, +2.95, +23.971,  +1.32441, -112.000, +444.000, -912.000
1630079160, +2.95, +23.980,  +1.33680, -100.000, +440.000, -992.000
1630079220, +2.95, +23.954,  +1.31512, -104.000, +448.000, -992.000
1630079280, +2.95, +23.963,  +1.34299, -114.000, +448.000, -916.000
1630079340, +2.95, +23.971,  +1.21912, -104.000, +451.000, -980.000
1630079400, +2.95, +23.946,  +1.35537, -104.000, +451.000, -968.000
1630079460, +2.95, +23.963,  +1.35228, -100.000, +438.000, -990.000
1630079520, +2.95, +23.946,  +1.33060, -100.000, +408.000, -961.000
1630079580, +2.95, +23.946,  +1.30893, -108.000, +451.000, -960.000
1630079640, +2.95, +23.954,  +1.30273, -116.000, +435.000, -877.000
1630079700, +2.95, +23.929,  +1.32131, -104.000, +452.000, -973.000
1630079760, +2.95, +23.946,  +1.40182, -104.000, +452.000, -960.000
1630079820, +2.95, +23.954,  +1.40492, -100.000, +448.000, -992.000
1630079880, +2.95, +23.963,  +1.57833, -112.000, +451.000, -944.000
1630079940, +2.95, +23.929,  +1.41731, -112.000, +448.000, -928.000
1630080000, +2.95, +23.938,  +1.42350, -104.000, +452.000, -974.000
1630080060, +2.95, +23.938,  +1.41421, -110.000, +449.000, -952.000
1630080120, +2.95, +23.946,  +1.51020, -120.000, +432.000, -844.000
1630080180, +2.95, +23.938,  +1.52878, -96.000, +432.000, -992.000
1630080240, +2.95, +23.938,  +1.47614, -112.000, +448.000, -922.000
1630080300, +2.95, +23.954,  +1.50091, -114.000, +440.000, -888.000
1630080360, +2.95, +23.929,  +1.51330, -112.000, +444.000, -920.000
1630080420, +2.95, +23.946,  +1.50401, -112.000, +448.000, -928.000
1630080480, +2.95, +23.938,  +1.51640, -104.000, +448.000, -992.000
1630080540, +2.95, +23.938,  +1.52569, -100.000, +440.000, -992.000
1630080600, +2.95, +23.913,  +1.65265, -112.000, +448.000, -944.000
1630080660, +2.95, +23.938,  +1.55975, -100.000, +424.000, -992.000
1630080720, +2.95, +23.938,  +1.59071, -112.000, +448.000, -944.000
1630080780, +2.95, +23.954,  +1.55356, -112.000, +448.000, -928.000
1630080840, +2.95, +23.954,  +1.59071, -112.000, +448.000, -944.000
1630080900, +2.95, +23.946,  +1.53188, -109.000, +448.000, -944.000
1630080960, +2.95, +23.954,  +1.56904, -100.000, +417.000, -992.000
1630081020, +2.95, +23.946,  +1.63097, -104.000, +448.000, -984.000
1630081080, +2.95, +23.963,  +1.64955, -112.000, +448.000, -922.000
1630081140, +2.95, +23.913,  +1.57214, -112.000, +448.000, -916.000
1630081200, +2.95, +23.938,  +1.61858, -100.000, +438.000, -988.000
1630081260, +2.95, +23.946,  +1.64026, -104.000, +451.000, -972.000
1630081320, +2.95, +23.954,  +1.65884, -114.000, +444.000, -908.000
1630081380, +2.95, +23.938,  +1.64955, -112.000, +444.000, -922.000
1630081440, +2.95, +23.946,  +1.66813, -104.000, +449.000, -988.000
1630081500, +2.95, +23.954,  +1.67432, -112.000, +448.000, -944.000
1630081560, +2.95, +23.946,  +1.62787, -110.000, +449.000, -944.000
1630081620, +2.95, +23.946,  +1.61549, -109.000, +452.000, -960.000
1630081680, +2.95, +23.954,  +1.73006, -112.000, +444.000, -908.000
1630081740, +2.95, +23.938,  +1.74864, -112.000, +448.000, -928.000
1630081800, +2.95, +23.946,  +1.74245, -104.000, +436.000, -992.000
1630081860, +2.95, +23.946,  +1.80438, -108.000, +448.000, -944.000
1630081920, +2.95, +23.946,  +1.77651, -100.000, +416.000, -992.000
1630081980, +2.95, +23.946,  +1.70529, -116.000, +440.000, -880.000
1630082040, +2.95, +23.954,  +1.77341, -112.000, +448.000, -922.000
1630082100, +2.95, +23.963,  +1.83225, -116.000, +438.000, -880.000
1630082160, +2.95, +23.971,  +1.85392, -100.000, +432.000, -992.000
1630082220, +2.95, +23.963,  +1.81986, -109.000, +448.000, -944.000
1630082280, +2.95, +23.971,  +1.86631, -104.000, +452.000, -964.000
1630082340, +2.95, +23.980,  +1.80748, -114.000, +444.000, -920.000
1630082400, +2.95, +23.971,  +1.85702, -109.000, +451.000, -960.000
1630082460, +2.95, +23.980,  +1.92824, -104.000, +452.000, -976.000
1630082520, +2.95, +23.980,  +1.80438, -104.000, +448.000, -988.000
1630082580, +2.95, +23.980,  +1.89108, -112.000, +448.000, -928.000
1630082640, +2.95, +23.946,  +1.83844, -104.000, +451.000, -984.000
1630082700, +2.95, +23.988,  +1.89418, -116.000, +438.000, -880.000
1630082760, +2.95, +23.988,  +1.89728, -112.000, +438.000, -884.000
1630082820, +2.95, +23.988,  +1.91276, -120.000, +435.000, -864.000
1630082880, +2.95, +24.005,  +1.94682, -121.000, +385.000, -719.000
1630082940, +2.95, +24.013,  +1.86012, -108.000, +451.000, -948.000
1630083000, +2.95, +23.996,  +1.93753, -120.000, +387.000, -717.000
1630083060, +2.95, +24.005,  +1.87870, -111.000, +451.000, -946.000
1630083120, +2.95, +24.046,  +2.00875, -116.000, +440.000, -892.000
1630083180, +2.95, +24.005,  +1.97469, -112.000, +448.000, -928.000
1630083240, +2.95, +24.021,  +1.91586, -114.000, +440.000, -896.000
1630083300, +2.95, +24.005,  +1.83225, -114.000, +444.000, -912.000
1630083360, +2.95, +24.013,  +1.84154, -116.000, +435.000, -877.000
1630083420, +2.95, +24.038,  +1.90037, -116.000, +432.000, -864.000
1630083480, +2.95, +24.046,  +1.90966, -112.000, +444.000, -920.000
1630083540, +2.95, +24.030,  +1.91276, -120.000, +424.000, -828.000
1630083600, +2.95, +24.013,  +1.90347, -114.000, +440.000, -912.000
1630083660, +2.95, +24.046,  +1.90966, -112.000, +448.000, -936.000
1630083720, +2.95, +24.063,  +1.84463, -104.000, +452.000, -976.000
1630083780, +2.95, +24.046,  +1.86631, -112.000, +448.000, -928.000
1630083840, +2.95, +24.071,  +1.90657, -100.000, +440.000, -992.000
1630083900, +2.95, +24.071,  +1.95611, -112.000, +444.000, -910.000
1630083960, +2.95, +24.071,  +1.86631, -112.000, +448.000, -920.000
1630084020, +2.95, +24.080,  +1.83535, -109.000, +451.000, -960.000
1630084080, +2.95, +24.080,  +1.82915, -110.000, +451.000, -952.000
1630084140, +2.95, +24.096,  +1.87870, -125.000, +408.000, -765.000
1630084200, +2.95, +24.113,  +1.95611, -112.000, +448.000, -928.000
1630084260, +2.95, +24.080,  +1.88489, -120.000, +435.000, -864.000
1630084320, +2.95, +24.105,  +1.90966, -112.000, +448.000, -924.000
1630084380, +2.95, +24.121,  +1.81677, -112.000, +444.000, -912.000
1630084440, +2.95, +24.121,  +1.94373, -112.000, +448.000, -924.000
1630084500, +2.95, +24.121,  +1.91276, -109.000, +454.000, -968.000
1630084560, +2.95, +24.138,  +1.89418, -114.000, +440.000, -896.000
1630084620, +2.95, +24.113,  +1.92205, -112.000, +448.000, -932.000
1630084680, +2.95, +24.121,  +1.87870, -120.000, +423.000, -820.000
1630084740, +2.95, +24.163,  +1.95611, -112.000, +448.000, -926.000
1630084800, +2.95, +24.146,  +1.88489, -114.000, +440.000, -880.000
1630084860, +2.95, +24.171,  +1.91586, -122.000, +406.000, -768.000
1630084920, +2.95, +24.163,  +1.94063, -116.000, +432.000, -856.000
1630084980, +2.95, +24.171,  +1.94682, -120.000, +422.000, -813.000
1630085040, +2.95, +24.180,  +1.86941, -122.000, +408.000, -768.000
1630085100, +2.95, +24.163,  +1.83844, -120.000, +432.000, -852.000
1630085160, +2.95, +24.196,  +1.90966, -121.000, +408.000, -760.000
1630085220, +2.95, +24.196,  +1.91895, -122.000, +408.000, -768.000
1630085280, +2.95, +24.196,  +1.85083, -121.000, +416.000, -800.000
1630085340, +2.95, +24.221,  +1.94063, -120.000, +432.000, -840.000
1630085400, +2.95, +24.238,  +2.02733, -116.000, +440.000, -888.000
1630085460, +2.95, +24.255,  +1.91276, -114.000, +433.000, -864.000
1630085520, +2.95, +24.238,  +1.89418, -122.000, +387.000, -730.000
1630085580, +2.95, +24.263,  +1.89418, -114.000, +440.000, -896.000
1630085640, +2.95, +24.280,  +1.86012, -122.000, +412.000, -784.000
1630085700, +2.95, +24.238,  +1.85392, -116.000, +436.000, -872.000
1630085760, +2.95, +24.288,  +1.86941, -122.000, +406.000, -764.000
1630085820, +2.95, +24.271,  +1.84463, -110.000, +448.000, -924.000
1630085880, +2.95, +24.296,  +1.87560, -125.000, +387.000, -728.000
1630085940, +2.95, +24.313,  +1.78270, -124.000, +401.000, -756.000
1630086000, +2.95, +24.322,  +1.85392, -116.000, +435.000, -872.000
1630086060, +2.95, +24.313,  +1.78580, -122.000, +398.000, -749.000
1630086120, +2.95, +24.305,  +1.82915, -116.000, +440.000, -888.000
1630086180, +2.95, +24.313,  +1.79819, -116.000, +440.000, -888.000
1630086240, +2.95, +24.355,  +1.75174, -121.000, +412.000, -784.000
1630086300, +2.95, +24.363,  +1.81677, -120.000, +424.000, -832.000
1630086360, +2.95, +24.363,  +1.69600, -122.000, +403.000, -752.000
1630086420, +2.95, +24.380,  +1.74245, -122.000, +408.000, -768.000
1630086480, +2.95, +24.355,  +1.74864, -124.000, +387.000, -730.000
1630086540, +2.95, +24.388,  +1.66813, -124.000, +408.000, -768.000
1630086600, +2.95, +24.413,  +1.73625, -121.000, +384.000, -720.000
1630086660, +2.95, +24.405,  +1.73935, -122.000, +385.000, -728.000
1630086720, +2.95, +24.405,  +1.65884, -125.000, +387.000, -724.000
1630086780, +2.95, +24.438,  +1.69910, -122.000, +384.000, -728.000
1630086840, +2.95, +24.422,  +1.66813, -125.000, +385.000, -728.000
1630086900, +2.95, +24.455,  +1.69600, -122.000, +403.000, -760.000
1630086960, +2.95, +24.463,  +1.69600, -122.000, +387.000, -730.000
1630087020, +2.95, +24.472,  +1.68361, -122.000, +385.000, -728.000
1630087080, +2.95, +24.455,  +1.68052, -121.000, +385.000, -728.000
1630087140, +2.95, +24.480,  +1.57523, -121.000, +384.000, -728.000
1630087200, +2.95, +24.513,  +1.71458, -121.000, +385.000, -728.000
1630087260, +2.95, +24.488,  +1.58143, -121.000, +388.000, -728.000
1630087320, +2.95, +24.522,  +1.56904, -121.000, +384.000, -724.000
1630087380, +2.95, +24.547,  +1.48853, -122.000, +387.000, -728.000
1630087440, +2.95, +24.530,  +1.51949, -125.000, +384.000, -724.000
1630087500, +2.95, +24.563,  +1.60620, -122.000, +387.000, -724.000
1630087560, +2.95, +24.563,  +1.55665, -125.000, +387.000, -724.000
1630087620, +2.95, +24.572,  +1.57214, -127.000, +385.000, -724.000
1630087680, +2.95, +24.563,  +1.56594, -124.000, +384.000, -724.000
1630087740, +2.95, +24.622,  +1.47614, -122.000, +387.000, -724.000
1630087800, +2.95, +24.613,  +1.60310, -121.000, +385.000, -728.000
1630087860, +2.95, +24.605,  +1.44827, -124.000, +398.000, -744.000
1630087920, +2.95, +24.622,  +1.52259, -120.000, +384.000, -720.000
1630087980, +2.95, +24.638,  +1.42969, -125.000, +391.000, -734.000
1630088040, +2.95, +24.647,  +1.33680, -121.000, +387.000, -724.000
1630088100, +2.95, +24.672,  +1.51330, -122.000, +387.000, -724.000
1630088160, +2.95, +24.647,  +1.36776, -122.000, +384.000, -724.000
1630088220, +2.95, +24.688,  +1.33989, -122.000, +384.000, -728.000
1630088280, +2.95, +24.705,  +1.33060, -104.000, +435.000, -992.000
1630088340, +2.95, +24.730,  +1.39253, -122.000, +385.000, -724.000
1630088400, +2.95, +24.713,  +1.30273, -125.000, +387.000, -724.000
1630088460, +2.95, +24.722,  +1.25009, -121.000, +387.000, -724.000
1630088520, +2.95, +24.755,  +1.25319, -121.000, +384.000, -728.000
1630088580, +2.95, +24.763,  +1.36157, -121.000, +380.000, -720.000
1630088640, +2.95, +24.763,  +1.29035, -121.000, +384.000, -720.000
1630088700, +2.95, +24.780,  +1.35537, -104.000, +452.000, -968.000
1630088760, +2.95, +24.813,  +1.31512, -112.000, +407.000, -929.000
1630088820, +2.95, +24.813,  +1.22222, -125.000, +387.000, -724.000
1630088880, +2.95, +24.830,  +1.34299, -120.000, +382.000, -716.000
1630088940, +2.95, +24.838,  +1.31512, -104.000, +408.000, -929.000
1630089000, +2.95, +24.863,  +1.26248, -112.000, +448.000, -944.000
1630089060, +2.95, +24.880,  +1.19435, -121.000, +384.000, -712.000
1630089120, +2.95, +24.888,  +1.27486, -122.000, +385.000, -724.000
1630089180, +2.95, +24.888,  +1.19435, -109.000, +448.000, -952.000
1630089240, +2.95, +24.905,  +1.19745, -104.000, +400.000, -961.000
1630089300, +2.95, +24.921,  +1.17268, -116.000, +440.000, -904.000
1630089360, +2.95, +24.930,  +1.17268, -116.000, +438.000, -884.000
1630089420, +2.95, +24.921,  +1.12313, -116.000, +435.000, -868.000
1630089480, +2.95, +24.980,  +1.16029, -100.000, +435.000, -992.000
1630089540, +2.95, +24.988,  +1.16339, -104.000, +448.000, -968.000
1630089600, +2.95, +25.005,  +1.09836, -100.000, +432.000, -988.000
1630089660, +2.95, +25.005,  +1.14171, -112.000, +448.000, -948.000
1630089720, +2.95, +25.021,  +1.01475, -104.000, +451.000, -976.000
1630089780, +2.95, +25.046,  +1.11074, -112.000, +448.000, -936.000
1630089840, +2.95, +25.055,  +1.17268, -112.000, +448.000, -924.000
1630089900, +2.95, +25.071,  +1.12003, -112.000, +452.000, -954.000
1630089960, +2.95, +25.055,  +1.03333, -108.000, +451.000, -958.000
1630090020, +2.95, +25.088,  +1.03952, -120.000, +432.000, -856.000
1630090080, +2.95, +25.121,  +1.04881, -120.000, +432.000, -864.000
1630090140, +2.95, +25.121,  +1.03643, -116.000, +440.000, -896.000
1630090200, +2.95, +25.129,  +1.02404, -120.000, +430.000, -848.000
1630090260, +2.95, +25.146,  +1.06120, -116.000, +432.000, -858.000
1630090320, +2.95, +25.171,  +1.02404, -125.000, +396.000, -744.000
1630090380, +2.95, +25.196,  +0.96521, -116.000, +438.000, -880.000
1630090440, +2.95, +25.188,  +0.93424, -104.000, +451.000, -976.000
1630090500, +2.95, +25.204,  +0.92185, -120.000, +440.000, -888.000
1630090560, +2.95, +25.238,  +0.93734, -109.000, +454.000, -968.000
1630090620, +2.95, +25.263,  +1.01165, -116.000, +440.000, -896.000
1630090680, +2.95, +25.271,  +0.93734, -114.000, +440.000, -880.000
1630090740, +2.95, +25.304,  +0.98688, -121.000, +416.000, -812.000
1630090800, +2.95, +25.296,  +0.93734, -116.000, +440.000, -894.000
1630090860, +2.95, +25.321,  +0.96830, -122.000, +419.000, -808.000
1630090920, +2.95, +25.337,  +0.88779, -114.000, +440.000, -904.000
1630090980, +2.95, +25.354,  +0.85373, -116.000, +435.000, -860.000
1630091040, +2.95, +25.379,  +0.89398, -122.000, +406.000, -760.000
1630091100, +2.95, +25.362,  +0.83205, -120.000, +416.000, -800.000
1630091160, +2.95, +25.379,  +0.80109, -122.000, +384.000, -728.000
1630091220, +2.95, +25.404,  +0.82276, -122.000, +401.000, -762.000
1630091280, +2.95, +25.429,  +0.86302, -122.000, +396.000, -740.000
1630091340, +2.95, +25.421,  +0.80109, -116.000, +438.000, -884.000
1630091400, +2.95, +25.445,  +0.81347, -122.000, +408.000, -768.000
1630091460, +2.95, +25.479,  +0.72057, -128.000, +396.000, -736.000
1630091520, +2.95, +25.495,  +0.79799, -120.000, +424.000, -832.000
1630091580, +2.95, +25.512,  +0.82276, -125.000, +408.000, -776.000
1630091640, +2.95, +25.537,  +0.73915, -128.000, +391.000, -736.000
1630091700, +2.95, +25.529,  +0.78560, -104.000, +403.000, -937.000
1630091760, +2.95, +25.553,  +0.69271, -122.000, +412.000, -784.000
1630091820, +2.95, +25.562,  +0.74844, -122.000, +387.000, -720.000
1630091880, +2.95, +25.595,  +0.71438, -121.000, +384.000, -720.000
1630091940, +2.95, +25.603,  +0.78251, -121.000, +384.000, -724.000
1630092000, +2.95, +25.620,  +0.68342, -122.000, +398.000, -752.000
1630092060, +2.95, +25.645,  +0.73915, -121.000, +384.000, -714.000
1630092120, +2.95, +25.653,  +0.67722, -122.000, +384.000, -720.000
1630092180, +2.95, +25.678,  +0.72057, -116.000, +383.000, -712.000
1630092240, +2.95, +25.695,  +0.72986, -121.000, +384.000, -720.000
1630092300, +2.95, +25.703,  +0.65864, -117.000, +384.000, -720.000
1630092360, +2.95, +25.728,  +0.64006, -121.000, +384.000, -712.000
1630092420, +2.95, +25.711,  +0.60910, -122.000, +384.000, -720.000
1630092480, +2.95, +25.753,  +0.54407, -104.000, +408.000, -964.000
1630092540, +2.95, +25.769,  +0.58742, -121.000, +384.000, -717.000
1630092600, +2.95, +25.778,  +0.71438, -100.000, +396.000, -945.000
1630092660, +2.95, +25.786,  +0.59052, -104.000, +402.000, -945.000
1630092720, +2.95, +25.811,  +0.62148, -121.000, +383.000, -712.000
1630092780, +2.95, +25.803,  +0.64935, -100.000, +404.000, -967.000
1630092840, +2.95, +25.828,  +0.57194, -104.000, +428.000, -984.000
1630092900, +2.95, +25.844,  +0.62458, -100.000, +440.000, -986.000
1630092960, +2.95, +25.844,  +0.59671, -112.000, +448.000, -944.000
1630093020, +2.95, +25.836,  +0.53478, -120.000, +387.000, -717.000
1630093080, +2.95, +25.852,  +0.60290, -100.000, +423.000, -992.000
1630093140, +2.95, +25.861,  +0.57813, -100.000, +408.000, -977.000
1630093200, +2.95, +25.852,  +0.54407, -122.000, +387.000, -728.000
1630093260, +2.95, +25.852,  +0.65555, -120.000, +385.000, -713.000
1630093320, +2.95, +25.852,  +0.64626, -121.000, +387.000, -714.000
1630093380, +2.95, +25.852,  +0.52549, -121.000, +384.000, -712.000
1630093440, +2.95, +25.852,  +0.63387, -100.000, +416.000, -986.000
1630093500, +2.95, +25.828,  +0.50691, -121.000, +384.000, -724.000
1630093560, +2.95, +25.819,  +0.59362, -100.000, +428.000, -986.000
1630093620, +2.95, +25.819,  +0.56884, -120.000, +385.000, -720.000
1630093680, +2.95, +25.819,  +0.64935, -96.000, +432.000, -988.000
1630093740, +2.95, +25.794,  +0.60290, -120.000, +383.000, -712.000
1630093800, +2.95, +25.819,  +0.65245, -121.000, +382.000, -708.000
1630093860, +2.95, +25.786,  +0.61839, -120.000, +382.000, -717.000
1630093920, +2.95, +25.803,  +0.57504, -104.000, +438.000, -990.000
1630093980, +2.95, +25.803,  +0.62768, -124.000, +401.000, -752.000
1630094040, +2.95, +25.786,  +0.54717, -121.000, +384.000, -717.000
1630094100, +2.95, +25.778,  +0.53168, -120.000, +384.000, -712.000
1630094160, +2.95, +25.794,  +0.56265, -104.000, +403.000, -929.000
1630094220, +2.95, +25.786,  +0.57194, -122.000, +387.000, -724.000
1630094280, +2.95, +25.769,  +0.53168, -122.000, +384.000, -728.000
1630094340, +2.95, +25.745,  +0.61219, -125.000, +396.000, -740.000
1630094400, +2.95, +25.761,  +0.58123, -122.000, +416.000, -800.000
1630094460, +2.95, +25.753,  +0.63697, -119.000, +384.000, -719.000
1630094520, +2.95, +25.736,  +0.55026, -121.000, +385.000, -717.000
1630094580, +2.95, +25.736,  +0.62148, -120.000, +384.000, -720.000
1630094640, +2.95, +25.736,  +0.51620, -120.000, +385.000, -713.000
1630094700, +2.95, +25.728,  +0.55336, -100.000, +435.000, -988.000
1630094760, +2.95, +25.711,  +0.58433, -121.000, +384.000, -714.000
1630094820, +2.95, +25.720,  +0.59362, -122.000, +396.000, -744.000
1630094880, +2.95, +25.711,  +0.55336, -125.000, +392.000, -736.000
1630094940, +2.95, +25.703,  +0.57194, -124.000, +403.000, -754.000
1630095000, +2.95, +25.703,  +0.56265, -121.000, +384.000, -720.000
1630095060, +2.95, +25.703,  +0.51620, -120.000, +384.000, -719.000
1630095120, +2.95, +25.686,  +0.54717, -121.000, +385.000, -713.000
1630095180, +2.95, +25.678,  +0.55026, -122.000, +408.000, -765.000
1630095240, +2.95, +25.670,  +0.51930, -121.000, +384.000, -720.000
1630095300, +2.95, +25.653,  +0.60600, -121.000, +385.000, -724.000
1630095360, +2.95, +25.645,  +0.61839, -120.000, +408.000, -780.000
1630095420, +2.95, +25.653,  +0.54717, -122.000, +408.000, -776.000
1630095480, +2.95, +25.653,  +0.60910, -120.000, +384.000, -714.000
1630095540, +2.95, +25.637,  +0.61529, -125.000, +391.000, -736.000
1630095600, +2.95, +25.637,  +0.58123, -127.000, +396.000, -744.000
1630095660, +2.95, +25.637,  +0.52859, -121.000, +403.000, -756.000
1630095720, +2.95, +25.628,  +0.59981, -119.000, +384.000, -716.000
1630095780, +2.95, +25.603,  +0.56575, -121.000, +382.000, -720.000
1630095840, +2.95, +25.570,  +0.60910, -122.000, +400.000, -752.000
1630095900, +2.95, +25.603,  +0.63697, -124.000, +390.000, -733.000
1630095960, +2.95, +25.612,  +0.56265, -121.000, +385.000, -712.000
1630096020, +2.95, +25.587,  +0.54717, -100.000, +425.000, -988.000
1630096080, +2.95, +25.595,  +0.58123, -120.000, +423.000, -824.000
1630096140, +2.95, +25.587,  +0.56884, -124.000, +385.000, -728.000
1630096200, +2.95, +25.587,  +0.62458, -122.000, +396.000, -744.000
1630096260, +2.95, +25.578,  +0.54407, -120.000, +424.000, -824.000
1630096320, +2.95, +25.578,  +0.61219, -128.000, +391.000, -736.000
1630096380, +2.95, +25.545,  +0.61219, -120.000, +384.000, -720.000
1630096440, +2.95, +25.545,  +0.59671, -122.000, +384.000, -720.000
1630096500, +2.95, +25.553,  +0.62768, -122.000, +384.000, -724.000
1630096560, +2.95, +25.537,  +0.65864, -122.000, +384.000, -728.000
1630096620, +2.95, +25.545,  +0.72677, -121.000, +384.000, -720.000
1630096680, +2.95, +25.553,  +0.60290, -122.000, +416.000, -794.000
1630096740, +2.95, +25.529,  +0.62148, -121.000, +416.000, -800.000
1630096800, +2.95, +25.520,  +0.63077, -121.000, +408.000, -776.000
1630096860, +2.95, +25.504,  +0.61219, -122.000, +403.000, -764.000
1630096920, +2.95, +25.520,  +0.67722, -121.000, +417.000, -800.000
1630096980, +2.95, +25.504,  +0.58433, -122.000, +387.000, -720.000
1630097040, +2.95, +25.512,  +0.60600, -125.000, +400.000, -746.000
1630097100, +2.95, +25.512,  +0.60600, -114.000, +435.000, -876.000
1630097160, +2.95, +25.487,  +0.62148, -120.000, +408.000, -776.000
1630097220, +2.95, +25.479,  +0.55955, -122.000, +396.000, -744.000
1630097280, +2.95, +25.495,  +0.68342, -121.000, +406.000, -768.000
1630097340, +2.95, +25.479,  +0.63077, -124.000, +396.000, -736.000
1630097400, +2.95, +25.487,  +0.59671, -124.000, +398.000, -744.000
1630097460, +2.95, +25.470,  +0.69271, -120.000, +384.000, -717.000
1630097520, +2.95, +25.454,  +0.61529, -122.000, +400.000, -752.000
1630097580, +2.95, +25.470,  +0.70819, -121.000, +406.000, -762.000
1630097640, +2.95, +25.470,  +0.69890, -124.000, +403.000, -736.000
1630097700, +2.95, +25.462,  +0.68961, -122.000, +409.000, -778.000
1630097760, +2.95, +25.454,  +0.67103, -128.000, +392.000, -740.000
1630097820, +2.95, +25.445,  +0.67722, -122.000, +403.000, -760.000
1630097880, +2.95, +25.445,  +0.70509, -120.000, +428.000, -848.000
1630097940, +2.95, +25.437,  +0.64316, -120.000, +417.000, -804.000
1630098000, +2.95, +25.445,  +0.63387, -116.000, +430.000, -856.000
1630098060, +2.95, +25.429,  +0.67722, -122.000, +400.000, -752.000
1630098120, +2.95, +25.421,  +0.64626, -120.000, +412.000, -781.000
1630098180, +2.95, +25.421,  +0.70819, -122.000, +414.000, -784.000
1630098240, +2.95, +25.421,  +0.73606, -125.000, +392.000, -736.000
1630098300, +2.95, +25.437,  +0.68032, -122.000, +416.000, -800.000
1630098360, +2.95, +25.421,  +0.63697, -114.000, +440.000, -880.000
1630098420, +2.95, +25.404,  +0.64626, -122.000, +406.000, -762.000
1630098480, +2.95, +25.396,  +0.75154, -120.000, +432.000, -848.000
1630098540, +2.95, +25.404,  +0.72986, -122.000, +408.000, -768.000
1630098600, +2.95, +25.396,  +0.71129, -120.000, +430.000, -845.000
1630098660, +2.95, +25.396,  +0.77631, -120.000, +415.000, -792.000
1630098720, +2.95, +25.387,  +0.86611, -124.000, +384.000, -720.000
1630098780, +2.95, +25.412,  +0.69271, -120.000, +412.000, -784.000
1630098840, +2.95, +25.387,  +0.78870, -121.000, +422.000, -813.000
1630098900, +2.95, +25.404,  +0.89089, -120.000, +424.000, -824.000
1630098960, +2.95, +25.412,  +0.75154, -116.000, +438.000, -884.000
1630099020, +2.95, +25.396,  +0.83205, -121.000, +424.000, -832.000
1630099080, +2.95, +25.396,  +0.77941, -116.000, +432.000, -848.000
1630099140, +2.95, +25.404,  +0.80109, -116.000, +440.000, -884.000
1630099200, +2.95, +25.379,  +0.79180, -116.000, +440.000, -888.000
1630099260, +2.95, +25.379,  +0.88469, -114.000, +440.000, -904.000
1630099320, +2.95, +25.371,  +0.81967, -116.000, +440.000, -888.000
1630099380, +2.95, +25.396,  +0.88469, -121.000, +408.000, -776.000
1630099440, +2.95, +25.371,  +0.95592, -122.000, +404.000, -760.000
1630099500, +2.95, +25.379,  +0.98378, -120.000, +422.000, -816.000
1630099560, +2.95, +25.371,  +0.90637, -120.000, +423.000, -828.000
1630099620, +2.95, +25.362,  +0.99617, -122.000, +412.000, -784.000
1630099680, +2.95, +25.387,  +0.90637, -120.000, +419.000, -810.000
1630099740, +2.95, +25.371,  +0.94043, -120.000, +428.000, -832.000
1630099800, +2.95, +25.371,  +0.95282, -116.000, +432.000, -868.000
1630099860, +2.95, +25.371,  +0.95592, -116.000, +432.000, -874.000
1630099920, +2.95, +25.387,  +0.90637, -121.000, +420.000, -816.000
1630099980, +2.95, +25.387,  +0.97449, -120.000, +424.000, -836.000
1630100040, +2.95, +25.362,  +0.97140, -120.000, +416.000, -808.000
1630100100, +2.95, +25.371,  +0.98688, -120.000, +422.000, -820.000
1630100160, +2.95, +25.387,  +1.05191, -114.000, +444.000, -922.000
1630100220, +2.95, +25.379,  +1.05191, -116.000, +440.000, -892.000
1630100280, +2.95, +25.371,  +1.03643, -120.000, +424.000, -828.000
1630100340, +2.95, +25.354,  +1.03023, -116.000, +436.000, -880.000
1630100400, +2.95, +25.379,  +1.19435, -104.000, +451.000, -972.000
1630100460, +2.95, +25.387,  +0.98688, -121.000, +408.000, -768.000
1630100520, +2.95, +25.387,  +0.87850, -122.000, +392.000, -736.000
1630100580, +2.95, +25.387,  +0.96521, -125.000, +404.000, -756.000
1630100640, +2.95, +25.387,  +0.98378, -116.000, +422.000, -830.000
1630100700, +2.95, +25.387,  +1.01785, -120.000, +424.000, -832.000
1630100760, +2.95, +25.404,  +1.03643, -122.000, +396.000, -740.000
1630100820, +2.95, +25.404,  +0.97449, -127.000, +391.000, -736.000
1630100880, +2.95, +25.412,  +1.08597, -122.000, +406.000, -764.000
1630100940, +2.95, +25.429,  +1.08907, -116.000, +433.000, -872.000
1630101000, +2.95, +25.404,  +1.01785, -114.000, +436.000, -880.000
1630101060, +2.95, +25.445,  +0.84444, -112.000, +444.000, -925.000
1630101120, +2.95, +25.429,  +1.05810, -121.000, +403.000, -760.000
1630101180, +2.95, +25.445,  +1.10145, -120.000, +419.000, -816.000
1630101240, +2.95, +25.454,  +1.12313, -121.000, +416.000, -800.000
1630101300, +2.95, +25.462,  +1.25009, -120.000, +416.000, -800.000
1630101360, +2.95, +25.462,  +1.24699, -127.000, +401.000, -752.000
1630101420, +2.95, +25.454,  +1.10145, -121.000, +416.000, -808.000
