7530-428102
OS REV: 1.05 Sensor Cal: 1572940800
Time (sec),  Bat (Volts),   T (deg C),  PAR (umol/(s m^2))  Ax (g), Ay (g), Az (g)
1622189280, +3.05, +22.927,  +0.09197, -192.000, +1278.000, +760.000
1622189340, +3.05, +22.919,  -0.06596, -200.000, +1223.000, +854.000
1622189400, +3.05, +22.927,  +0.04242, -192.000, +1279.000, +758.000
1622189460, +3.05, +22.910,  +0.01455, -192.000, +1281.000, +760.000
1622189520, +3.05, +22.935,  +0.07339, -189.000, +1283.000, +744.000
1622189580, +3.05, +22.944,  +0.03933, -192.000, +1283.000, +745.000
1622189640, +3.05, +22.944,  +0.11674, -192.000, +1283.000, +752.000
1622189700, +3.05, +22.961,  -0.08763, -192.000, +1281.000, +758.000
1622189760, +3.05, +22.961,  +0.03004, -192.000, +1276.000, +774.000
1622189820, +3.05, +22.969,  +0.01765, -192.000, +1279.000, +760.000
1622189880, +3.05, +22.969,  -0.11860, -192.000, +1283.000, +752.000
1622189940, +3.05, +22.961,  -0.09692, -192.000, +1273.000, +768.000
1622190000, +3.05, +22.961,  +0.11364, -192.000, +1273.000, +774.000
1622190060, +3.05, +22.969,  -0.12479, -192.000, +1276.000, +768.000
1622190120, +3.05, +22.977,  -0.02261, -196.000, +1248.000, +825.000
1622190180, +3.05, +23.011,  -0.04428, -192.000, +1278.000, +753.000
1622190240, +3.05, +23.002,  +0.07649, -192.000, +1281.000, +760.000
1622190300, +3.05, +23.002,  -0.01641, -192.000, +1279.000, +758.000
1622190360, +3.05, +23.011,  +0.02075, -192.000, +1279.000, +764.000
1622190420, +3.05, +22.994,  -0.01951, -192.000, +1283.000, +750.000
1622190480, +3.05, +23.027,  -0.02261, -192.000, +1276.000, +768.000
1622190540, +3.05, +23.036,  -0.13408, -192.000, +1276.000, +764.000
1622190600, +3.05, +23.027,  +0.05791, -192.000, +1280.000, +756.000
1622190660, +3.05, +23.027,  -0.07215, -192.000, +1279.000, +758.000
1622190720, +3.05, +23.027,  -0.01641, -192.000, +1279.000, +752.000
1622190780, +3.05, +23.019,  -0.02570, -196.000, +1271.000, +784.000
1622190840, +3.05, +23.011,  -0.06905, -192.000, +1279.000, +760.000
1622190900, +3.05, +23.036,  -0.04738, -192.000, +1287.000, +744.000
1622190960, +3.05, +23.027,  -0.00712, -192.000, +1278.000, +768.000
1622191020, +3.05, +23.044,  -0.06905, -200.000, +1262.000, +803.000
1622191080, +3.05, +23.036,  +0.03933, -190.000, +1279.000, +760.000
1622191140, +3.05, +23.061,  -0.17124, -192.000, +1279.000, +760.000
1622191200, +3.05, +23.069,  +0.01146, -192.000, +1281.000, +755.000
1622191260, +3.05, +23.044,  +0.02075, -192.000, +1279.000, +755.000
1622191320, +3.05, +23.061,  -0.01022, -192.000, +1281.000, +752.000
1622191380, +3.05, +23.069,  +0.11984, -190.000, +1283.000, +755.000
1622191440, +3.05, +23.078,  -0.03189, -192.000, +1283.000, +752.000
1622191500, +3.05, +23.078,  -0.07834, -192.000, +1279.000, +764.000
1622191560, +3.05, +23.086,  +0.03623, -192.000, +1273.000, +771.000
1622191620, +3.05, +23.061,  +0.00217, -192.000, +1279.000, +758.000
1622191680, +3.05, +23.094,  -0.05976, -192.000, +1281.000, +752.000
1622191740, +3.05, +23.078,  +0.02075, -192.000, +1283.000, +750.000
1622191800, +3.05, +23.111,  -0.01332, -192.000, +1279.000, +768.000
1622191860, +3.05, +23.078,  +0.04242, -192.000, +1276.000, +772.000
1622191920, +3.05, +23.111,  -0.07525, -192.000, +1281.000, +752.000
1622191980, +3.05, +23.103,  -0.04738, -192.000, +1276.000, +771.000
1622192040, +3.05, +23.119,  -0.09073, -200.000, +1231.000, +851.000
1622192100, +3.05, +23.128,  +0.13842, -200.000, +1230.000, +846.000
1622192160, +3.05, +23.103,  -0.08763, -192.000, +1272.000, +782.000
1622192220, +3.05, +23.136,  -0.13408, -192.000, +1279.000, +764.000
1622192280, +3.05, +23.111,  +0.04242, -200.000, +1233.000, +840.000
1622192340, +3.05, +23.111,  -0.08454, -200.000, +1228.000, +847.000
1622192400, +3.05, +23.128,  +0.00526, -200.000, +1244.000, +832.000
1622192460, +3.05, +23.128,  -0.12789, -196.000, +1265.000, +796.000
1622192520, +3.05, +23.128,  -0.02880, -200.000, +1238.000, +839.000
1622192580, +3.05, +23.153,  -0.07525, -192.000, +1281.000, +753.000
1622192640, +3.05, +23.153,  -0.00403, -200.000, +1232.000, +846.000
1622192700, +3.05, +23.153,  -0.00403, -192.000, +1272.000, +782.000
1622192760, +3.05, +23.144,  +0.02075, -196.000, +1272.000, +780.000
1622192820, +3.05, +23.178,  -0.01022, -200.000, +1256.000, +812.000
1622192880, +3.05, +23.161,  +0.04552, -196.000, +1168.000, +848.000
1622192940, +3.05, +23.153,  -0.07215, -200.000, +1201.000, +860.000
1622193000, +3.05, +23.169,  -0.10002, -200.000, +1240.000, +839.000
1622193060, +3.05, +23.169,  -0.03809, -192.000, +1278.000, +760.000
1622193120, +3.05, +23.169,  -0.11241, -192.000, +1279.000, +760.000
1622193180, +3.05, +23.195,  +0.06720, -200.000, +1244.000, +832.000
1622193240, +3.05, +23.186,  +0.03004, -192.000, +1276.000, +768.000
1622193300, +3.05, +23.195,  -0.02570, -192.000, +1276.000, +768.000
1622193360, +3.05, +23.186,  -0.04118, -192.000, +1281.000, +760.000
1622193420, +3.05, +23.186,  +0.03004, -200.000, +1240.000, +839.000
1622193480, +3.05, +23.186,  -0.09073, -196.000, +1267.000, +792.000
1622193540, +3.05, +23.195,  -0.09383, -200.000, +1233.000, +847.000
1622193600, +3.05, +23.169,  +0.08268, -192.000, +1278.000, +764.000
1622193660, +3.05, +23.203,  +0.01455, -200.000, +1176.000, +854.000
1622193720, +3.05, +23.220,  -0.07834, -200.000, +1239.000, +839.000
1622193780, +3.05, +23.220,  -0.08763, -192.000, +1272.000, +774.000
1622193840, +3.05, +23.211,  -0.02261, -192.000, +1278.000, +764.000
1622193900, +3.05, +23.220,  -0.01332, -200.000, +1228.000, +848.000
1622193960, +3.05, +23.211,  -0.10312, -192.000, +1276.000, +768.000
1622194020, +3.05, +23.236,  +0.05791, -200.000, +1239.000, +839.000
1622194080, +3.05, +23.236,  -0.02880, -200.000, +1264.000, +800.000
1622194140, +3.05, +23.220,  +0.02075, -200.000, +1228.000, +848.000
1622194200, +3.05, +23.228,  +0.00526, -192.000, +1275.000, +776.000
1622194260, +3.05, +23.236,  +0.07339, -200.000, +1231.000, +844.000
1622194320, +3.05, +23.236,  +0.03933, -192.000, +1278.000, +760.000
1622194380, +3.05, +23.245,  -0.02261, -200.000, +1228.000, +851.000
1622194440, +3.05, +23.245,  +0.09816, -200.000, +1228.000, +848.000
1622194500, +3.05, +23.261,  -0.01951, -200.000, +1240.000, +838.000
1622194560, +3.05, +23.245,  +0.05481, -200.000, +1231.000, +846.000
1622194620, +3.05, +23.261,  -0.10312, -200.000, +1176.000, +856.000
1622194680, +3.05, +23.253,  -0.04738, -200.000, +1216.000, +856.000
1622194740, +3.05, +23.253,  -0.08454, -202.000, +1212.000, +860.000
1622194800, +3.05, +23.270,  -0.02880, -202.000, +1203.000, +860.000
1622194860, +3.05, +23.286,  -0.00712, -200.000, +1247.000, +828.000
1622194920, +3.05, +23.278,  -0.00093, -196.000, +1263.000, +798.000
1622194980, +3.05, +23.261,  +0.00526, -200.000, +1167.000, +846.000
1622195040, +3.05, +23.278,  -0.05976, -200.000, +1223.000, +856.000
1622195100, +3.05, +23.303,  -0.04738, -200.000, +1224.000, +851.000
1622195160, +3.05, +23.261,  -0.03809, -200.000, +1232.000, +844.000
1622195220, +3.05, +23.286,  -0.10002, -200.000, +1171.000, +848.000
1622195280, +3.05, +23.286,  -0.02261, -200.000, +1216.000, +857.000
1622195340, +3.05, +23.295,  -0.00093, -200.000, +1232.000, +847.000
1622195400, +3.05, +23.320,  -0.01951, -197.000, +1169.000, +847.000
1622195460, +3.05, +23.295,  -0.04118, -200.000, +1168.000, +847.000
1622195520, +3.05, +23.295,  -0.02880, -200.000, +1174.000, +849.000
1622195580, +3.05, +23.295,  -0.03809, -202.000, +1185.000, +856.000
1622195640, +3.05, +23.312,  -0.03809, -200.000, +1191.000, +860.000
1622195700, +3.05, +23.303,  -0.14028, -200.000, +1167.000, +846.000
1622195760, +3.05, +23.295,  -0.06905, -200.000, +1171.000, +852.000
1622195820, +3.05, +23.320,  +0.01455, -200.000, +1200.000, +864.000
1622195880, +3.05, +23.312,  +0.03004, -200.000, +1168.000, +848.000
1622195940, +3.05, +23.328,  +0.01765, -200.000, +1190.000, +860.000
1622196000, +3.05, +23.303,  -0.10621, -200.000, +1185.000, +856.000
1622196060, +3.05, +23.328,  -0.01022, -200.000, +1236.000, +840.000
1622196120, +3.05, +23.328,  -0.05667, -202.000, +1184.000, +857.000
1622196180, +3.05, +23.303,  -0.10312, -199.000, +1167.000, +846.000
1622196240, +3.05, +23.337,  -0.01951, -200.000, +1235.000, +841.000
1622196300, +3.05, +23.303,  -0.00712, -196.000, +1267.000, +796.000
1622196360, +3.05, +23.328,  +0.01455, -184.000, +1228.000, +756.000
1622196420, +3.05, +23.345,  -0.07215, -200.000, +1167.000, +844.000
1622196480, +3.05, +23.353,  +0.05791, -202.000, +1180.000, +855.000
1622196540, +3.05, +23.345,  -0.04118, -196.000, +1164.000, +839.000
1622196600, +3.05, +23.320,  +0.09197, -200.000, +1176.000, +856.000
1622196660, +3.05, +23.353,  -0.07215, -192.000, +1276.000, +768.000
1622196720, +3.05, +23.353,  -0.09383, -200.000, +1168.000, +848.000
1622196780, +3.05, +23.345,  +0.01455, -200.000, +1231.000, +846.000
1622196840, +3.05, +23.345,  -0.04118, -200.000, +1223.000, +854.000
1622196900, +3.05, +23.353,  -0.02570, -200.000, +1239.000, +838.000
1622196960, +3.05, +23.337,  +0.05171, -192.000, +1272.000, +783.000
1622197020, +3.05, +23.370,  +0.06100, -200.000, +1187.000, +860.000
1622197080, +3.05, +23.353,  -0.04738, -200.000, +1216.000, +856.000
1622197140, +3.05, +23.378,  -0.00093, -200.000, +1222.000, +856.000
1622197200, +3.05, +23.353,  -0.01641, -200.000, +1183.000, +856.000
1622197260, +3.05, +23.345,  -0.05357, -200.000, +1168.000, +846.000
1622197320, +3.05, +23.378,  +0.03623, -192.000, +1272.000, +771.000
1622197380, +3.05, +23.395,  -0.11241, -204.000, +1215.000, +857.000
1622197440, +3.05, +23.387,  -0.15266, -204.000, +1207.000, +860.000
1622197500, +3.05, +23.370,  +0.04862, -200.000, +1171.000, +848.000
1622197560, +3.05, +23.387,  -0.06286, -184.000, +1257.000, +731.000
1622197620, +3.05, +23.395,  -0.01641, -200.000, +1214.000, +862.000
1622197680, +3.05, +23.387,  +0.07649, -200.000, +1171.000, +848.000
1622197740, +3.05, +23.378,  -0.01641, -200.000, +1171.000, +851.000
1622197800, +3.05, +23.378,  -0.06905, -184.000, +1260.000, +728.000
1622197860, +3.05, +23.395,  -0.00093, -200.000, +1176.000, +856.000
1622197920, +3.05, +23.387,  +0.01765, -200.000, +1168.000, +846.000
1622197980, +3.05, +23.387,  +0.04242, -200.000, +1208.000, +860.000
1622198040, +3.05, +23.403,  -0.08454, -196.000, +1167.000, +844.000
1622198100, +3.05, +23.412,  -0.06905, -200.000, +1171.000, +848.000
1622198160, +3.05, +23.420,  +0.00217, -200.000, +1225.000, +848.000
1622198220, +3.05, +23.412,  -0.05357, -200.000, +1220.000, +854.000
1622198280, +3.05, +23.395,  +0.03623, -200.000, +1219.000, +856.000
1622198340, +3.05, +23.429,  +0.02384, -200.000, +1212.000, +857.000
1622198400, +3.05, +23.420,  -0.08454, -200.000, +1208.000, +860.000
1622198460, +3.05, +23.429,  +0.00836, -200.000, +1238.000, +839.000
1622198520, +3.05, +23.429,  +0.00217, -196.000, +1163.000, +839.000
1622198580, +3.05, +23.429,  +0.04242, -193.000, +1167.000, +844.000
1622198640, +3.05, +23.403,  -0.00403, -194.000, +1164.000, +844.000
1622198700, +3.05, +23.429,  -0.06286, -200.000, +1169.000, +848.000
1622198760, +3.05, +23.429,  +0.03313, -200.000, +1231.000, +847.000
1622198820, +3.05, +23.412,  +0.03933, -200.000, +1176.000, +854.000
1622198880, +3.05, +23.445,  -0.10621, -200.000, +1172.000, +851.000
1622198940, +3.05, +23.429,  +0.01765, -200.000, +1206.000, +860.000
1622199000, +3.05, +23.437,  -0.08763, -194.000, +1167.000, +844.000
1622199060, +3.05, +23.445,  +0.00217, -180.000, +1248.000, +739.000
1622199120, +3.05, +23.437,  -0.09073, -200.000, +1176.000, +856.000
1622199180, +3.05, +23.445,  -0.07215, -199.000, +1167.000, +848.000
1622199240, +3.05, +23.445,  -0.06286, -199.000, +1168.000, +846.000
1622199300, +3.05, +23.445,  +0.01146, -200.000, +1182.000, +856.000
1622199360, +3.05, +23.454,  -0.04738, -200.000, +1168.000, +847.000
1622199420, +3.05, +23.429,  +0.04552, -200.000, +1183.000, +859.000
1622199480, +3.05, +23.412,  -0.03499, -180.000, +1264.000, +728.000
1622199540, +3.05, +23.437,  -0.04118, -194.000, +1161.000, +840.000
1622199600, +3.05, +23.445,  -0.11860, -194.000, +1166.000, +841.000
1622199660, +3.05, +23.470,  +0.06720, -200.000, +1216.000, +856.000
1622199720, +3.05, +23.462,  -0.06905, -193.000, +1164.000, +843.000
1622199780, +3.05, +23.462,  -0.02570, -200.000, +1180.000, +856.000
1622199840, +3.05, +23.445,  -0.06905, -200.000, +1200.000, +864.000
1622199900, +3.05, +23.470,  -0.05667, -196.000, +1174.000, +848.000
1622199960, +3.05, +23.470,  -0.07834, -200.000, +1176.000, +854.000
1622200020, +3.05, +23.470,  -0.01022, -194.000, +1164.000, +844.000
1622200080, +3.05, +23.462,  -0.07215, -200.000, +1183.000, +857.000
1622200140, +3.05, +23.462,  -0.05357, -200.000, +1177.000, +852.000
1622200200, +3.05, +23.487,  -0.13099, -202.000, +1219.000, +856.000
1622200260, +3.05, +23.487,  -0.09073, -194.000, +1166.000, +844.000
1622200320, +3.05, +23.445,  -0.05047, -193.000, +1161.000, +841.000
1622200380, +3.05, +23.479,  +0.04242, -200.000, +1177.000, +856.000
1622200440, +3.05, +23.495,  -0.10002, -180.000, +1260.000, +728.000
1622200500, +3.05, +23.479,  +0.00526, -200.000, +1168.000, +848.000
1622200560, +3.05, +23.454,  -0.05357, -196.000, +1164.000, +840.000
1622200620, +3.05, +23.487,  -0.06286, -200.000, +1169.000, +848.000
1622200680, +3.05, +23.495,  -0.04428, -200.000, +1176.000, +856.000
1622200740, +3.05, +23.504,  -0.02880, -200.000, +1168.000, +847.000
1622200800, +3.05, +23.495,  -0.04118, -200.000, +1176.000, +854.000
1622200860, +3.05, +23.495,  -0.17743, -200.000, +1208.000, +864.000
1622200920, +3.05, +23.512,  -0.14647, -192.000, +1279.000, +755.000
1622200980, +3.05, +23.504,  +0.04242, -202.000, +1180.000, +856.000
1622201040, +3.05, +23.479,  +0.02694, -186.000, +1286.000, +724.000
1622201100, +3.05, +23.504,  -0.01332, -193.000, +1164.000, +844.000
1622201160, +3.05, +23.504,  +0.04552, -199.000, +1168.000, +847.000
1622201220, +3.05, +23.495,  -0.01332, -199.000, +1169.000, +851.000
1622201280, +3.05, +23.504,  -0.05047, -200.000, +1200.000, +864.000
1622201340, +3.05, +23.520,  -0.03189, -200.000, +1168.000, +848.000
1622201400, +3.05, +23.495,  -0.04118, -194.000, +1164.000, +840.000
1622201460, +3.05, +23.529,  -0.02261, -200.000, +1174.000, +849.000
1622201520, +3.05, +23.537,  -0.01022, -196.000, +1166.000, +839.000
1622201580, +3.05, +23.512,  +0.01765, -196.000, +1166.000, +839.000
1622201640, +3.05, +23.512,  +0.07339, -196.000, +1164.000, +844.000
1622201700, +3.05, +23.520,  +0.00217, -200.000, +1176.000, +851.000
1622201760, +3.05, +23.529,  -0.04428, -199.000, +1164.000, +841.000
1622201820, +3.05, +23.529,  +0.01146, -184.000, +1279.000, +718.000
1622201880, +3.05, +23.512,  +0.03004, -196.000, +1164.000, +839.000
1622201940, +3.05, +23.487,  -0.02880, -194.000, +1161.000, +844.000
1622202000, +3.05, +23.537,  -0.01332, -196.000, +1164.000, +841.000
1622202060, +3.05, +23.520,  -0.05667, -196.000, +1164.000, +839.000
1622202120, +3.05, +23.537,  +0.02694, -196.000, +1167.000, +844.000
1622202180, +3.05, +23.545,  -0.02570, -200.000, +1184.000, +856.000
1622202240, +3.05, +23.537,  -0.04428, -200.000, +1169.000, +846.000
1622202300, +3.05, +23.520,  -0.02570, -200.000, +1171.000, +847.000
1622202360, +3.05, +23.545,  -0.03809, -196.000, +1167.000, +846.000
1622202420, +3.05, +23.520,  +0.00836, -200.000, +1172.000, +851.000
1622202480, +3.05, +23.529,  -0.08763, -196.000, +1167.000, +844.000
1622202540, +3.05, +23.537,  -0.02880, -202.000, +1216.000, +856.000
1622202600, +3.05, +23.554,  +0.07339, -196.000, +1167.000, +844.000
1622202660, +3.05, +23.545,  -0.00712, -194.000, +1164.000, +844.000
1622202720, +3.05, +23.545,  -0.04118, -180.000, +1256.000, +731.000
1622202780, +3.05, +23.529,  -0.07834, -200.000, +1167.000, +846.000
1622202840, +3.05, +23.545,  +0.02384, -194.000, +1164.000, +844.000
1622202900, +3.05, +23.554,  -0.03499, -196.000, +1171.000, +847.000
1622202960, +3.05, +23.554,  +0.00217, -196.000, +1164.000, +841.000
1622203020, +3.05, +23.554,  -0.03189, -180.000, +1241.000, +767.000
1622203080, +3.05, +23.537,  -0.05976, -196.000, +1166.000, +844.000
1622203140, +3.05, +23.562,  -0.04118, -196.000, +1270.000, +787.000
1622203200, +3.05, +23.562,  -0.04118, -196.000, +1164.000, +841.000
1622203260, +3.05, +23.554,  -0.09692, -184.000, +1283.000, +718.000
1622203320, +3.05, +23.570,  -0.08454, -194.000, +1164.000, +844.000
1622203380, +3.05, +23.579,  +0.05171, -196.000, +1164.000, +844.000
1622203440, +3.05, +23.554,  -0.16195, -180.000, +1270.000, +719.000
1622203500, +3.05, +23.579,  -0.10931, -180.000, +1244.000, +749.000
1622203560, +3.05, +23.545,  +0.01765, -184.000, +1241.000, +753.000
1622203620, +3.05, +23.570,  -0.04738, -205.000, +1200.000, +862.000
1622203680, +3.05, +23.554,  -0.07215, -194.000, +1164.000, +846.000
1622203740, +3.05, +23.570,  +0.04862, -184.000, +1248.000, +742.000
1622203800, +3.05, +23.562,  +0.00217, -194.000, +1164.000, +839.000
1622203860, +3.05, +23.562,  -0.05047, -196.000, +1166.000, +841.000
1622203920, +3.05, +23.554,  +0.09507, -197.000, +1163.000, +839.000
1622203980, +3.05, +23.562,  +0.06720, -200.000, +1176.000, +851.000
1622204040, +3.05, +23.570,  -0.17124, -184.000, +1263.000, +728.000
1622204100, +3.05, +23.570,  +0.04552, -196.000, +1166.000, +840.000
1622204160, +3.05, +23.570,  +0.01455, -196.000, +1174.000, +849.000
1622204220, +3.05, +23.579,  +0.03313, -192.000, +1283.000, +748.000
1622204280, +3.05, +23.587,  -0.01951, -192.000, +1287.000, +736.000
1622204340, +3.05, +23.587,  +0.01146, -200.000, +1167.000, +846.000
1622204400, +3.05, +23.570,  -0.01951, -196.000, +1164.000, +844.000
1622204460, +3.05, +23.596,  +0.04242, -200.000, +1171.000, +848.000
1622204520, +3.05, +23.596,  -0.08144, -196.000, +1166.000, +846.000
1622204580, +3.05, +23.604,  +0.01455, -196.000, +1164.000, +841.000
1622204640, +3.05, +23.604,  -0.00093, -184.000, +1240.000, +759.000
1622204700, +3.05, +23.596,  -0.02261, -180.000, +1264.000, +726.000
1622204760, +3.05, +23.604,  -0.08454, -196.000, +1164.000, +840.000
1622204820, +3.05, +23.579,  +0.04242, -180.000, +1257.000, +732.000
1622204880, +3.05, +23.587,  +0.01146, -200.000, +1217.000, +856.000
1622204940, +3.05, +23.596,  -0.05047, -200.000, +1168.000, +847.000
1622205000, +3.05, +23.596,  -0.05047, -202.000, +1183.000, +860.000
1622205060, +3.05, +23.604,  -0.01641, -196.000, +1164.000, +844.000
1622205120, +3.05, +23.596,  -0.03809, -196.000, +1167.000, +844.000
1622205180, +3.05, +23.587,  -0.04738, -184.000, +1283.000, +719.000
1622205240, +3.05, +23.621,  +0.07029, -194.000, +1164.000, +844.000
1622205300, +3.05, +23.596,  +0.03004, -194.000, +1164.000, +841.000
1622205360, +3.05, +23.612,  +0.11364, -188.000, +1286.000, +728.000
1622205420, +3.05, +23.612,  -0.01332, -186.000, +1286.000, +720.000
1622205480, +3.05, +23.621,  -0.01022, -180.000, +1272.000, +716.000
1622205540, +3.05, +23.621,  +0.04242, -197.000, +1164.000, +843.000
1622205600, +3.05, +23.621,  -0.04118, -196.000, +1164.000, +844.000
1622205660, +3.05, +23.604,  -0.05976, -196.000, +1167.000, +844.000
1622205720, +3.05, +23.612,  +0.05481, -196.000, +1164.000, +841.000
1622205780, +3.05, +23.604,  -0.14337, -196.000, +1167.000, +844.000
1622205840, +3.05, +23.629,  +0.03623, -197.000, +1164.000, +839.000
1622205900, +3.05, +23.629,  -0.01951, -180.000, +1248.000, +736.000
1622205960, +3.05, +23.629,  -0.05357, -196.000, +1164.000, +844.000
1622206020, +3.05, +23.629,  -0.05047, -194.000, +1164.000, +840.000
1622206080, +3.05, +23.621,  -0.08454, -184.000, +1228.000, +758.000
1622206140, +3.05, +23.621,  +0.01765, -200.000, +1167.000, +844.000
1622206200, +3.05, +23.604,  -0.05976, -194.000, +1164.000, +840.000
1622206260, +3.05, +23.621,  -0.05357, -183.000, +1223.000, +763.000
1622206320, +3.05, +23.646,  -0.05047, -180.000, +1278.000, +719.000
1622206380, +3.05, +23.596,  -0.02880, -196.000, +1166.000, +844.000
1622206440, +3.05, +23.621,  -0.04738, -197.000, +1166.000, +839.000
1622206500, +3.05, +23.629,  +0.00217, -196.000, +1164.000, +844.000
1622206560, +3.05, +23.629,  +0.02075, -183.000, +1228.000, +761.000
1622206620, +3.05, +23.621,  +0.00217, -192.000, +1287.000, +748.000
1622206680, +3.05, +23.629,  -0.02880, -199.000, +1166.000, +841.000
1622206740, +3.05, +23.629,  -0.03499, -192.000, +1283.000, +748.000
1622206800, +3.05, +23.629,  -0.06286, -196.000, +1164.000, +844.000
1622206860, +3.05, +23.637,  -0.00403, -184.000, +1254.000, +728.000
1622206920, +3.05, +23.646,  -0.12789, -180.000, +1240.000, +752.000
1622206980, +3.05, +23.637,  -0.09383, -180.000, +1255.000, +735.000
1622207040, +3.05, +23.637,  -0.02880, -194.000, +1166.000, +841.000
1622207100, +3.05, +23.646,  +0.03933, -196.000, +1164.000, +841.000
1622207160, +3.05, +23.637,  -0.06286, -184.000, +1227.000, +759.000
1622207220, +3.05, +23.646,  -0.04428, -200.000, +1168.000, +846.000
1622207280, +3.05, +23.629,  -0.09383, -192.000, +1272.000, +783.000
1622207340, +3.05, +23.646,  -0.01641, -184.000, +1279.000, +713.000
1622207400, +3.05, +23.646,  -0.05357, -200.000, +1180.000, +854.000
1622207460, +3.05, +23.646,  -0.14028, -184.000, +1228.000, +759.000
1622207520, +3.05, +23.637,  -0.13099, -184.000, +1251.000, +736.000
1622207580, +3.05, +23.621,  +0.00526, -196.000, +1168.000, +848.000
1622207640, +3.05, +23.621,  +0.03933, -186.000, +1287.000, +723.000
1622207700, +3.05, +23.654,  +0.03313, -180.000, +1238.000, +755.000
1622207760, +3.05, +23.662,  -0.09073, -180.000, +1248.000, +738.000
1622207820, +3.05, +23.654,  +0.06100, -184.000, +1286.000, +720.000
1622207880, +3.05, +23.646,  -0.08454, -194.000, +1164.000, +839.000
1622207940, +3.05, +23.671,  -0.07525, -184.000, +1260.000, +728.000
1622208000, +3.05, +23.662,  +0.00836, -196.000, +1166.000, +844.000
1622208060, +3.05, +23.662,  -0.18363, -200.000, +1167.000, +846.000
1622208120, +3.05, +23.637,  -0.09073, -180.000, +1265.000, +723.000
1622208180, +3.05, +23.646,  -0.06905, -184.000, +1243.000, +748.000
1622208240, +3.05, +23.654,  -0.14647, -186.000, +1286.000, +732.000
1622208300, +3.05, +23.654,  -0.06286, -184.000, +1275.000, +718.000
1622208360, +3.05, +23.662,  +0.04552, -196.000, +1164.000, +844.000
1622208420, +3.05, +23.646,  -0.07525, -180.000, +1256.000, +736.000
1622208480, +3.05, +23.671,  +0.03623, -180.000, +1272.000, +716.000
1622208540, +3.05, +23.679,  +0.00836, -184.000, +1287.000, +720.000
1622208600, +3.05, +23.637,  -0.02880, -188.000, +1287.000, +736.000
1622208660, +3.05, +23.662,  -0.00093, -186.000, +1287.000, +723.000
1622208720, +3.05, +23.671,  -0.02261, -180.000, +1267.000, +726.000
1622208780, +3.05, +23.646,  -0.05357, -180.000, +1246.000, +742.000
1622208840, +3.05, +23.671,  +0.00217, -180.000, +1272.000, +720.000
1622208900, +3.05, +23.671,  -0.19911, -180.000, +1235.000, +759.000
1622208960, +3.05, +23.654,  -0.12789, -184.000, +1287.000, +728.000
1622209020, +3.05, +23.654,  -0.07834, -188.000, +1287.000, +728.000
1622209080, +3.05, +23.679,  -0.04738, -194.000, +1164.000, +844.000
1622209140, +3.05, +23.662,  -0.05976, -196.000, +1167.000, +846.000
1622209200, +3.05, +23.671,  -0.05047, -184.000, +1283.000, +716.000
1622209260, +3.05, +23.679,  +0.05481, -196.000, +1166.000, +839.000
1622209320, +3.05, +23.671,  -0.08144, -196.000, +1166.000, +841.000
1622209380, +3.05, +23.687,  -0.13099, -184.000, +1278.000, +716.000
1622209440, +3.05, +23.679,  -0.05976, -180.000, +1243.000, +750.000
1622209500, +3.05, +23.679,  -0.06286, -196.000, +1164.000, +844.000
1622209560, +3.05, +23.679,  +0.01765, -196.000, +1164.000, +839.000
1622209620, +3.05, +23.687,  +0.07029, -180.000, +1244.000, +744.000
1622209680, +3.05, +23.679,  +0.06720, -192.000, +1283.000, +748.000
1622209740, +3.05, +23.687,  -0.05047, -184.000, +1228.000, +761.000
1622209800, +3.05, +23.687,  -0.02880, -180.000, +1270.000, +720.000
1622209860, +3.05, +23.679,  -0.09073, -180.000, +1264.000, +724.000
1622209920, +3.05, +23.696,  -0.01022, -186.000, +1287.000, +720.000
1622209980, +3.05, +23.696,  +0.13222, -194.000, +1164.000, +844.000
1622210040, +3.05, +23.696,  -0.00403, -180.000, +1223.000, +764.000
1622210100, +3.05, +23.679,  +0.03313, -184.000, +1286.000, +718.000
1622210160, +3.05, +23.679,  -0.08144, -180.000, +1223.000, +761.000
1622210220, +3.05, +23.696,  +0.00526, -184.000, +1283.000, +716.000
1622210280, +3.05, +23.679,  -0.02880, -200.000, +1174.000, +851.000
1622210340, +3.05, +23.687,  -0.00093, -184.000, +1232.000, +761.000
1622210400, +3.05, +23.687,  -0.15885, -184.000, +1240.000, +755.000
1622210460, +3.05, +23.687,  +0.01765, -192.000, +1283.000, +748.000
1622210520, +3.05, +23.696,  +0.09507, -180.000, +1255.000, +737.000
1622210580, +3.05, +23.696,  -0.01951, -196.000, +1164.000, +844.000
1622210640, +3.05, +23.696,  -0.04738, -184.000, +1279.000, +716.000
1622210700, +3.05, +23.696,  +0.03004, -196.000, +1166.000, +843.000
1622210760, +3.05, +23.704,  -0.07215, -180.000, +1264.000, +726.000
1622210820, +3.05, +23.712,  -0.01332, -180.000, +1257.000, +732.000
1622210880, +3.05, +23.696,  -0.15576, -184.000, +1255.000, +734.000
1622210940, +3.05, +23.721,  -0.01951, -196.000, +1164.000, +841.000
1622211000, +3.05, +23.704,  -0.00093, -197.000, +1164.000, +844.000
1622211060, +3.05, +23.721,  -0.05047, -180.000, +1276.000, +712.000
1622211120, +3.05, +23.704,  -0.03499, -193.000, +1164.000, +844.000
1622211180, +3.05, +23.696,  +0.07958, -186.000, +1286.000, +736.000
1622211240, +3.05, +23.729,  -0.05047, -180.000, +1273.000, +718.000
1622211300, +3.05, +23.696,  -0.01022, -180.000, +1236.000, +758.000
1622211360, +3.05, +23.712,  -0.04738, -192.000, +1286.000, +742.000
1622211420, +3.05, +23.712,  +0.00217, -184.000, +1273.000, +718.000
1622211480, +3.05, +23.712,  +0.03004, -180.000, +1248.000, +740.000
1622211540, +3.05, +23.721,  -0.06286, -196.000, +1163.000, +840.000
1622211600, +3.05, +23.696,  -0.01951, -200.000, +1168.000, +847.000
1622211660, +3.05, +23.721,  -0.07834, -180.000, +1260.000, +726.000
1622211720, +3.05, +23.737,  +0.05171, -200.000, +1168.000, +848.000
1622211780, +3.05, +23.704,  -0.01951, -180.000, +1268.000, +720.000
1622211840, +3.05, +23.721,  -0.03189, -186.000, +1287.000, +721.000
1622211900, +3.05, +23.721,  -0.02261, -180.000, +1244.000, +747.000
1622211960, +3.05, +23.721,  +0.06100, -186.000, +1287.000, +720.000
1622212020, +3.05, +23.729,  +0.03004, -180.000, +1244.000, +753.000
1622212080, +3.05, +23.721,  +0.01146, -192.000, +1278.000, +758.000
1622212140, +3.05, +23.704,  -0.06905, -192.000, +1283.000, +748.000
1622212200, +3.05, +23.712,  +0.01455, -180.000, +1267.000, +721.000
1622212260, +3.05, +23.721,  -0.06286, -180.000, +1248.000, +739.000
1622212320, +3.05, +23.712,  +0.04242, -196.000, +1164.000, +840.000
1622212380, +3.05, +23.729,  +0.02694, -180.000, +1267.000, +723.000
1622212440, +3.05, +23.729,  -0.05976, -180.000, +1279.000, +718.000
1622212500, +3.05, +23.721,  -0.05667, -186.000, +1288.000, +732.000
1622212560, +3.05, +23.729,  -0.07215, -180.000, +1240.000, +767.000
1622212620, +3.05, +23.746,  -0.04118, -197.000, +1167.000, +841.000
1622212680, +3.05, +23.712,  -0.05667, -180.000, +1240.000, +751.000
1622212740, +3.05, +23.763,  -0.12479, -184.000, +1283.000, +718.000
1622212800, +3.05, +23.754,  +0.14771, -189.000, +1287.000, +742.000
1622212860, +3.05, +23.746,  -0.06596, -180.000, +1248.000, +739.000
1622212920, +3.05, +23.737,  -0.14337, -184.000, +1279.000, +716.000
1622212980, +3.05, +23.754,  -0.13718, -180.000, +1267.000, +720.000
1622213040, +3.05, +23.754,  -0.01951, -184.000, +1287.000, +736.000
1622213100, +3.05, +23.737,  -0.08454, -196.000, +1164.000, +839.000
1622213160, +3.05, +23.729,  -0.05357, -180.000, +1236.000, +753.000
1622213220, +3.05, +23.754,  -0.11550, -184.000, +1254.000, +740.000
1622213280, +3.05, +23.763,  -0.00093, -186.000, +1287.000, +721.000
1622213340, +3.05, +23.721,  -0.04118, -184.000, +1283.000, +718.000
1622213400, +3.05, +23.729,  -0.00712, -192.000, +1283.000, +748.000
1622213460, +3.05, +23.763,  +0.00217, -184.000, +1278.000, +720.000
1622213520, +3.05, +23.754,  +0.07339, -184.000, +1283.000, +719.000
1622213580, +3.05, +23.737,  +0.03623, -184.000, +1276.000, +719.000
1622213640, +3.05, +23.763,  -0.05976, -192.000, +1279.000, +760.000
1622213700, +3.05, +23.763,  +0.02075, -184.000, +1286.000, +716.000
1622213760, +3.05, +23.763,  -0.10002, -184.000, +1276.000, +716.000
1622213820, +3.05, +23.729,  -0.02261, -184.000, +1281.000, +716.000
1622213880, +3.05, +23.763,  -0.03189, -184.000, +1284.000, +719.000
1622213940, +3.05, +23.737,  -0.08144, -192.000, +1276.000, +771.000
1622214000, +3.05, +23.746,  -0.10621, -200.000, +1171.000, +848.000
1622214060, +3.05, +23.763,  -0.06286, -184.000, +1248.000, +742.000
1622214120, +3.05, +23.754,  -0.07834, -186.000, +1286.000, +719.000
1622214180, +3.05, +23.754,  -0.04428, -184.000, +1284.000, +719.000
1622214240, +3.05, +23.763,  -0.11860, -189.000, +1287.000, +723.000
1622214300, +3.05, +23.763,  -0.03809, -194.000, +1164.000, +844.000
1622214360, +3.05, +23.771,  +0.00217, -188.000, +1287.000, +731.000
1622214420, +3.05, +23.721,  -0.03809, -180.000, +1263.000, +728.000
1622214480, +3.05, +23.763,  -0.03499, -180.000, +1239.000, +751.000
1622214540, +3.05, +23.746,  -0.07834, -180.000, +1264.000, +724.000
1622214600, +3.05, +23.771,  +0.01146, -192.000, +1283.000, +750.000
1622214660, +3.05, +23.771,  +0.03004, -184.000, +1247.000, +742.000
1622214720, +3.05, +23.763,  -0.04428, -189.000, +1286.000, +739.000
1622214780, +3.05, +23.754,  -0.01641, -186.000, +1287.000, +726.000
1622214840, +3.05, +23.737,  -0.03809, -192.000, +1283.000, +760.000
1622214900, +3.05, +23.779,  -0.07834, -196.000, +1164.000, +840.000
1622214960, +3.05, +23.779,  +0.07029, -180.000, +1267.000, +720.000
1622215020, +3.05, +23.771,  +0.04552, -192.000, +1283.000, +748.000
1622215080, +3.05, +23.771,  -0.03809, -184.000, +1283.000, +720.000
1622215140, +3.05, +23.771,  +0.03004, -180.000, +1240.000, +755.000
1622215200, +3.05, +23.763,  -0.01022, -184.000, +1287.000, +724.000
1622215260, +3.05, +23.771,  +0.01765, -194.000, +1166.000, +840.000
1622215320, +3.05, +23.779,  +0.06410, -192.000, +1286.000, +743.000
1622215380, +3.05, +23.788,  -0.11241, -184.000, +1284.000, +720.000
1622215440, +3.05, +23.771,  +0.00526, -184.000, +1244.000, +767.000
1622215500, +3.05, +23.779,  +0.03933, -184.000, +1272.000, +716.000
1622215560, +3.05, +23.779,  -0.06596, -194.000, +1164.000, +841.000
1622215620, +3.05, +23.771,  +0.01765, -186.000, +1287.000, +732.000
1622215680, +3.05, +23.746,  -0.15885, -180.000, +1256.000, +732.000
1622215740, +3.05, +23.788,  -0.14028, -180.000, +1248.000, +740.000
1622215800, +3.05, +23.788,  -0.02570, -192.000, +1283.000, +744.000
1622215860, +3.05, +23.779,  +0.09197, -192.000, +1279.000, +758.000
1622215920, +3.05, +23.779,  -0.04118, -192.000, +1278.000, +763.000
1622215980, +3.05, +23.796,  +0.11055, -180.000, +1262.000, +728.000
1622216040, +3.05, +23.779,  +0.03004, -192.000, +1278.000, +761.000
1622216100, +3.05, +23.796,  -0.01022, -180.000, +1254.000, +736.000
1622216160, +3.05, +23.779,  +0.05171, -184.000, +1276.000, +718.000
1622216220, +3.05, +23.796,  -0.05976, -186.000, +1286.000, +728.000
1622216280, +3.05, +23.788,  -0.02570, -192.000, +1281.000, +753.000
1622216340, +3.05, +23.796,  -0.00403, -184.000, +1264.000, +723.000
1622216400, +3.05, +23.796,  -0.03809, -184.000, +1272.000, +718.000
1622216460, +3.05, +23.788,  +0.00526, -193.000, +1164.000, +840.000
1622216520, +3.05, +23.771,  -0.03189, -196.000, +1166.000, +841.000
1622216580, +3.05, +23.788,  -0.10312, -180.000, +1283.000, +713.000
1622216640, +3.05, +23.796,  +0.03933, -186.000, +1287.000, +720.000
1622216700, +3.05, +23.779,  +0.00217, -180.000, +1267.000, +720.000
1622216760, +3.05, +23.779,  -0.02570, -180.000, +1244.000, +753.000
1622216820, +3.05, +23.754,  +0.04242, -184.000, +1286.000, +728.000
1622216880, +3.05, +23.796,  -0.07525, -184.000, +1240.000, +753.000
1622216940, +3.05, +23.804,  -0.02880, -189.000, +1287.000, +737.000
1622217000, +3.05, +23.796,  -0.03189, -189.000, +1284.000, +742.000
1622217060, +3.05, +23.788,  +0.02075, -192.000, +1283.000, +752.000
1622217120, +3.05, +23.763,  -0.01332, -192.000, +1287.000, +744.000
1622217180, +3.05, +23.804,  +0.03933, -184.000, +1287.000, +719.000
1622217240, +3.05, +23.788,  +0.02694, -184.000, +1272.000, +718.000
1622217300, +3.05, +23.779,  -0.05357, -196.000, +1166.000, +839.000
1622217360, +3.05, +23.813,  -0.02261, -196.000, +1265.000, +792.000
1622217420, +3.05, +23.796,  -0.01022, -180.000, +1247.000, +743.000
1622217480, +3.05, +23.788,  -0.01951, -194.000, +1166.000, +844.000
1622217540, +3.05, +23.813,  +0.13532, -192.000, +1283.000, +752.000
1622217600, +3.05, +23.813,  +0.01146, -184.000, +1287.000, +723.000
1622217660, +3.05, +23.804,  -0.05976, -192.000, +1283.000, +752.000
1622217720, +3.05, +23.788,  -0.05667, -180.000, +1267.000, +720.000
1622217780, +3.05, +23.796,  +0.02075, -192.000, +1283.000, +752.000
1622217840, +3.05, +23.804,  -0.13408, -186.000, +1286.000, +724.000
1622217900, +3.05, +23.788,  -0.08144, -196.000, +1166.000, +841.000
1622217960, +3.05, +23.796,  -0.00712, -194.000, +1167.000, +844.000
1622218020, +3.05, +23.804,  -0.04738, -180.000, +1240.000, +750.000
1622218080, +3.05, +23.788,  -0.00403, -184.000, +1283.000, +716.000
1622218140, +3.05, +23.821,  +0.00526, -192.000, +1287.000, +743.000
1622218200, +3.05, +23.771,  -0.01951, -184.000, +1279.000, +718.000
1622218260, +3.05, +23.804,  -0.06596, -192.000, +1283.000, +743.000
1622218320, +3.05, +23.821,  +0.07339, -184.000, +1286.000, +719.000
1622218380, +3.05, +23.804,  -0.02570, -196.000, +1262.000, +796.000
1622218440, +3.05, +23.813,  -0.07215, -196.000, +1271.000, +784.000
1622218500, +3.05, +23.804,  +0.11055, -184.000, +1286.000, +719.000
1622218560, +3.05, +23.821,  +0.06100, -180.000, +1271.000, +718.000
1622218620, +3.05, +23.804,  +0.06100, -186.000, +1283.000, +719.000
1622218680, +3.05, +23.813,  -0.02261, -184.000, +1262.000, +728.000
1622218740, +3.05, +23.821,  +0.07339, -184.000, +1278.000, +716.000
1622218800, +3.05, +23.804,  +0.02075, -180.000, +1216.000, +759.000
1622218860, +3.05, +23.804,  -0.03499, -184.000, +1286.000, +719.000
1622218920, +3.05, +23.804,  +0.03313, -180.000, +1264.000, +728.000
1622218980, +3.05, +23.821,  +0.05171, -184.000, +1276.000, +716.000
1622219040, +3.05, +23.813,  -0.06905, -180.000, +1248.000, +739.000
1622219100, +3.05, +23.829,  +0.05791, -180.000, +1276.000, +716.000
1622219160, +3.05, +23.821,  +0.06410, -186.000, +1287.000, +728.000
1622219220, +3.05, +23.796,  +0.02384, -180.000, +1255.000, +735.000
1622219280, +3.05, +23.821,  -0.04738, -180.000, +1249.000, +736.000
1622219340, +3.05, +23.821,  +0.03004, -196.000, +1167.000, +844.000
1622219400, +3.05, +23.829,  +0.01455, -184.000, +1264.000, +724.000
1622219460, +3.05, +23.829,  +0.01146, -189.000, +1286.000, +743.000
1622219520, +3.05, +23.829,  +0.05481, -184.000, +1286.000, +719.000
1622219580, +3.05, +23.813,  -0.08144, -188.000, +1286.000, +732.000
1622219640, +3.05, +23.829,  -0.01332, -180.000, +1276.000, +716.000
1622219700, +3.05, +23.829,  -0.03809, -188.000, +1288.000, +736.000
1622219760, +3.05, +23.838,  +0.02384, -194.000, +1161.000, +841.000
1622219820, +3.05, +23.804,  +0.15390, -180.000, +1223.000, +759.000
1622219880, +3.05, +23.829,  +0.01455, -180.000, +1271.000, +718.000
1622219940, +3.05, +23.829,  +0.02384, -192.000, +1281.000, +756.000
1622220000, +3.05, +23.813,  +0.03933, -180.000, +1281.000, +718.000
1622220060, +3.05, +23.838,  +0.01765, -184.000, +1278.000, +718.000
1622220120, +3.05, +23.838,  +0.01765, -180.000, +1247.000, +743.000
1622220180, +3.05, +23.838,  -0.00712, -196.000, +1271.000, +784.000
1622220240, +3.05, +23.821,  +0.07958, -184.000, +1278.000, +713.000
1622220300, +3.05, +23.838,  -0.00712, -188.000, +1286.000, +742.000
1622220360, +3.05, +23.829,  -0.00403, -189.000, +1286.000, +740.000
1622220420, +3.05, +23.838,  +0.04862, -184.000, +1286.000, +718.000
1622220480, +3.05, +23.838,  +0.08887, -192.000, +1276.000, +776.000
1622220540, +3.05, +23.821,  +0.09816, -184.000, +1272.000, +719.000
1622220600, +3.05, +23.838,  +0.17248, -192.000, +1279.000, +760.000
1622220660, +3.05, +23.821,  -0.01951, -196.000, +1257.000, +807.000
1622220720, +3.05, +23.821,  -0.04428, -180.000, +1260.000, +728.000
1622220780, +3.05, +23.829,  +0.07958, -192.000, +1281.000, +760.000
1622220840, +3.05, +23.838,  -0.02261, -192.000, +1286.000, +748.000
1622220900, +3.05, +23.821,  +0.06100, -184.000, +1286.000, +719.000
1622220960, +3.05, +23.854,  +0.04242, -196.000, +1164.000, +844.000
1622221020, +3.05, +23.829,  +0.06410, -192.000, +1283.000, +752.000
1622221080, +3.05, +23.846,  +0.14771, -186.000, +1287.000, +728.000
1622221140, +3.05, +23.846,  +0.21274, -192.000, +1276.000, +764.000
1622221200, +3.05, +23.854,  +0.32112, -184.000, +1286.000, +718.000
1622221260, +3.05, +23.863,  +0.26538, -186.000, +1287.000, +728.000
1622221320, +3.05, +23.863,  +0.41711, -192.000, +1283.000, +748.000
1622221380, +3.05, +23.838,  +0.46666, -192.000, +1272.000, +776.000
1622221440, +3.05, +23.863,  +0.48214, -196.000, +1166.000, +841.000
1622221500, +3.05, +23.863,  +0.59362, -184.000, +1244.000, +763.000
1622221560, +3.05, +23.871,  +0.52549, -184.000, +1283.000, +720.000
1622221620, +3.05, +23.846,  +0.59052, -184.000, +1283.000, +719.000
1622221680, +3.05, +23.863,  +0.58433, -180.000, +1246.000, +758.000
1622221740, +3.05, +23.879,  +0.55646, -192.000, +1286.000, +744.000
1622221800, +3.05, +23.863,  +0.55646, -192.000, +1283.000, +752.000
1622221860, +3.05, +23.888,  +0.64006, -184.000, +1279.000, +716.000
1622221920, +3.05, +23.879,  +0.64935, -180.000, +1223.000, +763.000
1622221980, +3.05, +23.888,  +0.62148, -196.000, +1268.000, +783.000
1622222040, +3.05, +23.871,  +0.66174, -192.000, +1267.000, +787.000
1622222100, +3.05, +23.871,  +0.61529, -192.000, +1276.000, +768.000
1622222160, +3.05, +23.821,  +0.54407, -184.000, +1244.000, +763.000
1622222220, +3.05, +23.854,  +0.49452, -192.000, +1283.000, +748.000
1622222280, +3.05, +23.854,  +0.55646, -192.000, +1275.000, +772.000
1622222340, +3.05, +23.846,  +0.65555, -196.000, +1276.000, +772.000
1622222400, +3.05, +23.871,  +0.55336, -184.000, +1251.000, +736.000
1622222460, +3.05, +23.829,  +0.51930, -184.000, +1278.000, +712.000
1622222520, +3.05, +23.846,  +0.51001, -184.000, +1264.000, +728.000
1622222580, +3.05, +23.854,  +0.47285, -184.000, +1287.000, +732.000
1622222640, +3.05, +23.829,  +0.53788, -180.000, +1278.000, +716.000
1622222700, +3.05, +23.829,  +0.47594, -188.000, +1287.000, +726.000
1622222760, +3.05, +23.813,  +0.50072, -180.000, +1244.000, +751.000
1622222820, +3.05, +23.813,  +0.44808, -184.000, +1283.000, +716.000
1622222880, +3.05, +23.813,  +0.62148, -197.000, +1164.000, +840.000
1622222940, +3.05, +23.813,  +0.52549, -184.000, +1281.000, +718.000
1622223000, +3.05, +23.796,  +0.42950, -180.000, +1249.000, +738.000
1622223060, +3.05, +23.813,  +0.49452, -184.000, +1272.000, +720.000
1622223120, +3.05, +23.796,  +0.46046, -186.000, +1286.000, +736.000
1622223180, +3.05, +23.763,  +0.48523, -192.000, +1286.000, +744.000
1622223240, +3.05, +23.796,  +0.55026, -184.000, +1281.000, +720.000
1622223300, +3.05, +23.763,  +0.52239, -180.000, +1240.000, +761.000
1622223360, +3.05, +23.763,  +0.48833, -196.000, +1164.000, +846.000
1622223420, +3.05, +23.763,  +0.49143, -188.000, +1286.000, +732.000
1622223480, +3.05, +23.754,  +0.50072, -192.000, +1279.000, +758.000
1622223540, +3.05, +23.763,  +0.39234, -192.000, +1283.000, +752.000
1622223600, +3.05, +23.746,  +0.47594, -180.000, +1272.000, +720.000
1622223660, +3.05, +23.754,  +0.50072, -184.000, +1284.000, +719.000
1622223720, +3.05, +23.763,  +0.44188, -180.000, +1264.000, +720.000
1622223780, +3.05, +23.737,  +0.53168, -196.000, +1166.000, +844.000
1622223840, +3.05, +23.754,  +0.50381, -184.000, +1286.000, +719.000
1622223900, +3.05, +23.754,  +0.42640, -180.000, +1279.000, +716.000
1622223960, +3.05, +23.746,  +0.36756, -180.000, +1255.000, +732.000
1622224020, +3.05, +23.729,  +0.34279, -184.000, +1240.000, +761.000
1622224080, +3.05, +23.729,  +0.38924, -186.000, +1288.000, +737.000
1622224140, +3.05, +23.721,  +0.34279, -180.000, +1254.000, +739.000
1622224200, +3.05, +23.746,  +0.29634, -184.000, +1273.000, +719.000
1622224260, +3.05, +23.704,  +0.33970, -196.000, +1264.000, +796.000
1622224320, +3.05, +23.737,  +0.27776, -192.000, +1272.000, +776.000
1622224380, +3.05, +23.737,  +0.29015, -184.000, +1279.000, +716.000
1622224440, +3.05, +23.721,  +0.29944, -188.000, +1283.000, +742.000
1622224500, +3.05, +23.737,  +0.30254, -184.000, +1241.000, +765.000
1622224560, +3.05, +23.746,  +0.24680, -190.000, +1283.000, +748.000
1622224620, +3.05, +23.729,  +0.25918, -186.000, +1287.000, +736.000
1622224680, +3.05, +23.704,  +0.27157, -184.000, +1276.000, +718.000
1622224740, +3.05, +23.729,  +0.29944, -184.000, +1268.000, +721.000
1622224800, +3.05, +23.721,  +0.24680, -196.000, +1164.000, +839.000
1622224860, +3.05, +23.687,  +0.16009, -196.000, +1164.000, +843.000
1622224920, +3.05, +23.721,  +0.26228, -199.000, +1167.000, +844.000
1622224980, +3.05, +23.712,  +0.31183, -180.000, +1248.000, +739.000
1622225040, +3.05, +23.704,  +0.27467, -180.000, +1257.000, +729.000
1622225100, +3.05, +23.654,  +0.26538, -184.000, +1248.000, +758.000
1622225160, +3.05, +23.712,  +0.16938, -184.000, +1246.000, +744.000
1622225220, +3.05, +23.704,  +0.14771, -192.000, +1276.000, +768.000
1622225280, +3.05, +23.679,  +0.18487, -196.000, +1167.000, +844.000
1622225340, +3.04, +23.696,  +0.23751, -184.000, +1272.000, +716.000
1622225400, +3.05, +23.654,  +0.34279, -192.000, +1281.000, +752.000
1622225460, +3.05, +23.687,  +0.26228, -180.000, +1264.000, +724.000
1622225520, +3.05, +23.687,  +0.24989, -192.000, +1278.000, +768.000
1622225580, +3.05, +23.637,  +0.16938, -188.000, +1241.000, +767.000
1622225640, +3.05, +23.679,  +0.23751, -184.000, +1248.000, +742.000
1622225700, +3.05, +23.646,  +0.27157, -184.000, +1255.000, +739.000
1622225760, +3.04, +23.671,  +0.25299, -180.000, +1248.000, +742.000
1622225820, +3.05, +23.671,  +0.15080, -184.000, +1273.000, +716.000
1622225880, +3.05, +23.662,  +0.13842, -176.000, +1264.000, +726.000
1622225940, +3.05, +23.646,  +0.35518, -196.000, +1164.000, +844.000
1622226000, +3.05, +23.646,  +0.16629, -184.000, +1244.000, +767.000
1622226060, +3.05, +23.654,  +0.16629, -200.000, +1185.000, +857.000
1622226120, +3.05, +23.654,  +0.24989, -204.000, +1184.000, +856.000
1622226180, +3.04, +23.646,  +0.30873, -194.000, +1166.000, +844.000
1622226240, +3.05, +23.646,  +0.35827, -196.000, +1166.000, +839.000
1622226300, +3.05, +23.621,  +0.23131, -184.000, +1287.000, +723.000
1622226360, +3.05, +23.604,  +0.22512, -180.000, +1272.000, +720.000
1622226420, +3.05, +23.604,  +0.17248, -176.000, +1260.000, +728.000
1622226480, +3.05, +23.604,  +0.24989, -184.000, +1244.000, +751.000
1622226540, +3.05, +23.612,  +0.31492, -186.000, +1283.000, +732.000
1622226600, +3.05, +23.612,  +0.27157, -196.000, +1164.000, +841.000
1622226660, +3.05, +23.604,  +0.16938, -199.000, +1167.000, +844.000
1622226720, +3.04, +23.604,  +0.33970, -184.000, +1264.000, +726.000
1622226780, +3.04, +23.596,  +0.22512, -196.000, +1166.000, +839.000
1622226840, +3.04, +23.587,  +0.11674, -184.000, +1275.000, +720.000
1622226900, +3.04, +23.579,  +0.13222, -180.000, +1270.000, +721.000
1622226960, +3.05, +23.604,  +0.30563, -180.000, +1244.000, +759.000
1622227020, +3.05, +23.570,  +0.16629, -194.000, +1164.000, +839.000
1622227080, +3.05, +23.596,  +0.35208, -180.000, +1251.000, +742.000
1622227140, +3.04, +23.570,  +0.21893, -196.000, +1166.000, +840.000
1622227200, +3.04, +23.587,  +0.27776, -200.000, +1200.000, +860.000
1622227260, +3.05, +23.579,  +0.26847, -196.000, +1166.000, +839.000
1622227320, +3.05, +23.570,  +0.12603, -184.000, +1248.000, +737.000
1622227380, +3.04, +23.596,  +0.26538, -200.000, +1176.000, +852.000
1622227440, +3.04, +23.570,  +0.23751, -200.000, +1167.000, +846.000
1622227500, +3.05, +23.579,  +0.30254, -200.000, +1168.000, +851.000
1622227560, +3.05, +23.579,  +0.28705, -194.000, +1166.000, +841.000
1622227620, +3.05, +23.562,  +0.28396, -184.000, +1287.000, +720.000
1622227680, +3.05, +23.554,  +0.34279, -200.000, +1166.000, +846.000
1622227740, +3.04, +23.554,  +0.29015, -196.000, +1167.000, +844.000
1622227800, +3.04, +23.554,  +0.29634, -200.000, +1171.000, +852.000
1622227860, +3.04, +23.520,  +0.31492, -200.000, +1183.000, +856.000
1622227920, +3.05, +23.537,  +0.28396, -199.000, +1168.000, +848.000
1622227980, +3.05, +23.520,  +0.13842, -197.000, +1166.000, +839.000
1622228040, +3.04, +23.529,  +0.20654, -200.000, +1167.000, +846.000
1622228100, +3.04, +23.529,  +0.33041, -200.000, +1174.000, +851.000
1622228160, +3.04, +23.537,  +0.29634, -200.000, +1168.000, +844.000
1622228220, +3.04, +23.529,  +0.20035, -200.000, +1169.000, +848.000
1622228280, +3.04, +23.529,  +0.32421, -199.000, +1175.000, +851.000
1622228340, +3.04, +23.520,  +0.35518, -200.000, +1212.000, +860.000
1622228400, +3.05, +23.520,  +0.31802, -202.000, +1187.000, +860.000
1622228460, +3.04, +23.520,  +0.23441, -200.000, +1223.000, +851.000
1622228520, +3.04, +23.495,  +0.22512, -200.000, +1183.000, +854.000
1622228580, +3.04, +23.512,  +0.29944, -199.000, +1169.000, +848.000
1622228640, +3.04, +23.512,  +0.19416, -200.000, +1235.000, +844.000
1622228700, +3.04, +23.504,  +0.33350, -200.000, +1235.000, +840.000
1622228760, +3.04, +23.495,  +0.14151, -200.000, +1171.000, +849.000
1622228820, +3.04, +23.462,  +0.19725, -200.000, +1183.000, +856.000
1622228880, +3.04, +23.462,  +0.25609, -200.000, +1169.000, +849.000
1622228940, +3.04, +23.487,  +0.17558, -196.000, +1164.000, +844.000
1622229000, +3.04, +23.479,  +0.39234, -200.000, +1176.000, +856.000
1622229060, +3.04, +23.454,  +0.14151, -194.000, +1164.000, +844.000
1622229120, +3.04, +23.445,  +0.27467, -196.000, +1176.000, +848.000
1622229180, +3.04, +23.462,  +0.28705, -200.000, +1176.000, +854.000
1622229240, +3.04, +23.420,  +0.24060, -200.000, +1231.000, +844.000
1622229300, +3.04, +23.437,  +0.27776, -200.000, +1240.000, +836.000
1622229360, +3.04, +23.454,  +0.17867, -200.000, +1168.000, +847.000
1622229420, +3.04, +23.420,  +0.20964, -200.000, +1183.000, +856.000
1622229480, +3.04, +23.420,  +0.24680, -200.000, +1225.000, +848.000
1622229540, +3.04, +23.403,  +0.22822, -196.000, +1235.000, +846.000
1622229600, +3.04, +23.412,  +0.20654, -200.000, +1235.000, +840.000
1622229660, +3.04, +23.403,  +0.25918, -200.000, +1240.000, +840.000
1622229720, +3.04, +23.395,  +0.19725, -196.000, +1166.000, +840.000
1622229780, +3.04, +23.378,  +0.16938, -200.000, +1169.000, +847.000
1622229840, +3.04, +23.378,  +0.16319, -192.000, +1272.000, +776.000
1622229900, +3.04, +23.370,  +0.25299, -200.000, +1200.000, +860.000
1622229960, +3.04, +23.362,  +0.18487, -200.000, +1223.000, +849.000
1622230020, +3.04, +23.362,  +0.22512, -204.000, +1182.000, +851.000
1622230080, +3.04, +23.345,  +0.36756, -200.000, +1231.000, +848.000
1622230140, +3.04, +23.345,  +0.21274, -200.000, +1230.000, +844.000
1622230200, +3.04, +23.337,  +0.29634, -200.000, +1255.000, +816.000
1622230260, +3.04, +23.337,  +0.26847, -200.000, +1216.000, +856.000
1622230320, +3.04, +23.353,  +0.29325, -202.000, +1228.000, +848.000
1622230380, +3.04, +23.328,  +0.19725, -199.000, +1168.000, +846.000
1622230440, +3.04, +23.345,  +0.25299, -200.000, +1180.000, +854.000
1622230500, +3.04, +23.320,  +0.26228, -200.000, +1228.000, +848.000
1622230560, +3.04, +23.303,  +0.19416, -200.000, +1174.000, +848.000
1622230620, +3.04, +23.303,  +0.18796, -192.000, +1281.000, +752.000
1622230680, +3.04, +23.303,  +0.28086, -196.000, +1272.000, +780.000
1622230740, +3.04, +23.303,  +0.19725, -200.000, +1171.000, +848.000
1622230800, +3.04, +23.303,  +0.13842, -192.000, +1272.000, +775.000
1622230860, +3.04, +23.286,  +0.24370, -200.000, +1231.000, +847.000
1622230920, +3.04, +23.295,  +0.14151, -192.000, +1283.000, +761.000
1622230980, +3.04, +23.278,  +0.23751, -196.000, +1276.000, +772.000
1622231040, +3.04, +23.253,  +0.17248, -200.000, +1231.000, +844.000
1622231100, +3.04, +23.286,  +0.20035, -196.000, +1180.000, +848.000
1622231160, +3.04, +23.261,  +0.20345, -200.000, +1235.000, +835.000
1622231220, +3.04, +23.270,  +0.16319, -200.000, +1228.000, +847.000
1622231280, +3.04, +23.261,  +0.16938, -200.000, +1236.000, +840.000
1622231340, +3.04, +23.228,  +0.17867, -200.000, +1240.000, +838.000
1622231400, +3.04, +23.211,  +0.12293, -200.000, +1240.000, +839.000
1622231460, +3.04, +23.245,  +0.14151, -192.000, +1286.000, +758.000
1622231520, +3.04, +23.211,  +0.17248, -200.000, +1240.000, +835.000
1622231580, +3.04, +23.211,  +0.05171, -192.000, +1276.000, +775.000
1622231640, +3.04, +23.220,  +0.07649, -192.000, +1276.000, +771.000
1622231700, +3.04, +23.211,  +0.16319, -196.000, +1176.000, +848.000
1622231760, +3.04, +23.195,  +0.17867, -192.000, +1283.000, +758.000
1622231820, +3.04, +23.153,  +0.13532, -192.000, +1287.000, +752.000
1622231880, +3.04, +23.178,  +0.15700, -200.000, +1244.000, +833.000
1622231940, +3.04, +23.169,  +0.20035, -192.000, +1287.000, +744.000
1622232000, +3.04, +23.144,  +0.07029, -192.000, +1283.000, +755.000
1622232060, +3.04, +23.119,  +0.17867, -192.000, +1287.000, +748.000
1622232120, +3.04, +23.128,  +0.21583, -192.000, +1287.000, +752.000
1622232180, +3.04, +23.069,  +0.19416, -192.000, +1283.000, +760.000
1622232240, +3.04, +23.119,  +0.19725, -192.000, +1292.000, +736.000
1622232300, +3.04, +23.086,  +0.18487, -192.000, +1294.000, +734.000
1622232360, +3.04, +23.094,  +0.16319, -192.000, +1289.000, +745.000
1622232420, +3.04, +23.078,  +0.07649, -192.000, +1289.000, +742.000
1622232480, +3.04, +23.078,  +0.23441, -192.000, +1286.000, +755.000
1622232540, +3.04, +23.061,  +0.10745, -192.000, +1292.000, +740.000
1622232600, +3.04, +23.061,  +0.23131, -192.000, +1292.000, +729.000
1622232660, +3.04, +23.019,  +0.21583, -192.000, +1287.000, +748.000
1622232720, +3.04, +23.069,  +0.15390, -192.000, +1276.000, +771.000
1622232780, +3.04, +23.069,  +0.17558, -192.000, +1288.000, +744.000
1622232840, +3.04, +23.078,  +0.22822, -192.000, +1287.000, +752.000
1622232900, +3.04, +23.069,  +0.17248, -200.000, +1231.000, +840.000
1622232960, +3.04, +23.061,  +0.08268, -192.000, +1287.000, +752.000
1622233020, +3.04, +23.078,  +0.17558, -192.000, +1287.000, +750.000
1622233080, +3.04, +23.086,  +0.13842, -200.000, +1246.000, +832.000
1622233140, +3.04, +23.103,  +0.13222, -192.000, +1291.000, +748.000
1622233200, +3.04, +23.103,  +0.11055, -188.000, +1292.000, +734.000
1622233260, +3.04, +23.111,  +0.12293, -192.000, +1287.000, +755.000
1622233320, +3.04, +23.086,  +0.12293, -192.000, +1287.000, +752.000
1622233380, +3.04, +23.119,  +0.27776, -192.000, +1287.000, +752.000
1622233440, +3.04, +23.103,  +0.14461, -196.000, +1276.000, +776.000
1622233500, +3.04, +23.119,  +0.04242, -192.000, +1283.000, +760.000
1622233560, +3.04, +23.136,  +0.14151, -192.000, +1279.000, +768.000
1622233620, +3.04, +23.128,  +0.08268, -200.000, +1239.000, +838.000
1622233680, +3.04, +23.119,  +0.12293, -192.000, +1287.000, +752.000
1622233740, +3.04, +23.136,  +0.09197, -192.000, +1283.000, +760.000
1622233800, +3.04, +23.128,  +0.07649, -200.000, +1240.000, +832.000
1622233860, +3.04, +23.136,  +0.10435, -200.000, +1278.000, +774.000
1622233920, +3.04, +23.161,  +0.07339, -192.000, +1292.000, +739.000
1622233980, +3.04, +23.153,  +0.19416, -200.000, +1216.000, +848.000
1622234040, +3.04, +23.144,  -0.01022, -196.000, +1171.000, +839.000
1622234100, +3.04, +23.178,  +0.06720, -192.000, +1273.000, +776.000
1622234160, +3.04, +23.169,  +0.15700, -200.000, +1241.000, +832.000
1622234220, +3.04, +23.178,  -0.00712, -192.000, +1287.000, +755.000
1622234280, +3.04, +23.144,  +0.07649, -192.000, +1292.000, +736.000
1622234340, +3.04, +23.178,  +0.16319, -192.000, +1283.000, +755.000
1622234400, +3.04, +23.178,  +0.08887, -192.000, +1281.000, +769.000
1622234460, +3.04, +23.211,  +0.11055, -192.000, +1287.000, +753.000
1622234520, +3.04, +23.220,  +0.11984, -200.000, +1216.000, +851.000
1622234580, +3.04, +23.228,  +0.07958, -193.000, +1169.000, +832.000
1622234640, +3.04, +23.195,  +0.16009, -200.000, +1232.000, +840.000
1622234700, +3.04, +23.220,  +0.07339, -200.000, +1256.000, +814.000
1622234760, +3.04, +23.245,  +0.13842, -200.000, +1244.000, +832.000
1622234820, +3.04, +23.228,  +0.20345, -200.000, +1238.000, +840.000
1622234880, +3.04, +23.236,  +0.07029, -200.000, +1248.000, +824.000
1622234940, +3.04, +23.245,  +0.11984, -192.000, +1288.000, +750.000
1622235000, +3.04, +23.220,  +0.09197, -192.000, +1278.000, +768.000
1622235060, +3.04, +23.211,  +0.09816, -200.000, +1235.000, +839.000
1622235120, +3.04, +23.211,  +0.08268, -192.000, +1287.000, +752.000
1622235180, +3.04, +23.211,  +0.05791, -192.000, +1292.000, +739.000
1622235240, +3.04, +23.228,  +0.07029, -200.000, +1235.000, +839.000
1622235300, +3.04, +23.178,  +0.00526, -192.000, +1292.000, +739.000
1622235360, +3.04, +23.195,  +0.06100, -192.000, +1287.000, +752.000
1622235420, +3.04, +23.228,  +0.22512, -192.000, +1288.000, +744.000
1622235480, +3.04, +23.195,  +0.14151, -200.000, +1246.000, +828.000
1622235540, +3.04, +23.203,  +0.08268, -200.000, +1224.000, +844.000
1622235600, +3.04, +23.153,  +0.11984, -192.000, +1283.000, +758.000
1622235660, +3.04, +23.169,  +0.14771, -192.000, +1288.000, +752.000
1622235720, +3.04, +23.153,  +0.01455, -192.000, +1287.000, +755.000
1622235780, +3.04, +23.161,  +0.12913, -192.000, +1284.000, +755.000
1622235840, +3.04, +23.153,  -0.04118, -192.000, +1284.000, +760.000
1622235900, +3.04, +23.136,  -0.00712, -192.000, +1289.000, +742.000
1622235960, +3.04, +23.161,  +0.05791, -192.000, +1283.000, +758.000
1622236020, +3.04, +23.119,  +0.07339, -192.000, +1287.000, +760.000
1622236080, +3.04, +23.119,  +0.06720, -192.000, +1276.000, +771.000
1622236140, +3.04, +23.111,  +0.03623, -192.000, +1288.000, +748.000
1622236200, +3.04, +23.111,  +0.08268, -196.000, +1272.000, +783.000
1622236260, +3.04, +23.111,  +0.08578, -200.000, +1238.000, +836.000
1622236320, +3.04, +23.086,  +0.12603, -189.000, +1292.000, +736.000
1622236380, +3.04, +23.111,  +0.12293, -192.000, +1287.000, +748.000
1622236440, +3.04, +23.094,  +0.08268, -192.000, +1288.000, +752.000
1622236500, +3.04, +23.094,  +0.10435, -192.000, +1287.000, +744.000
1622236560, +3.04, +23.061,  +0.07958, -192.000, +1289.000, +744.000
1622236620, +3.04, +23.078,  +0.06410, -189.000, +1288.000, +744.000
1622236680, +3.04, +23.069,  +0.07029, -192.000, +1292.000, +743.000
1622236740, +3.04, +23.069,  +0.08887, -192.000, +1292.000, +739.000
1622236800, +3.04, +23.052,  +0.01765, -192.000, +1292.000, +736.000
1622236860, +3.04, +23.036,  +0.13842, -192.000, +1294.000, +732.000
1622236920, +3.04, +23.036,  +0.02075, -192.000, +1294.000, +736.000
1622236980, +3.04, +23.019,  +0.10126, -192.000, +1289.000, +736.000
1622237040, +3.04, +23.019,  +0.01146, -192.000, +1292.000, +732.000
1622237100, +3.04, +23.019,  +0.02075, -192.000, +1295.000, +728.000
1622237160, +3.04, +23.027,  +0.07958, -192.000, +1292.000, +736.000
1622237220, +3.04, +23.002,  +0.14771, -188.000, +1292.000, +734.000
1622237280, +3.04, +23.011,  +0.14151, -192.000, +1294.000, +736.000
1622237340, +3.04, +23.019,  +0.00526, -189.000, +1292.000, +732.000
1622237400, +3.04, +22.986,  +0.00526, -189.000, +1289.000, +732.000
1622237460, +3.04, +22.969,  +0.16938, -188.000, +1294.000, +729.000
1622237520, +3.04, +22.961,  +0.08268, -192.000, +1292.000, +734.000
1622237580, +3.04, +22.986,  +0.12603, -180.000, +1248.000, +743.000
1622237640, +3.04, +22.961,  +0.02075, -192.000, +1289.000, +744.000
1622237700, +3.04, +22.977,  +0.07958, -189.000, +1292.000, +732.000
1622237760, +3.04, +22.977,  +0.11984, -190.000, +1289.000, +736.000
1622237820, +3.04, +22.961,  +0.05171, -191.000, +1294.000, +728.000
1622237880, +3.04, +22.952,  -0.07834, -192.000, +1295.000, +728.000
1622237940, +3.04, +22.952,  +0.10745, -186.000, +1295.000, +718.000
1622238000, +3.04, +22.935,  -0.02880, -189.000, +1292.000, +736.000
1622238060, +3.04, +22.935,  +0.08578, -196.000, +1171.000, +833.000
1622238120, +3.04, +22.927,  +0.13842, -192.000, +1294.000, +736.000
1622238180, +3.04, +22.919,  +0.10435, -190.000, +1295.000, +728.000
1622238240, +3.04, +22.902,  +0.05481, -192.000, +1295.000, +726.000
1622238300, +3.04, +22.894,  +0.13222, -184.000, +1251.000, +751.000
1622238360, +3.04, +22.894,  +0.06720, -192.000, +1289.000, +736.000
1622238420, +3.04, +22.894,  +0.09507, -188.000, +1294.000, +732.000
1622238480, +3.04, +22.852,  +0.06410, -197.000, +1171.000, +831.000
1622238540, +3.04, +22.902,  +0.00836, -192.000, +1292.000, +728.000
1622238600, +3.04, +22.877,  +0.02384, -192.000, +1289.000, +740.000
1622238660, +3.04, +22.869,  +0.05171, -194.000, +1168.000, +833.000
1622238720, +3.04, +22.843,  +0.13222, -189.000, +1294.000, +724.000
1622238780, +3.04, +22.835,  +0.03004, -192.000, +1288.000, +748.000
1622238840, +3.04, +22.843,  -0.00403, -189.000, +1289.000, +737.000
1622238900, +3.04, +22.852,  -0.02261, -189.000, +1294.000, +728.000
1622238960, +3.04, +22.793,  +0.07029, -192.000, +1292.000, +734.000
1622239020, +3.04, +22.835,  +0.03313, -192.000, +1292.000, +736.000
1622239080, +3.04, +22.827,  +0.02694, -192.000, +1292.000, +736.000
1622239140, +3.04, +22.802,  +0.02075, -192.000, +1292.000, +737.000
1622239200, +3.04, +22.810,  +0.07029, -190.000, +1289.000, +739.000
1622239260, +3.04, +22.810,  +0.01455, -189.000, +1294.000, +732.000
1622239320, +3.04, +22.802,  -0.03809, -189.000, +1295.000, +723.000
1622239380, +3.04, +22.785,  +0.16938, -192.000, +1294.000, +736.000
1622239440, +3.04, +22.768,  +0.11984, -189.000, +1292.000, +732.000
1622239500, +3.04, +22.768,  +0.12913, -189.000, +1295.000, +728.000
1622239560, +3.04, +22.768,  +0.10126, -192.000, +1294.000, +729.000
1622239620, +3.04, +22.768,  +0.02694, -192.000, +1292.000, +736.000
1622239680, +3.04, +22.768,  -0.00403, -192.000, +1294.000, +728.000
1622239740, +3.04, +22.760,  +0.10745, -189.000, +1294.000, +728.000
1622239800, +3.04, +22.743,  +0.10745, -190.000, +1289.000, +736.000
1622239860, +3.04, +22.735,  +0.07339, -192.000, +1295.000, +734.000
1622239920, +3.04, +22.726,  -0.00403, -186.000, +1295.000, +711.000
1622239980, +3.04, +22.693,  +0.09816, -192.000, +1292.000, +739.000
1622240040, +3.04, +22.726,  +0.10126, -192.000, +1292.000, +736.000
1622240100, +3.04, +22.710,  -0.01332, -192.000, +1294.000, +736.000
1622240160, +3.04, +22.718,  +0.09507, -192.000, +1292.000, +734.000
1622240220, +3.04, +22.710,  -0.01641, -192.000, +1291.000, +736.000
1622240280, +3.04, +22.718,  +0.04552, -189.000, +1294.000, +728.000
1622240340, +3.04, +22.710,  +0.03933, -192.000, +1292.000, +729.000
1622240400, +3.04, +22.676,  +0.02384, -192.000, +1292.000, +736.000
1622240460, +3.04, +22.693,  +0.00217, -188.000, +1295.000, +728.000
1622240520, +3.04, +22.676,  +0.04862, -192.000, +1295.000, +732.000
1622240580, +3.04, +22.659,  +0.01146, -192.000, +1289.000, +743.000
1622240640, +3.04, +22.676,  +0.02384, -192.000, +1292.000, +740.000
1622240700, +3.04, +22.651,  +0.05791, -192.000, +1295.000, +723.000
1622240760, +3.04, +22.609,  -0.07525, -189.000, +1289.000, +736.000
1622240820, +3.04, +22.668,  -0.01951, -188.000, +1295.000, +721.000
1622240880, +3.04, +22.618,  +0.02075, -189.000, +1294.000, +724.000
1622240940, +3.04, +22.643,  +0.02694, -186.000, +1295.000, +718.000
1622241000, +3.04, +22.593,  +0.01765, -196.000, +1169.000, +832.000
1622241060, +3.04, +22.626,  +0.08268, -184.000, +1294.000, +708.000
1622241120, +3.04, +22.626,  +0.04242, -184.000, +1292.000, +710.000
1622241180, +3.04, +22.618,  +0.06100, -189.000, +1294.000, +728.000
1622241240, +3.04, +22.584,  +0.06720, -189.000, +1294.000, +726.000
1622241300, +3.04, +22.584,  +0.00217, -189.000, +1295.000, +723.000
1622241360, +3.04, +22.584,  +0.10745, -190.000, +1292.000, +736.000
1622241420, +3.04, +22.584,  -0.04738, -192.000, +1294.000, +729.000
1622241480, +3.04, +22.593,  +0.10435, -189.000, +1294.000, +728.000
1622241540, +3.04, +22.567,  +0.01146, -192.000, +1294.000, +728.000
1622241600, +3.04, +22.559,  -0.05357, -196.000, +1169.000, +832.000
1622241660, +3.04, +22.567,  +0.02694, -190.000, +1295.000, +728.000
1622241720, +3.04, +22.534,  +0.02384, -192.000, +1292.000, +734.000
1622241780, +3.04, +22.559,  +0.07339, -188.000, +1295.000, +726.000
1622241840, +3.04, +22.551,  +0.01146, -192.000, +1294.000, +721.000
1622241900, +3.04, +22.542,  +0.06720, -196.000, +1171.000, +832.000
1622241960, +3.04, +22.517,  -0.10621, -190.000, +1295.000, +728.000
1622242020, +3.04, +22.534,  +0.15700, -189.000, +1292.000, +732.000
1622242080, +3.04, +22.534,  -0.06596, -194.000, +1169.000, +833.000
1622242140, +3.04, +22.517,  -0.00093, -190.000, +1295.000, +728.000
1622242200, +3.04, +22.509,  -0.08454, -189.000, +1296.000, +720.000
1622242260, +3.04, +22.501,  +0.11364, -189.000, +1296.000, +726.000
1622242320, +3.04, +22.501,  +0.09816, -193.000, +1168.000, +833.000
1622242380, +3.04, +22.484,  +0.02384, -192.000, +1295.000, +728.000
1622242440, +3.04, +22.501,  -0.06905, -196.000, +1169.000, +831.000
1622242500, +3.04, +22.475,  +0.14151, -199.000, +1175.000, +836.000
1622242560, +3.04, +22.492,  +0.04242, -186.000, +1292.000, +728.000
1622242620, +3.04, +22.492,  +0.06720, -190.000, +1295.000, +723.000
1622242680, +3.04, +22.484,  +0.03313, -196.000, +1172.000, +833.000
1622242740, +3.04, +22.475,  -0.01332, -196.000, +1171.000, +830.000
1622242800, +3.04, +22.467,  -0.02880, -200.000, +1176.000, +838.000
1622242860, +3.04, +22.484,  +0.04552, -188.000, +1295.000, +726.000
1622242920, +3.04, +22.467,  +0.02694, -192.000, +1295.000, +723.000
1622242980, +3.04, +22.450,  +0.12603, -190.000, +1295.000, +723.000
1622243040, +3.04, +22.442,  +0.01455, -189.000, +1295.000, +720.000
1622243100, +3.04, +22.450,  +0.05481, -184.000, +1295.000, +712.000
1622243160, +3.04, +22.450,  +0.05171, -188.000, +1295.000, +723.000
1622243220, +3.04, +22.434,  +0.03004, -189.000, +1295.000, +724.000
1622243280, +3.04, +22.450,  -0.07215, -194.000, +1171.000, +833.000
1622243340, +3.04, +22.442,  +0.00217, -196.000, +1171.000, +832.000
1622243400, +3.04, +22.408,  +0.01146, -192.000, +1295.000, +724.000
1622243460, +3.04, +22.400,  -0.01951, -192.000, +1295.000, +724.000
1622243520, +3.04, +22.425,  +0.04242, -188.000, +1295.000, +719.000
1622243580, +3.04, +22.434,  +0.05481, -196.000, +1171.000, +832.000
1622243640, +3.04, +22.417,  +0.07339, -200.000, +1180.000, +840.000
1622243700, +3.04, +22.408,  -0.06596, -186.000, +1295.000, +705.000
1622243760, +3.04, +22.367,  -0.04118, -189.000, +1294.000, +723.000
1622243820, +3.04, +22.375,  -0.01641, -184.000, +1289.000, +704.000
1622243880, +3.04, +22.417,  +0.06410, -186.000, +1295.000, +711.000
1622243940, +3.04, +22.408,  +0.15700, -192.000, +1295.000, +728.000
1622244000, +3.04, +22.375,  +0.08887, -184.000, +1254.000, +759.000
1622244060, +3.04, +22.392,  +0.02694, -184.000, +1295.000, +708.000
1622244120, +3.04, +22.400,  -0.05976, -184.000, +1294.000, +704.000
1622244180, +3.04, +22.358,  -0.01951, -186.000, +1295.000, +711.000
1622244240, +3.04, +22.342,  +0.00217, -196.000, +1171.000, +830.000
1622244300, +3.04, +22.367,  +0.04862, -184.000, +1295.000, +718.000
1622244360, +3.04, +22.350,  +0.00836, -196.000, +1171.000, +832.000
1622244420, +3.04, +22.383,  +0.11364, -200.000, +1171.000, +835.000
1622244480, +3.04, +22.375,  +0.07649, -194.000, +1169.000, +830.000
1622244540, +3.04, +22.358,  +0.04552, -196.000, +1171.000, +836.000
1622244600, +3.04, +22.350,  +0.07649, -189.000, +1296.000, +712.000
1622244660, +3.04, +22.367,  +0.11055, -190.000, +1294.000, +728.000
1622244720, +3.04, +22.350,  +0.11674, -196.000, +1169.000, +832.000
1622244780, +3.04, +22.358,  +0.02694, -190.000, +1292.000, +732.000
1622244840, +3.04, +22.325,  -0.04118, -188.000, +1295.000, +721.000
1622244900, +3.04, +22.358,  +0.06100, -194.000, +1171.000, +831.000
1622244960, +3.04, +22.350,  +0.00217, -200.000, +1187.000, +846.000
1622245020, +3.04, +22.350,  +0.08268, -196.000, +1169.000, +831.000
1622245080, +3.04, +22.358,  +0.17867, -200.000, +1190.000, +844.000
1622245140, +3.04, +22.358,  +0.14771, -202.000, +1191.000, +848.000
1622245200, +3.04, +22.367,  +0.12913, -194.000, +1171.000, +831.000
1622245260, +3.04, +22.375,  -0.04738, -204.000, +1199.000, +851.000
1622245320, +3.04, +22.358,  +0.08578, -184.000, +1284.000, +707.000
1622245380, +3.04, +22.367,  +0.09816, -200.000, +1196.000, +849.000
1622245440, +3.04, +22.375,  +0.11674, -199.000, +1171.000, +831.000
1622245500, +3.04, +22.367,  +0.06410, -184.000, +1233.000, +750.000
1622245560, +3.04, +22.342,  +0.14151, -200.000, +1184.000, +848.000
1622245620, +3.04, +22.383,  +0.07649, -194.000, +1171.000, +835.000
1622245680, +3.04, +22.375,  +0.10126, -196.000, +1171.000, +831.000
1622245740, +3.04, +22.350,  +0.08887, -196.000, +1171.000, +831.000
1622245800, +3.04, +22.400,  +0.05481, -180.000, +1248.000, +760.000
1622245860, +3.04, +22.383,  +0.18796, -194.000, +1171.000, +831.000
1622245920, +3.04, +22.375,  +0.03623, -192.000, +1295.000, +736.000
1622245980, +3.04, +22.375,  +0.08887, -180.000, +1232.000, +755.000
1622246040, +3.04, +22.367,  +0.06720, -184.000, +1254.000, +739.000
1622246100, +3.04, +22.392,  +0.09816, -184.000, +1278.000, +712.000
1622246160, +3.04, +22.383,  +0.15080, -196.000, +1169.000, +831.000
1622246220, +3.04, +22.383,  +0.15700, -194.000, +1171.000, +835.000
1622246280, +3.04, +22.392,  +0.04862, -190.000, +1295.000, +723.000
1622246340, +3.04, +22.375,  +0.13532, -194.000, +1171.000, +833.000
1622246400, +3.04, +22.383,  +0.07649, -180.000, +1287.000, +705.000
1622246460, +3.04, +22.408,  +0.02694, -192.000, +1294.000, +732.000
1622246520, +3.04, +22.392,  +0.08268, -197.000, +1175.000, +833.000
1622246580, +3.04, +22.383,  +0.20035, -189.000, +1294.000, +727.000
1622246640, +3.04, +22.408,  +0.07029, -194.000, +1171.000, +831.000
1622246700, +3.04, +22.383,  +0.12293, -186.000, +1295.000, +712.000
1622246760, +3.04, +22.383,  +0.05481, -189.000, +1295.000, +723.000
1622246820, +3.04, +22.400,  +0.08578, -188.000, +1296.000, +716.000
1622246880, +3.04, +22.392,  +0.08578, -194.000, +1171.000, +832.000
1622246940, +3.04, +22.383,  +0.03933, -180.000, +1255.000, +728.000
1622247000, +3.04, +22.400,  +0.01455, -192.000, +1292.000, +736.000
1622247060, +3.04, +22.400,  +0.12913, -190.000, +1295.000, +728.000
1622247120, +3.04, +22.400,  +0.13842, -189.000, +1295.000, +721.000
1622247180, +3.04, +22.383,  +0.11055, -192.000, +1295.000, +726.000
1622247240, +3.04, +22.392,  +0.04862, -186.000, +1294.000, +723.000
1622247300, +3.04, +22.417,  +0.14151, -186.000, +1294.000, +724.000
1622247360, +3.04, +22.383,  +0.04552, -189.000, +1295.000, +726.000
1622247420, +3.04, +22.383,  +0.07029, -197.000, +1174.000, +831.000
1622247480, +3.04, +22.417,  -0.05357, -192.000, +1295.000, +732.000
1622247540, +3.04, +22.400,  +0.17248, -186.000, +1296.000, +720.000
1622247600, +3.04, +22.400,  +0.19725, -188.000, +1295.000, +726.000
1622247660, +3.04, +22.392,  +0.14771, -196.000, +1171.000, +831.000
1622247720, +3.04, +22.392,  +0.09197, -188.000, +1295.000, +720.000
1622247780, +3.04, +22.392,  +0.12603, -191.000, +1294.000, +726.000
1622247840, +3.04, +22.400,  +0.03933, -194.000, +1167.000, +832.000
1622247900, +3.04, +22.400,  +0.07649, -189.000, +1295.000, +723.000
1622247960, +3.04, +22.392,  +0.09816, -196.000, +1169.000, +831.000
1622248020, +3.04, +22.417,  +0.05791, -194.000, +1171.000, +832.000
1622248080, +3.04, +22.392,  +0.01455, -192.000, +1294.000, +734.000
1622248140, +3.04, +22.392,  +0.07029, -192.000, +1294.000, +732.000
1622248200, +3.04, +22.392,  +0.03313, -186.000, +1296.000, +711.000
1622248260, +3.04, +22.392,  +0.06410, -194.000, +1171.000, +831.000
1622248320, +3.04, +22.417,  +0.13222, -188.000, +1294.000, +728.000
1622248380, +3.04, +22.417,  +0.10745, -188.000, +1295.000, +726.000
1622248440, +3.04, +22.383,  +0.10745, -196.000, +1171.000, +835.000
1622248500, +3.04, +22.400,  -0.02880, -196.000, +1169.000, +832.000
1622248560, +3.04, +22.408,  +0.05171, -202.000, +1208.000, +849.000
1622248620, +3.04, +22.375,  +0.08578, -196.000, +1168.000, +831.000
1622248680, +3.04, +22.400,  +0.05791, -200.000, +1180.000, +840.000
1622248740, +3.04, +22.425,  +0.08887, -194.000, +1168.000, +833.000
1622248800, +3.04, +22.408,  +0.03623, -194.000, +1171.000, +831.000
1622248860, +3.04, +22.367,  +0.09507, -190.000, +1296.000, +726.000
1622248920, +3.04, +22.425,  +0.07339, -186.000, +1295.000, +719.000
1622248980, +3.04, +22.425,  +0.08578, -196.000, +1171.000, +831.000
1622249040, +3.04, +22.392,  +0.15080, -186.000, +1294.000, +728.000
1622249100, +3.04, +22.417,  -0.01022, -189.000, +1295.000, +720.000
1622249160, +3.04, +22.408,  +0.05481, -192.000, +1295.000, +723.000
1622249220, +3.04, +22.417,  +0.09816, -194.000, +1175.000, +833.000
1622249280, +3.04, +22.408,  +0.11055, -196.000, +1171.000, +832.000
1622249340, +3.04, +22.417,  +0.07029, -188.000, +1294.000, +728.000
1622249400, +3.04, +22.417,  +0.07958, -186.000, +1296.000, +711.000
1622249460, +3.04, +22.408,  +0.02075, -186.000, +1295.000, +719.000
1622249520, +3.04, +22.383,  -0.00712, -196.000, +1169.000, +832.000
1622249580, +3.04, +22.400,  +0.13222, -189.000, +1292.000, +732.000
1622249640, +3.04, +22.400,  +0.04862, -192.000, +1296.000, +721.000
1622249700, +3.04, +22.392,  +0.00526, -189.000, +1295.000, +732.000
1622249760, +3.04, +22.425,  +0.11055, -191.000, +1294.000, +723.000
1622249820, +3.04, +22.417,  +0.06720, -196.000, +1171.000, +831.000
1622249880, +3.04, +22.417,  +0.21893, -192.000, +1292.000, +736.000
1622249940, +3.04, +22.425,  +0.10435, -186.000, +1294.000, +723.000
1622250000, +3.04, +22.417,  +0.00217, -184.000, +1296.000, +712.000
1622250060, +3.04, +22.417,  +0.04862, -189.000, +1294.000, +726.000
1622250120, +3.04, +22.417,  +0.13842, -192.000, +1295.000, +734.000
1622250180, +3.04, +22.425,  +0.10126, -186.000, +1295.000, +716.000
1622250240, +3.04, +22.425,  +0.06100, -192.000, +1295.000, +732.000
1622250300, +3.04, +22.425,  +0.09507, -200.000, +1183.000, +846.000
1622250360, +3.04, +22.434,  +0.05171, -184.000, +1289.000, +705.000
1622250420, +3.04, +22.434,  +0.17558, -192.000, +1294.000, +736.000
1622250480, +3.04, +22.408,  +0.11984, -188.000, +1294.000, +728.000
1622250540, +3.04, +22.417,  +0.12293, -188.000, +1294.000, +728.000
1622250600, +3.04, +22.417,  +0.14151, -194.000, +1167.000, +831.000
1622250660, +3.04, +22.417,  +0.18796, -189.000, +1295.000, +721.000
1622250720, +3.04, +22.442,  +0.00836, -184.000, +1256.000, +728.000
1622250780, +3.04, +22.417,  +0.08578, -202.000, +1193.000, +846.000
1622250840, +3.04, +22.408,  +0.12603, -199.000, +1169.000, +831.000
1622250900, +3.04, +22.434,  +0.00836, -196.000, +1169.000, +831.000
1622250960, +3.04, +22.417,  +0.08887, -192.000, +1295.000, +732.000
1622251020, +3.04, +22.434,  +0.04552, -192.000, +1294.000, +728.000
1622251080, +3.04, +22.425,  +0.04242, -196.000, +1171.000, +832.000
1622251140, +3.04, +22.434,  +0.09507, -188.000, +1247.000, +759.000
1622251200, +3.04, +22.425,  +0.11984, -199.000, +1171.000, +831.000
1622251260, +3.04, +22.425,  +0.10745, -188.000, +1295.000, +716.000
1622251320, +3.04, +22.434,  +0.02384, -196.000, +1171.000, +835.000
1622251380, +3.04, +22.417,  +0.10745, -192.000, +1295.000, +732.000
1622251440, +3.04, +22.442,  +0.08578, -196.000, +1168.000, +831.000
1622251500, +3.04, +22.400,  +0.05791, -196.000, +1171.000, +831.000
1622251560, +3.04, +22.408,  +0.01765, -190.000, +1296.000, +712.000
1622251620, +3.04, +22.442,  +0.05171, -186.000, +1295.000, +718.000
1622251680, +3.04, +22.400,  +0.03623, -189.000, +1294.000, +728.000
1622251740, +3.04, +22.425,  +0.06410, -188.000, +1295.000, +723.000
1622251800, +3.04, +22.425,  +0.20654, -196.000, +1171.000, +831.000
1622251860, +3.04, +22.417,  +0.08268, -196.000, +1171.000, +832.000
1622251920, +3.04, +22.425,  +0.08268, -196.000, +1171.000, +832.000
1622251980, +3.04, +22.434,  +0.06720, -196.000, +1176.000, +839.000
1622252040, +3.04, +22.417,  +0.06100, -188.000, +1294.000, +723.000
1622252100, +3.04, +22.417,  +0.01146, -192.000, +1294.000, +728.000
1622252160, +3.04, +22.442,  +0.14151, -196.000, +1169.000, +831.000
1622252220, +3.04, +22.434,  +0.15390, -196.000, +1169.000, +833.000
1622252280, +3.04, +22.434,  +0.03933, -178.000, +1286.000, +704.000
1622252340, +3.04, +22.434,  +0.07958, -184.000, +1295.000, +711.000
1622252400, +3.04, +22.434,  +0.01765, -188.000, +1295.000, +721.000
1622252460, +3.04, +22.434,  +0.08578, -196.000, +1171.000, +831.000
1622252520, +3.04, +22.442,  +0.05171, -186.000, +1296.000, +712.000
1622252580, +3.04, +22.434,  +0.05171, -196.000, +1171.000, +833.000
1622252640, +3.04, +22.450,  +0.08578, -184.000, +1281.000, +708.000
1622252700, +3.04, +22.434,  +0.06720, -186.000, +1295.000, +716.000
1622252760, +3.04, +22.425,  +0.07958, -192.000, +1295.000, +724.000
1622252820, +3.04, +22.425,  +0.03933, -180.000, +1251.000, +736.000
1622252880, +3.04, +22.400,  +0.13532, -192.000, +1295.000, +720.000
1622252940, +3.04, +22.425,  +0.11055, -189.000, +1295.000, +726.000
1622253000, +3.04, +22.375,  +0.05171, -199.000, +1171.000, +831.000
1622253060, +3.04, +22.417,  +0.10435, -196.000, +1169.000, +835.000
1622253120, +3.04, +22.425,  +0.07958, -184.000, +1295.000, +718.000
1622253180, +3.04, +22.400,  +0.05791, -184.000, +1244.000, +743.000
1622253240, +3.04, +22.383,  +0.11984, -196.000, +1169.000, +832.000
1622253300, +3.04, +22.383,  +0.09197, -200.000, +1180.000, +839.000
1622253360, +3.04, +22.375,  +0.06410, -188.000, +1294.000, +719.000
1622253420, +3.04, +22.358,  +0.11055, -196.000, +1169.000, +832.000
1622253480, +3.04, +22.383,  -0.08763, -197.000, +1169.000, +831.000
1622253540, +3.04, +22.392,  +0.12913, -192.000, +1296.000, +720.000
1622253600, +3.04, +22.383,  +0.02384, -200.000, +1185.000, +846.000
1622253660, +3.04, +22.342,  +0.05791, -196.000, +1171.000, +833.000
1622253720, +3.04, +22.367,  +0.03004, -196.000, +1168.000, +831.000
1622253780, +3.04, +22.358,  +0.09816, -200.000, +1176.000, +841.000
1622253840, +3.04, +22.342,  +0.14151, -192.000, +1292.000, +728.000
1622253900, +3.04, +22.342,  +0.10126, -196.000, +1174.000, +830.000
1622253960, +3.04, +22.333,  +0.07649, -196.000, +1171.000, +831.000
1622254020, +3.04, +22.325,  +0.10745, -193.000, +1169.000, +833.000
1622254080, +3.04, +22.316,  +0.08887, -196.000, +1171.000, +830.000
1622254140, +3.04, +22.333,  +0.16629, -193.000, +1169.000, +831.000
1622254200, +3.04, +22.325,  -0.03499, -196.000, +1176.000, +835.000
1622254260, +3.04, +22.333,  +0.12293, -190.000, +1295.000, +723.000
1622254320, +3.04, +22.308,  +0.18796, -202.000, +1183.000, +848.000
1622254380, +3.04, +22.308,  +0.20654, -196.000, +1171.000, +835.000
1622254440, +3.04, +22.283,  +0.16319, -192.000, +1295.000, +728.000
1622254500, +3.04, +22.291,  +0.08268, -196.000, +1171.000, +835.000
1622254560, +3.04, +22.291,  +0.07339, -196.000, +1171.000, +831.000
1622254620, +3.04, +22.291,  +0.14771, -193.000, +1168.000, +832.000
1622254680, +3.04, +22.283,  +0.05481, -196.000, +1171.000, +831.000
1622254740, +3.04, +22.258,  +0.00526, -202.000, +1196.000, +848.000
1622254800, +3.04, +22.249,  -0.02261, -200.000, +1182.000, +840.000
1622254860, +3.04, +22.224,  -0.03189, -200.000, +1200.000, +851.000
1622254920, +3.04, +22.258,  +0.14461, -200.000, +1183.000, +843.000
1622254980, +3.04, +22.266,  +0.05171, -194.000, +1168.000, +831.000
1622255040, +3.04, +22.258,  +0.09507, -196.000, +1171.000, +831.000
1622255100, +3.04, +22.266,  +0.09507, -196.000, +1169.000, +831.000
1622255160, +3.04, +22.258,  +0.14461, -194.000, +1169.000, +830.000
1622255220, +3.04, +22.258,  +0.15080, -200.000, +1176.000, +839.000
1622255280, +3.04, +22.291,  +0.12293, -196.000, +1175.000, +835.000
1622255340, +3.04, +22.283,  +0.02075, -196.000, +1171.000, +832.000
1622255400, +3.04, +22.291,  +0.11984, -184.000, +1252.000, +728.000
1622255460, +3.04, +22.308,  +0.06100, -197.000, +1171.000, +832.000
1622255520, +3.04, +22.308,  +0.15700, -196.000, +1171.000, +832.000
1622255580, +3.04, +22.275,  +0.09197, -200.000, +1198.000, +848.000
1622255640, +3.04, +22.308,  +0.01765, -196.000, +1168.000, +831.000
1622255700, +3.04, +22.283,  +0.11364, -196.000, +1174.000, +835.000
1622255760, +3.04, +22.308,  +0.07649, -196.000, +1171.000, +831.000
1622255820, +3.04, +22.325,  +0.08887, -193.000, +1169.000, +831.000
1622255880, +3.04, +22.350,  +0.15390, -184.000, +1287.000, +704.000
1622255940, +3.04, +22.333,  +0.13842, -199.000, +1172.000, +831.000
1622256000, +3.04, +22.367,  +0.07339, -189.000, +1292.000, +736.000
1622256060, +3.04, +22.367,  +0.02384, -196.000, +1171.000, +830.000
1622256120, +3.04, +22.383,  +0.08887, -196.000, +1167.000, +830.000
1622256180, +3.04, +22.400,  +0.15700, -194.000, +1171.000, +831.000
1622256240, +3.04, +22.400,  +0.16009, -188.000, +1292.000, +721.000
1622256300, +3.04, +22.400,  +0.16938, -180.000, +1230.000, +753.000
1622256360, +3.04, +22.425,  +0.14151, -196.000, +1171.000, +832.000
1622256420, +3.04, +22.408,  +0.07339, -196.000, +1169.000, +832.000
1622256480, +3.04, +22.434,  +0.11984, -197.000, +1176.000, +839.000
1622256540, +3.04, +22.442,  +0.13222, -189.000, +1295.000, +726.000
1622256600, +3.04, +22.442,  +0.11055, -188.000, +1296.000, +723.000
1622256660, +3.04, +22.475,  +0.12913, -189.000, +1295.000, +726.000
1622256720, +3.04, +22.459,  +0.12913, -188.000, +1295.000, +720.000
1622256780, +3.04, +22.484,  -0.04738, -180.000, +1251.000, +736.000
1622256840, +3.04, +22.509,  +0.04552, -189.000, +1295.000, +728.000
1622256900, +3.04, +22.517,  +0.07339, -192.000, +1295.000, +728.000
1622256960, +3.04, +22.517,  -0.05047, -190.000, +1292.000, +729.000
1622257020, +3.04, +22.484,  +0.22822, -186.000, +1294.000, +728.000
1622257080, +3.04, +22.534,  +0.10745, -188.000, +1295.000, +720.000
1622257140, +3.04, +22.551,  +0.10126, -190.000, +1295.000, +732.000
1622257200, +3.04, +22.567,  +0.12913, -186.000, +1295.000, +728.000
1622257260, +3.04, +22.584,  +0.08268, -191.000, +1292.000, +736.000
1622257320, +3.04, +22.593,  +0.15080, -194.000, +1169.000, +831.000
1622257380, +3.04, +22.626,  +0.05791, -190.000, +1294.000, +723.000
1622257440, +3.04, +22.618,  +0.09197, -186.000, +1295.000, +711.000
1622257500, +3.04, +22.626,  +0.05481, -189.000, +1295.000, +721.000
1622257560, +3.04, +22.634,  +0.17248, -192.000, +1292.000, +736.000
1622257620, +3.04, +22.643,  +0.06720, -192.000, +1295.000, +736.000
1622257680, +3.04, +22.643,  -0.02261, -192.000, +1295.000, +736.000
1622257740, +3.04, +22.676,  +0.13842, -192.000, +1287.000, +745.000
1622257800, +3.04, +22.659,  +0.03004, -192.000, +1291.000, +732.000
1622257860, +3.04, +22.651,  +0.13222, -192.000, +1295.000, +732.000
1622257920, +3.04, +22.701,  +0.05791, -188.000, +1292.000, +736.000
1622257980, +3.04, +22.718,  +0.15080, -188.000, +1294.000, +736.000
1622258040, +3.04, +22.701,  -0.02570, -192.000, +1295.000, +732.000
1622258100, +3.04, +22.743,  +0.08578, -192.000, +1294.000, +734.000
1622258160, +3.04, +22.751,  -0.09073, -189.000, +1292.000, +736.000
1622258220, +3.04, +22.751,  +0.01765, -189.000, +1288.000, +736.000
1622258280, +3.04, +22.743,  +0.09816, -192.000, +1292.000, +736.000
1622258340, +3.04, +22.777,  -0.00093, -192.000, +1292.000, +743.000
1622258400, +3.04, +22.793,  +0.09507, -192.000, +1292.000, +736.000
1622258460, +3.04, +22.793,  +0.01146, -192.000, +1288.000, +748.000
1622258520, +3.04, +22.793,  +0.14461, -189.000, +1288.000, +743.000
1622258580, +3.04, +22.810,  +0.06100, -192.000, +1294.000, +736.000
1622258640, +3.04, +22.777,  +0.05791, -192.000, +1292.000, +736.000
1622258700, +3.04, +22.835,  +0.02694, -192.000, +1286.000, +760.000
1622258760, +3.04, +22.843,  +0.06100, -192.000, +1288.000, +750.000
1622258820, +3.04, +22.869,  -0.02570, -192.000, +1283.000, +764.000
1622258880, +3.04, +22.869,  -0.06905, -192.000, +1289.000, +743.000
1622258940, +3.04, +22.869,  +0.07649, -192.000, +1292.000, +737.000
1622259000, +3.04, +22.877,  +0.04242, -192.000, +1292.000, +728.000
1622259060, +3.04, +22.877,  +0.09197, -192.000, +1289.000, +742.000
1622259120, +3.04, +22.894,  +0.05791, -192.000, +1292.000, +742.000
1622259180, +3.04, +22.894,  -0.02570, -192.000, +1292.000, +744.000
1622259240, +3.04, +22.894,  +0.04862, -192.000, +1288.000, +743.000
1622259300, +3.04, +22.877,  +0.07029, -192.000, +1289.000, +748.000
1622259360, +3.04, +22.910,  +0.10126, -192.000, +1287.000, +748.000
1622259420, +3.04, +22.877,  +0.00526, -200.000, +1241.000, +831.000
1622259480, +3.04, +22.902,  +0.01765, -192.000, +1281.000, +768.000
1622259540, +3.04, +22.894,  +0.03004, -192.000, +1289.000, +745.000
1622259600, +3.04, +22.885,  +0.07958, -192.000, +1289.000, +748.000
1622259660, +3.04, +22.877,  +0.04552, -192.000, +1292.000, +742.000
1622259720, +3.04, +22.869,  +0.01765, -192.000, +1294.000, +739.000
1622259780, +3.04, +22.877,  +0.00836, -192.000, +1292.000, +732.000
1622259840, +3.04, +22.860,  +0.03623, -190.000, +1295.000, +728.000
1622259900, +3.04, +22.852,  -0.06905, -192.000, +1287.000, +752.000
1622259960, +3.04, +22.852,  -0.07834, -192.000, +1288.000, +744.000
1622260020, +3.04, +22.852,  +0.15080, -192.000, +1292.000, +736.000
1622260080, +3.04, +22.843,  -0.07834, -192.000, +1289.000, +736.000
1622260140, +3.04, +22.835,  -0.05667, -192.000, +1291.000, +742.000
1622260200, +3.04, +22.827,  -0.00093, -192.000, +1287.000, +748.000
1622260260, +3.04, +22.818,  -0.05357, -192.000, +1294.000, +732.000
1622260320, +3.04, +22.818,  -0.01641, -192.000, +1287.000, +748.000
1622260380, +3.04, +22.810,  +0.07339, -192.000, +1289.000, +739.000
1622260440, +3.04, +22.802,  -0.04738, -189.000, +1295.000, +728.000
1622260500, +3.04, +22.777,  +0.02384, -192.000, +1292.000, +734.000
1622260560, +3.04, +22.777,  -0.00712, -189.000, +1292.000, +736.000
1622260620, +3.04, +22.760,  +0.00217, -192.000, +1292.000, +734.000
1622260680, +3.04, +22.710,  -0.02880, -189.000, +1296.000, +723.000
1622260740, +3.04, +22.726,  -0.12789, -189.000, +1294.000, +728.000
1622260800, +3.04, +22.735,  -0.07834, -192.000, +1292.000, +734.000
1622260860, +3.04, +22.710,  +0.00836, -188.000, +1292.000, +732.000
1622260920, +3.04, +22.693,  -0.03499, -192.000, +1294.000, +732.000
1622260980, +3.04, +22.693,  -0.08144, -192.000, +1294.000, +737.000
1622261040, +3.04, +22.676,  -0.02880, -188.000, +1295.000, +724.000
1622261100, +3.04, +22.676,  -0.04118, -192.000, +1289.000, +740.000
1622261160, +3.04, +22.651,  +0.03623, -192.000, +1294.000, +736.000
1622261220, +3.04, +22.618,  +0.06410, -192.000, +1292.000, +737.000
1622261280, +3.04, +22.601,  +0.04242, -192.000, +1294.000, +736.000
1622261340, +3.04, +22.626,  -0.07525, -188.000, +1294.000, +723.000
1622261400, +3.04, +22.618,  +0.04862, -192.000, +1294.000, +721.000
1622261460, +3.04, +22.601,  -0.00712, -192.000, +1295.000, +728.000
1622261520, +3.04, +22.584,  -0.02570, -192.000, +1294.000, +728.000
1622261580, +3.04, +22.576,  +0.03313, -192.000, +1292.000, +734.000
1622261640, +3.04, +22.567,  -0.08763, -196.000, +1171.000, +831.000
1622261700, +3.04, +22.517,  -0.02261, -192.000, +1292.000, +737.000
1622261760, +3.04, +22.551,  -0.00093, -192.000, +1296.000, +726.000
1622261820, +3.04, +22.517,  +0.03933, -190.000, +1296.000, +723.000
1622261880, +3.04, +22.526,  +0.00217, -188.000, +1292.000, +728.000
1622261940, +3.04, +22.492,  -0.10002, -184.000, +1289.000, +704.000
1622262000, +3.04, +22.492,  -0.13718, -186.000, +1296.000, +712.000
1622262060, +3.04, +22.492,  -0.00403, -189.000, +1292.000, +728.000
1622262120, +3.04, +22.467,  -0.03499, -192.000, +1295.000, +728.000
1622262180, +3.04, +22.442,  -0.00403, -188.000, +1295.000, +723.000
1622262240, +3.04, +22.425,  -0.01951, -189.000, +1295.000, +726.000
1622262300, +3.04, +22.442,  -0.11241, -186.000, +1295.000, +718.000
1622262360, +3.04, +22.408,  +0.06720, -196.000, +1169.000, +831.000
1622262420, +3.04, +22.417,  -0.04738, -188.000, +1294.000, +726.000
1622262480, +3.04, +22.400,  -0.01951, -193.000, +1169.000, +831.000
1622262540, +3.04, +22.400,  -0.10621, -196.000, +1171.000, +830.000
1622262600, +3.04, +22.375,  -0.03189, -199.000, +1171.000, +832.000
1622262660, +3.04, +22.375,  +0.04552, -184.000, +1248.000, +753.000
1622262720, +3.04, +22.392,  -0.01951, -196.000, +1171.000, +831.000
1622262780, +3.04, +22.375,  -0.02880, -194.000, +1171.000, +828.000
1622262840, +3.04, +22.375,  -0.03189, -186.000, +1294.000, +716.000
1622262900, +3.04, +22.367,  +0.01765, -196.000, +1171.000, +831.000
1622262960, +3.04, +22.375,  -0.01332, -186.000, +1296.000, +711.000
1622263020, +3.04, +22.375,  -0.06596, -189.000, +1296.000, +720.000
1622263080, +3.04, +22.350,  -0.02261, -200.000, +1179.000, +841.000
1622263140, +3.04, +22.367,  -0.05357, -192.000, +1295.000, +732.000
1622263200, +3.04, +22.367,  +0.02694, -189.000, +1295.000, +718.000
1622263260, +3.04, +22.383,  +0.00526, -194.000, +1171.000, +831.000
1622263320, +3.04, +22.350,  +0.03313, -196.000, +1171.000, +831.000
1622263380, +3.04, +22.392,  +0.00526, -193.000, +1169.000, +832.000
1622263440, +3.04, +22.367,  -0.09692, -188.000, +1294.000, +723.000
1622263500, +3.04, +22.367,  -0.06905, -197.000, +1171.000, +830.000
1622263560, +3.04, +22.383,  -0.06905, -196.000, +1171.000, +832.000
1622263620, +3.04, +22.383,  +0.00836, -188.000, +1295.000, +716.000
1622263680, +3.04, +22.383,  -0.02880, -200.000, +1176.000, +833.000
1622263740, +3.04, +22.383,  -0.05976, -196.000, +1174.000, +831.000
1622263800, +3.04, +22.375,  +0.00217, -186.000, +1296.000, +724.000
1622263860, +3.04, +22.392,  -0.04118, -188.000, +1295.000, +728.000
1622263920, +3.04, +22.383,  -0.00712, -188.000, +1296.000, +718.000
1622263980, +3.04, +22.417,  +0.00836, -200.000, +1185.000, +844.000
1622264040, +3.04, +22.392,  +0.06410, -188.000, +1295.000, +716.000
1622264100, +3.04, +22.417,  -0.03189, -189.000, +1296.000, +720.000
1622264160, +3.04, +22.400,  -0.05976, -189.000, +1295.000, +719.000
1622264220, +3.04, +22.408,  +0.02075, -190.000, +1295.000, +723.000
1622264280, +3.04, +22.392,  +0.03004, -192.000, +1294.000, +728.000
1622264340, +3.04, +22.425,  -0.01022, -192.000, +1294.000, +732.000
1622264400, +3.04, +22.392,  +0.01455, -196.000, +1171.000, +833.000
1622264460, +3.04, +22.425,  -0.05047, -192.000, +1294.000, +728.000
1622264520, +3.04, +22.442,  +0.03933, -196.000, +1171.000, +832.000
1622264580, +3.04, +22.459,  -0.02880, -202.000, +1201.000, +849.000
1622264640, +3.04, +22.450,  -0.06596, -188.000, +1296.000, +728.000
1622264700, +3.04, +22.484,  -0.01641, -192.000, +1295.000, +732.000
1622264760, +3.04, +22.450,  -0.11241, -192.000, +1294.000, +736.000
1622264820, +3.04, +22.484,  -0.13718, -192.000, +1295.000, +728.000
1622264880, +3.04, +22.467,  -0.05976, -190.000, +1295.000, +728.000
1622264940, +3.04, +22.501,  -0.01641, -184.000, +1294.000, +720.000
1622265000, +3.04, +22.492,  +0.00836, -192.000, +1295.000, +732.000
1622265060, +3.04, +22.484,  +0.03004, -192.000, +1295.000, +728.000
1622265120, +3.04, +22.492,  -0.10621, -188.000, +1294.000, +724.000
1622265180, +3.04, +22.501,  -0.07215, -190.000, +1294.000, +726.000
1622265240, +3.04, +22.475,  -0.00712, -190.000, +1295.000, +726.000
1622265300, +3.04, +22.526,  -0.02880, -186.000, +1294.000, +724.000
1622265360, +3.04, +22.526,  +0.02384, -189.000, +1296.000, +723.000
1622265420, +3.04, +22.517,  -0.08144, -189.000, +1295.000, +723.000
1622265480, +3.04, +22.517,  -0.06905, -180.000, +1267.000, +719.000
1622265540, +3.04, +22.542,  -0.02261, -188.000, +1294.000, +723.000
1622265600, +3.04, +22.559,  -0.05667, -192.000, +1288.000, +732.000
1622265660, +3.04, +22.559,  -0.10621, -188.000, +1294.000, +723.000
1622265720, +3.04, +22.559,  -0.15576, -192.000, +1292.000, +736.000
1622265780, +3.04, +22.567,  -0.01641, -189.000, +1295.000, +723.000
1622265840, +3.04, +22.584,  -0.01332, -192.000, +1292.000, +732.000
1622265900, +3.04, +22.567,  -0.07834, -191.000, +1292.000, +736.000
1622265960, +3.04, +22.593,  +0.10435, -192.000, +1289.000, +744.000
1622266020, +3.04, +22.576,  +0.03313, -190.000, +1296.000, +728.000
1622266080, +3.04, +22.609,  -0.12479, -192.000, +1289.000, +742.000
1622266140, +3.04, +22.609,  -0.06286, -192.000, +1292.000, +736.000
1622266200, +3.04, +22.618,  -0.15885, -192.000, +1292.000, +739.000
1622266260, +3.04, +22.609,  +0.07339, -192.000, +1294.000, +736.000
1622266320, +3.04, +22.593,  -0.00093, -192.000, +1295.000, +732.000
1622266380, +3.04, +22.643,  +0.05481, -192.000, +1295.000, +728.000
1622266440, +3.04, +22.618,  +0.01146, -189.000, +1294.000, +732.000
1622266500, +3.04, +22.618,  -0.00093, -190.000, +1292.000, +734.000
1622266560, +3.04, +22.643,  +0.07029, -184.000, +1292.000, +704.000
1622266620, +3.04, +22.659,  -0.11241, -192.000, +1292.000, +739.000
1622266680, +3.04, +22.634,  +0.05791, -186.000, +1295.000, +716.000
1622266740, +3.04, +22.676,  -0.05357, -191.000, +1295.000, +728.000
1622266800, +3.04, +22.651,  -0.09692, -189.000, +1295.000, +728.000
1622266860, +3.04, +22.685,  -0.01332, -192.000, +1292.000, +736.000
1622266920, +3.04, +22.685,  +0.06720, -192.000, +1294.000, +736.000
1622266980, +3.04, +22.693,  +0.03004, -192.000, +1292.000, +739.000
1622267040, +3.04, +22.701,  -0.01332, -192.000, +1295.000, +734.000
1622267100, +3.04, +22.710,  +0.00217, -188.000, +1292.000, +736.000
1622267160, +3.04, +22.718,  -0.01951, -189.000, +1292.000, +736.000
1622267220, +3.04, +22.693,  +0.03933, -192.000, +1294.000, +732.000
1622267280, +3.04, +22.701,  -0.03189, -192.000, +1295.000, +729.000
1622267340, +3.04, +22.701,  -0.07834, -189.000, +1292.000, +736.000
1622267400, +3.04, +22.726,  +0.06720, -190.000, +1295.000, +723.000
1622267460, +3.04, +22.735,  +0.00836, -192.000, +1292.000, +743.000
1622267520, +3.04, +22.701,  -0.01332, -192.000, +1288.000, +744.000
1622267580, +3.03, +22.751,  +0.06100, -192.000, +1294.000, +732.000
1622267640, +3.04, +22.760,  -0.00093, -192.000, +1288.000, +742.000
1622267700, +3.04, +22.777,  +0.01455, -192.000, +1296.000, +728.000
1622267760, +3.04, +22.735,  -0.11860, -192.000, +1288.000, +750.000
1622267820, +3.04, +22.735,  -0.07834, -192.000, +1292.000, +737.000
1622267880, +3.04, +22.751,  +0.04552, -192.000, +1295.000, +736.000
1622267940, +3.04, +22.785,  -0.04428, -192.000, +1295.000, +728.000
1622268000, +3.04, +22.810,  -0.02570, -192.000, +1292.000, +745.000
1622268060, +3.04, +22.802,  -0.01022, -192.000, +1292.000, +736.000
1622268120, +3.04, +22.802,  -0.05047, -186.000, +1295.000, +719.000
1622268180, +3.04, +22.810,  -0.07834, -192.000, +1292.000, +737.000
1622268240, +3.04, +22.810,  -0.01641, -192.000, +1289.000, +740.000
1622268300, +3.04, +22.827,  -0.08144, -192.000, +1292.000, +739.000
1622268360, +3.04, +22.810,  +0.00836, -192.000, +1294.000, +734.000
1622268420, +3.04, +22.835,  -0.11241, -192.000, +1292.000, +742.000
1622268480, +3.04, +22.818,  +0.01455, -192.000, +1295.000, +734.000
1622268540, +3.04, +22.827,  +0.02384, -192.000, +1292.000, +737.000
1622268600, +3.04, +22.835,  -0.05667, -192.000, +1291.000, +737.000
1622268660, +3.04, +22.835,  +0.07958, -191.000, +1296.000, +723.000
1622268720, +3.04, +22.860,  +0.00836, -190.000, +1292.000, +736.000
1622268780, +3.04, +22.860,  +0.03933, -192.000, +1286.000, +760.000
1622268840, +3.04, +22.860,  +0.15700, -192.000, +1291.000, +739.000
1622268900, +3.04, +22.877,  +0.11055, -188.000, +1295.000, +723.000
1622268960, +3.04, +22.860,  -0.01022, -192.000, +1292.000, +743.000
1622269020, +3.03, +22.877,  +0.04552, -192.000, +1292.000, +736.000
1622269080, +3.03, +22.894,  -0.01641, -190.000, +1288.000, +740.000
1622269140, +3.04, +22.877,  +0.05171, -190.000, +1291.000, +743.000
1622269200, +3.03, +22.877,  +0.05791, -192.000, +1291.000, +742.000
1622269260, +3.04, +22.902,  -0.04428, -192.000, +1292.000, +736.000
1622269320, +3.04, +22.869,  -0.01641, -192.000, +1292.000, +740.000
1622269380, +3.03, +22.885,  +0.06720, -192.000, +1292.000, +742.000
1622269440, +3.04, +22.910,  +0.02384, -192.000, +1292.000, +732.000
1622269500, +3.04, +22.910,  +0.00836, -192.000, +1287.000, +743.000
1622269560, +3.03, +22.910,  -0.00712, -192.000, +1287.000, +752.000
1622269620, +3.04, +22.919,  -0.04738, -192.000, +1287.000, +752.000
1622269680, +3.04, +22.910,  -0.05976, -200.000, +1240.000, +833.000
1622269740, +3.03, +22.927,  -0.10312, -192.000, +1289.000, +736.000
1622269800, +3.03, +22.944,  -0.02880, -191.000, +1295.000, +728.000
1622269860, +3.03, +22.919,  +0.02384, -192.000, +1287.000, +748.000
1622269920, +3.03, +22.944,  +0.03623, -192.000, +1291.000, +739.000
1622269980, +3.03, +22.935,  -0.00712, -189.000, +1295.000, +732.000
1622270040, +3.03, +22.961,  -0.05667, -192.000, +1294.000, +736.000
1622270100, +3.03, +22.961,  -0.01641, -192.000, +1287.000, +755.000
1622270160, +3.03, +22.977,  -0.08763, -192.000, +1286.000, +760.000
1622270220, +3.03, +22.969,  +0.02694, -200.000, +1255.000, +812.000
1622270280, +3.03, +22.986,  -0.01951, -192.000, +1284.000, +758.000
1622270340, +3.03, +22.969,  +0.01455, -192.000, +1288.000, +744.000
1622270400, +3.03, +22.977,  -0.00093, -190.000, +1294.000, +728.000
1622270460, +3.03, +22.994,  -0.05976, -192.000, +1287.000, +752.000
1622270520, +3.03, +23.002,  -0.08144, -192.000, +1287.000, +752.000
1622270580, +3.03, +22.986,  -0.04118, -192.000, +1286.000, +756.000
1622270640, +3.03, +23.019,  -0.19292, -192.000, +1292.000, +739.000
1622270700, +3.03, +23.011,  +0.03933, -192.000, +1287.000, +752.000
1622270760, +3.03, +23.011,  -0.05357, -192.000, +1288.000, +744.000
1622270820, +3.03, +23.027,  +0.06100, -192.000, +1288.000, +748.000
1622270880, +3.03, +22.986,  +0.03933, -192.000, +1287.000, +752.000
1622270940, +3.03, +23.027,  -0.09383, -200.000, +1255.000, +822.000
1622271000, +3.03, +23.036,  +0.02694, -200.000, +1240.000, +833.000
1622271060, +3.03, +23.027,  -0.01022, -200.000, +1264.000, +800.000
1622271120, +3.03, +23.027,  -0.02570, -192.000, +1283.000, +758.000
1622271180, +3.03, +23.027,  +0.02075, -192.000, +1288.000, +750.000
1622271240, +3.03, +23.036,  -0.00712, -200.000, +1196.000, +847.000
1622271300, +3.03, +23.052,  -0.06905, -192.000, +1286.000, +752.000
1622271360, +3.03, +23.027,  +0.08887, -192.000, +1287.000, +752.000
1622271420, +3.03, +23.061,  -0.01022, -200.000, +1244.000, +832.000
1622271480, +3.03, +23.078,  +0.09197, -200.000, +1240.000, +832.000
1622271540, +3.03, +23.052,  -0.03809, -192.000, +1276.000, +776.000
1622271600, +3.03, +23.036,  -0.07525, -200.000, +1267.000, +790.000
1622271660, +3.03, +23.094,  -0.00093, -190.000, +1294.000, +732.000
1622271720, +3.03, +23.069,  +0.02384, -192.000, +1292.000, +743.000
1622271780, +3.03, +23.094,  -0.04118, -200.000, +1228.000, +841.000
1622271840, +3.03, +23.094,  -0.02880, -196.000, +1272.000, +787.000
1622271900, +3.03, +23.078,  -0.11550, -192.000, +1287.000, +756.000
1622271960, +3.03, +23.069,  -0.00712, -192.000, +1287.000, +755.000
1622272020, +3.03, +23.111,  -0.10312, -192.000, +1286.000, +760.000
1622272080, +3.03, +23.052,  -0.10621, -196.000, +1276.000, +775.000
1622272140, +3.03, +23.094,  -0.18672, -192.000, +1283.000, +760.000
1622272200, +3.03, +23.119,  -0.09692, -192.000, +1284.000, +755.000
1622272260, +3.03, +23.119,  -0.03189, -192.000, +1287.000, +752.000
1622272320, +3.03, +23.128,  -0.06596, -200.000, +1238.000, +838.000
1622272380, +3.03, +23.128,  -0.06596, -200.000, +1235.000, +835.000
1622272440, +3.03, +23.119,  -0.00093, -200.000, +1255.000, +816.000
1622272500, +3.03, +23.128,  -0.08763, -200.000, +1180.000, +840.000
1622272560, +3.03, +23.136,  -0.05357, -200.000, +1201.000, +851.000
1622272620, +3.03, +23.153,  -0.11550, -200.000, +1187.000, +844.000
1622272680, +3.03, +23.161,  +0.05791, -192.000, +1287.000, +760.000
1622272740, +3.03, +23.161,  -0.01332, -200.000, +1240.000, +838.000
1622272800, +3.03, +23.144,  -0.18053, -200.000, +1182.000, +841.000
1622272860, +3.03, +23.153,  +0.04552, -192.000, +1288.000, +748.000
1622272920, +3.03, +23.169,  +0.13222, -200.000, +1272.000, +784.000
1622272980, +3.03, +23.169,  +0.00526, -192.000, +1283.000, +752.000
1622273040, +3.03, +23.169,  -0.04118, -192.000, +1284.000, +764.000
1622273100, +3.03, +23.186,  -0.04428, -192.000, +1288.000, +740.000
1622273160, +3.03, +23.186,  +0.04862, -196.000, +1270.000, +787.000
1622273220, +3.03, +23.169,  -0.00093, -200.000, +1238.000, +839.000
1622273280, +3.03, +23.161,  +0.04242, -199.000, +1180.000, +840.000
1622273340, +3.03, +23.195,  -0.08454, -200.000, +1255.000, +816.000
1622273400, +3.03, +23.203,  +0.01146, -200.000, +1175.000, +833.000
1622273460, +3.03, +23.211,  +0.01146, -200.000, +1265.000, +796.000
1622273520, +3.03, +23.203,  -0.04428, -196.000, +1169.000, +831.000
1622273580, +3.03, +23.203,  +0.05171, -200.000, +1217.000, +849.000
1622273640, +3.03, +23.211,  +0.00217, -196.000, +1267.000, +800.000
1622273700, +3.03, +23.236,  +0.04552, -200.000, +1248.000, +825.000
1622273760, +3.03, +23.203,  -0.11550, -193.000, +1169.000, +831.000
1622273820, +3.03, +23.220,  -0.06905, -196.000, +1180.000, +844.000
1622273880, +3.03, +23.220,  +0.03933, -196.000, +1270.000, +788.000
1622273940, +3.03, +23.228,  -0.11241, -200.000, +1232.000, +839.000
1622274000, +3.03, +23.228,  -0.10312, -200.000, +1240.000, +835.000
1622274060, +3.03, +23.253,  -0.05047, -200.000, +1244.000, +831.000
1622274120, +3.03, +23.236,  -0.14028, -200.000, +1231.000, +844.000
1622274180, +3.03, +23.236,  +0.10745, -200.000, +1240.000, +832.000
1622274240, +3.03, +23.236,  -0.07215, -200.000, +1244.000, +831.000
1622274300, +3.03, +23.253,  +0.12603, -192.000, +1289.000, +744.000
1622274360, +3.04, +23.261,  +0.01146, -200.000, +1251.000, +819.000
1622274420, +3.03, +23.270,  -0.09692, -192.000, +1286.000, +756.000
1622274480, +3.03, +23.261,  -0.02880, -200.000, +1240.000, +835.000
1622274540, +3.03, +23.270,  -0.10931, -200.000, +1255.000, +816.000
1622274600, +3.03, +23.261,  -0.01641, -200.000, +1198.000, +848.000
1622274660, +3.04, +23.261,  -0.01641, -200.000, +1171.000, +833.000
1622274720, +3.03, +23.278,  +0.03623, -200.000, +1236.000, +839.000
1622274780, +3.03, +23.295,  -0.00403, -192.000, +1283.000, +760.000
1622274840, +3.03, +23.286,  -0.03499, -200.000, +1220.000, +848.000
1622274900, +3.03, +23.286,  +0.03313, -200.000, +1206.000, +848.000
1622274960, +3.03, +23.286,  -0.05976, -196.000, +1272.000, +787.000
1622275020, +3.03, +23.295,  -0.07525, -200.000, +1260.000, +807.000
1622275080, +3.03, +23.286,  -0.01332, -196.000, +1176.000, +835.000
1622275140, +3.03, +23.303,  -0.10931, -205.000, +1206.000, +847.000
1622275200, +3.03, +23.312,  -0.09692, -192.000, +1287.000, +750.000
1622275260, +3.03, +23.320,  +0.02694, -200.000, +1248.000, +824.000
1622275320, +3.03, +23.312,  -0.15885, -192.000, +1281.000, +764.000
1622275380, +3.03, +23.320,  -0.01022, -196.000, +1171.000, +833.000
1622275440, +3.03, +23.320,  +0.03933, -202.000, +1240.000, +838.000
1622275500, +3.03, +23.320,  +0.03623, -200.000, +1244.000, +832.000
1622275560, +3.03, +23.328,  -0.01022, -202.000, +1223.000, +847.000
1622275620, +3.03, +23.328,  -0.11241, -200.000, +1190.000, +847.000
