7530-428102
OS REV: 1.05 Sensor Cal: 1572940800
Time (sec),  Bat (Volts),   T (deg C),  PAR (umol/(s m^2))  Ax (g), Ay (g), Az (g)
1622016480, +3.09, +28.074,  -0.06596, +1096.000, +96.000, +176.000
1622016540, +3.09, +28.058,  -0.00712, +1086.000, +88.000, +206.000
1622016600, +3.09, +28.066,  +0.01146, +1086.000, +86.000, +208.000
1622016660, +3.09, +28.058,  -0.03499, +1112.000, +88.000, +128.000
1622016720, +3.09, +28.058,  -0.08144, +1096.000, +96.000, +176.000
1622016780, +3.09, +28.066,  -0.02880, +1096.000, +96.000, +172.000
1622016840, +3.09, +28.050,  +0.00217, +1104.000, +96.000, +144.000
1622016900, +3.09, +28.050,  -0.04738, +1116.000, +80.000, +134.000
1622016960, +3.09, +28.042,  -0.18672, +1100.000, +96.000, +172.000
1622017020, +3.09, +28.050,  +0.09507, +1089.000, +88.000, +195.000
1622017080, +3.09, +28.050,  +0.00526, +1102.000, +96.000, +156.000
1622017140, +3.09, +28.050,  +0.04242, +1089.000, +88.000, +192.000
1622017200, +3.09, +28.042,  -0.18363, +1006.000, +56.000, +303.000
1622017260, +3.09, +28.042,  -0.07525, +1103.000, +96.000, +148.000
1622017320, +3.09, +28.025,  +0.01146, +1100.000, +96.000, +156.000
1622017380, +3.09, +28.025,  -0.00093, +1107.000, +96.000, +140.000
1622017440, +3.09, +28.017,  -0.01641, +1107.000, +96.000, +134.000
1622017500, +3.09, +28.033,  -0.05357, +1081.000, +84.000, +216.000
1622017560, +3.09, +28.033,  +0.00526, +1091.000, +88.000, +192.000
1622017620, +3.09, +28.017,  +0.01146, +1112.000, +59.000, +151.000
1622017680, +3.09, +28.025,  +0.02694, +1086.000, +88.000, +195.000
1622017740, +3.09, +28.009,  -0.07215, +1004.000, +55.000, +300.000
1622017800, +3.09, +28.017,  -0.01951, +1112.000, +88.000, +128.000
1622017860, +3.09, +28.009,  +0.00526, +1086.000, +88.000, +211.000
1622017920, +3.09, +28.025,  -0.06286, +1110.000, +92.000, +131.000
1622017980, +3.09, +28.009,  -0.02261, +1104.000, +96.000, +152.000
1622018040, +3.09, +28.017,  -0.02880, +1091.000, +88.000, +192.000
1622018100, +3.09, +28.017,  -0.05667, +1112.000, +78.000, +130.000
1622018160, +3.09, +28.000,  -0.08144, +1107.000, +96.000, +131.000
1622018220, +3.09, +28.009,  +0.00526, +1084.000, +84.000, +211.000
1622018280, +3.09, +27.976,  +0.02075, +1004.000, +55.000, +300.000
1622018340, +3.09, +28.009,  -0.08454, +1112.000, +47.000, +183.000
1622018400, +3.09, +27.992,  -0.01022, +1103.000, +96.000, +152.000
1622018460, +3.09, +27.992,  -0.00093, +1110.000, +88.000, +128.000
1622018520, +3.09, +27.992,  -0.15576, +1112.000, +80.000, +132.000
1622018580, +3.09, +27.968,  +0.01765, +1112.000, +81.000, +131.000
1622018640, +3.09, +27.984,  +0.03623, +1100.000, +96.000, +163.000
1622018700, +3.09, +27.984,  -0.07525, +1091.000, +88.000, +192.000
1622018760, +3.09, +27.984,  +0.06100, +1096.000, +96.000, +172.000
1622018820, +3.09, +27.968,  +0.01455, +1102.000, +96.000, +160.000
1622018880, +3.09, +27.959,  -0.06596, +1100.000, +92.000, +164.000
1622018940, +3.09, +27.976,  +0.01765, +1112.000, +83.000, +132.000
1622019000, +3.09, +27.943,  -0.08454, +1107.000, +96.000, +132.000
1622019060, +3.09, +27.968,  -0.02261, +1115.000, +57.000, +145.000
1622019120, +3.09, +27.968,  -0.04738, +1104.000, +96.000, +150.000
1622019180, +3.09, +27.959,  +0.01455, +1006.000, +54.000, +303.000
1622019240, +3.09, +27.959,  -0.05976, +1084.000, +83.000, +220.000
1622019300, +3.09, +27.943,  +0.03623, +1095.000, +88.000, +180.000
1622019360, +3.09, +27.959,  -0.01022, +1084.000, +86.000, +208.000
1622019420, +3.09, +27.959,  +0.07339, +1087.000, +84.000, +208.000
1622019480, +3.09, +27.951,  -0.09073, +1004.000, +54.000, +302.000
1622019540, +3.09, +27.935,  -0.01951, +1110.000, +96.000, +144.000
1622019600, +3.09, +27.943,  +0.02384, +1112.000, +48.000, +169.000
1622019660, +3.09, +27.935,  +0.06100, +1006.000, +51.000, +304.000
1622019720, +3.09, +27.927,  -0.00093, +1088.000, +88.000, +196.000
1622019780, +3.09, +27.918,  -0.08454, +1112.000, +80.000, +128.000
1622019840, +3.09, +27.943,  +0.05171, +1110.000, +96.000, +135.000
1622019900, +3.09, +27.943,  -0.09692, +1116.000, +80.000, +129.000
1622019960, +3.09, +27.918,  -0.01022, +1080.000, +83.000, +216.000
1622020020, +3.09, +27.927,  -0.02880, +1112.000, +72.000, +136.000
1622020080, +3.09, +27.910,  -0.00712, +1113.000, +60.000, +144.000
1622020140, +3.09, +27.927,  -0.01332, +1112.000, +48.000, +175.000
1622020200, +3.09, +27.918,  -0.01332, +1112.000, +73.000, +136.000
1622020260, +3.09, +27.935,  +0.00217, +1087.000, +83.000, +204.000
1622020320, +3.09, +27.927,  +0.07029, +1107.000, +96.000, +140.000
1622020380, +3.09, +27.927,  +0.00217, +1112.000, +60.000, +153.000
1622020440, +3.09, +27.927,  +0.03004, +1112.000, +48.000, +179.000
1622020500, +3.09, +27.935,  -0.05357, +1112.000, +67.000, +151.000
1622020560, +3.09, +27.927,  -0.01951, +1112.000, +88.000, +128.000
1622020620, +3.09, +27.918,  -0.01022, +1094.000, +88.000, +176.000
1622020680, +3.09, +27.910,  +0.03623, +1112.000, +56.000, +172.000
1622020740, +3.09, +27.927,  +0.04552, +1004.000, +52.000, +302.000
1622020800, +3.09, +27.918,  +0.00526, +1087.000, +86.000, +204.000
1622020860, +3.09, +27.927,  +0.00526, +1084.000, +86.000, +214.000
1622020920, +3.09, +27.918,  +0.01765, +1112.000, +73.000, +134.000
1622020980, +3.09, +27.918,  -0.02570, +1089.000, +88.000, +192.000
1622021040, +3.09, +27.910,  +0.01146, +1104.000, +96.000, +144.000
1622021100, +3.09, +27.927,  -0.10002, +1113.000, +86.000, +128.000
1622021160, +3.09, +27.910,  -0.05047, +1105.000, +96.000, +152.000
1622021220, +3.09, +27.918,  +0.01455, +1092.000, +92.000, +188.000
1622021280, +3.09, +27.918,  -0.06905, +1112.000, +60.000, +156.000
1622021340, +3.09, +27.927,  -0.06596, +1105.000, +96.000, +136.000
1622021400, +3.09, +27.894,  +0.09507, +1112.000, +83.000, +128.000
1622021460, +3.09, +27.910,  +0.08268, +1006.000, +55.000, +303.000
1622021520, +3.09, +27.910,  +0.01146, +1112.000, +96.000, +131.000
1622021580, +3.09, +27.910,  +0.15080, +1088.000, +88.000, +198.000
1622021640, +3.09, +27.918,  -0.04118, +1080.000, +84.000, +216.000
1622021700, +3.09, +27.918,  +0.07958, +1104.000, +96.000, +140.000
1622021760, +3.09, +27.902,  -0.05047, +1099.000, +96.000, +160.000
1622021820, +3.09, +27.918,  +0.01455, +1103.000, +96.000, +144.000
1622021880, +3.09, +27.902,  +0.02384, +1006.000, +54.000, +304.000
1622021940, +3.09, +27.910,  +0.01765, +1112.000, +88.000, +128.000
1622022000, +3.09, +27.910,  -0.00403, +1107.000, +96.000, +140.000
1622022060, +3.09, +27.927,  +0.04552, +1095.000, +92.000, +176.000
1622022120, +3.09, +27.927,  -0.00093, +1102.000, +96.000, +156.000
1622022180, +3.09, +27.902,  -0.11860, +1104.000, +96.000, +147.000
1622022240, +3.09, +27.918,  +0.01146, +1088.000, +88.000, +195.000
1622022300, +3.09, +27.894,  -0.06905, +1112.000, +96.000, +130.000
1622022360, +3.09, +27.918,  -0.00712, +1112.000, +80.000, +131.000
1622022420, +3.09, +27.894,  +0.07958, +1094.000, +92.000, +188.000
1622022480, +3.09, +27.910,  -0.06905, +1004.000, +51.000, +300.000
1622022540, +3.09, +27.902,  -0.06596, +1113.000, +60.000, +167.000
1622022600, +3.09, +27.894,  +0.02694, +1113.000, +80.000, +128.000
1622022660, +3.09, +27.910,  +0.05791, +1112.000, +64.000, +148.000
1622022720, +3.09, +27.910,  -0.07215, +1004.000, +54.000, +303.000
1622022780, +3.09, +27.918,  -0.09073, +1097.000, +96.000, +166.000
1622022840, +3.09, +27.894,  +0.01455, +1108.000, +96.000, +134.000
1622022900, +3.09, +27.894,  -0.03189, +1112.000, +92.000, +128.000
1622022960, +3.09, +27.894,  +0.02694, +1113.000, +80.000, +132.000
1622023020, +3.09, +27.894,  -0.00712, +1095.000, +92.000, +176.000
1622023080, +3.09, +27.902,  -0.08144, +1113.000, +72.000, +136.000
1622023140, +3.09, +27.902,  -0.10312, +1112.000, +47.000, +183.000
1622023200, +3.09, +27.910,  +0.02694, +1007.000, +54.000, +300.000
1622023260, +3.09, +27.902,  -0.03499, +1007.000, +49.000, +304.000
1622023320, +3.09, +27.910,  +0.02384, +1112.000, +60.000, +151.000
1622023380, +3.09, +27.877,  +0.01146, +1112.000, +48.000, +175.000
1622023440, +3.09, +27.894,  -0.05976, +1007.000, +52.000, +304.000
1622023500, +3.09, +27.894,  +0.05171, +1004.000, +54.000, +302.000
1622023560, +3.09, +27.894,  +0.07029, +1004.000, +51.000, +304.000
1622023620, +3.09, +27.885,  -0.14956, +1006.000, +54.000, +302.000
1622023680, +3.09, +27.894,  -0.07525, +1004.000, +56.000, +300.000
1622023740, +3.09, +27.877,  -0.03809, +1104.000, +96.000, +136.000
1622023800, +3.09, +27.885,  +0.08578, +1004.000, +56.000, +302.000
1622023860, +3.09, +27.877,  -0.09073, +1112.000, +88.000, +128.000
1622023920, +3.09, +27.885,  +0.02384, +1110.000, +88.000, +129.000
1622023980, +3.09, +27.885,  +0.10435, +1112.000, +80.000, +131.000
1622024040, +3.09, +27.885,  -0.01951, +1006.000, +54.000, +300.000
1622024100, +3.09, +27.885,  +0.00526, +1087.000, +86.000, +204.000
1622024160, +3.09, +27.894,  +0.03933, +1113.000, +70.000, +139.000
1622024220, +3.09, +27.877,  -0.09383, +1112.000, +80.000, +128.000
1622024280, +3.09, +27.885,  +0.02384, +1108.000, +92.000, +131.000
1622024340, +3.09, +27.877,  +0.01146, +1004.000, +56.000, +303.000
1622024400, +3.09, +27.877,  -0.04738, +1113.000, +76.000, +136.000
1622024460, +3.09, +27.885,  -0.05976, +1097.000, +96.000, +163.000
1622024520, +3.09, +27.861,  -0.00712, +1113.000, +68.000, +147.000
1622024580, +3.09, +27.877,  -0.11860, +1112.000, +41.000, +175.000
1622024640, +3.09, +27.853,  -0.01641, +1088.000, +88.000, +199.000
1622024700, +3.09, +27.869,  -0.02261, +1116.000, +76.000, +132.000
1622024760, +3.09, +27.869,  -0.11241, +1112.000, +48.000, +172.000
1622024820, +3.09, +27.877,  -0.08144, +1112.000, +92.000, +131.000
1622024880, +3.09, +27.853,  +0.01146, +1112.000, +64.000, +148.000
1622024940, +3.09, +27.869,  +0.05481, +1004.000, +54.000, +300.000
1622025000, +3.09, +27.853,  +0.03004, +1112.000, +88.000, +128.000
1622025060, +3.09, +27.861,  -0.04738, +1112.000, +51.000, +179.000
1622025120, +3.09, +27.861,  -0.10002, +1116.000, +64.000, +148.000
1622025180, +3.09, +27.861,  -0.13408, +1112.000, +92.000, +134.000
1622025240, +3.09, +27.861,  +0.00836, +1004.000, +56.000, +302.000
1622025300, +3.09, +27.861,  -0.12170, +1004.000, +56.000, +300.000
1622025360, +3.09, +27.861,  -0.08763, +1112.000, +88.000, +128.000
1622025420, +3.09, +27.844,  +0.00526, +1112.000, +60.000, +161.000
1622025480, +3.09, +27.844,  +0.07029, +1107.000, +96.000, +142.000
1622025540, +3.09, +27.861,  -0.02261, +1112.000, +64.000, +152.000
1622025600, +3.09, +27.853,  +0.02384, +1008.000, +54.000, +304.000
1622025660, +3.09, +27.820,  -0.01951, +1004.000, +51.000, +300.000
1622025720, +3.09, +27.853,  -0.11860, +1112.000, +48.000, +175.000
1622025780, +3.09, +27.828,  -0.10931, +1006.000, +54.000, +304.000
1622025840, +3.09, +27.853,  +0.05481, +1112.000, +64.000, +152.000
1622025900, +3.09, +27.844,  +0.03933, +1107.000, +96.000, +136.000
1622025960, +3.09, +27.844,  +0.13842, +1116.000, +64.000, +150.000
1622026020, +3.09, +27.828,  +0.04552, +1004.000, +54.000, +300.000
1622026080, +3.09, +27.828,  -0.05357, +1004.000, +55.000, +302.000
1622026140, +3.09, +27.828,  -0.07525, +1112.000, +54.000, +172.000
1622026200, +3.09, +27.828,  -0.07834, +1004.000, +54.000, +300.000
1622026260, +3.09, +27.811,  -0.05357, +1004.000, +55.000, +297.000
1622026320, +3.09, +27.828,  -0.06286, +1004.000, +55.000, +299.000
1622026380, +3.09, +27.795,  +0.01146, +1106.000, +55.000, +191.000
1622026440, +3.09, +27.770,  +0.03623, +1003.000, +55.000, +300.000
1622026500, +3.09, +27.795,  -0.06905, +1113.000, +80.000, +132.000
1622026560, +3.09, +27.779,  -0.14647, +1006.000, +55.000, +300.000
1622026620, +3.09, +27.779,  +0.12293, +1007.000, +54.000, +302.000
1622026680, +3.09, +27.779,  -0.02570, +1004.000, +56.000, +303.000
1622026740, +3.09, +27.787,  -0.01641, +1004.000, +54.000, +300.000
1622026800, +3.09, +27.787,  +0.00526, +1112.000, +88.000, +128.000
1622026860, +3.09, +27.779,  -0.12170, +1112.000, +49.000, +183.000
1622026920, +3.09, +27.779,  -0.08144, +1004.000, +55.000, +300.000
1622026980, +3.09, +27.770,  -0.01641, +1112.000, +63.000, +163.000
1622027040, +3.09, +27.762,  -0.14956, +1112.000, +76.000, +136.000
1622027100, +3.09, +27.770,  +0.00217, +1004.000, +54.000, +300.000
1622027160, +3.09, +27.770,  -0.10002, +1004.000, +54.000, +303.000
1622027220, +3.09, +27.770,  +0.00217, +1111.000, +47.000, +179.000
1622027280, +3.09, +27.762,  -0.00403, +1008.000, +55.000, +300.000
1622027340, +3.09, +27.762,  -0.10931, +1015.000, +56.000, +304.000
1622027400, +3.09, +27.754,  -0.03189, +1111.000, +60.000, +152.000
1622027460, +3.09, +27.737,  +0.02694, +1004.000, +56.000, +302.000
1622027520, +3.09, +27.729,  +0.09507, +1001.000, +54.000, +302.000
1622027580, +3.09, +27.721,  +0.00836, +1112.000, +73.000, +136.000
1622027640, +3.09, +27.704,  -0.09383, +1006.000, +51.000, +300.000
1622027700, +3.09, +27.696,  -0.06286, +1004.000, +56.000, +304.000
1622027760, +3.09, +27.688,  +0.01765, +1004.000, +52.000, +300.000
1622027820, +3.09, +27.680,  -0.05976, +1113.000, +57.000, +167.000
1622027880, +3.09, +27.680,  -0.00712, +1004.000, +51.000, +300.000
1622027940, +3.09, +27.663,  -0.01332, +1004.000, +54.000, +302.000
1622028000, +3.09, +27.647,  -0.02570, +1004.000, +51.000, +300.000
1622028060, +3.09, +27.655,  +0.02694, +1004.000, +51.000, +300.000
1622028120, +3.09, +27.639,  -0.00403, +1004.000, +54.000, +304.000
1622028180, +3.09, +27.622,  -0.08763, +1004.000, +52.000, +302.000
1622028240, +3.09, +27.630,  +0.03004, +1006.000, +52.000, +302.000
1622028300, +3.09, +27.614,  +0.02384, +1004.000, +51.000, +300.000
1622028360, +3.09, +27.606,  -0.02880, +1027.000, +60.000, +304.000
1622028420, +3.09, +27.606,  -0.00403, +1004.000, +51.000, +302.000
1622028480, +3.09, +27.589,  +0.03313, +1024.000, +56.000, +304.000
1622028540, +3.09, +27.597,  -0.08454, +1030.000, +60.000, +304.000
1622028600, +3.09, +27.589,  -0.03809, +1011.000, +56.000, +304.000
1622028660, +3.09, +27.556,  +0.03004, +1004.000, +51.000, +300.000
1622028720, +3.09, +27.573,  -0.09073, +1056.000, +70.000, +271.000
1622028780, +3.09, +27.581,  +0.03623, +1004.000, +56.000, +304.000
1622028840, +3.09, +27.581,  +0.00836, +1008.000, +52.000, +304.000
1622028900, +3.09, +27.573,  -0.03189, +1004.000, +54.000, +304.000
1622028960, +3.09, +27.573,  -0.09073, +1008.000, +49.000, +304.000
1622029020, +3.09, +27.556,  -0.06596, +1008.000, +56.000, +304.000
1622029080, +3.09, +27.556,  +0.09197, +1039.000, +64.000, +296.000
1622029140, +3.09, +27.548,  +0.03623, +1072.000, +78.000, +243.000
1622029200, +3.09, +27.556,  -0.11550, +1004.000, +54.000, +300.000
1622029260, +3.09, +27.565,  +0.04242, +1016.000, +56.000, +304.000
1622029320, +3.09, +27.556,  -0.08763, +1004.000, +51.000, +304.000
1622029380, +3.09, +27.565,  -0.18053, +1004.000, +51.000, +300.000
1622029440, +3.09, +27.556,  -0.10931, +1006.000, +54.000, +302.000
1622029500, +3.09, +27.565,  -0.01022, +1006.000, +51.000, +304.000
1622029560, +3.09, +27.565,  -0.05976, +1024.000, +56.000, +302.000
1622029620, +3.09, +27.565,  -0.02261, +1004.000, +52.000, +304.000
1622029680, +3.09, +27.556,  -0.05976, +1004.000, +56.000, +297.000
1622029740, +3.09, +27.581,  -0.00712, +1035.000, +60.000, +300.000
1622029800, +3.09, +27.556,  -0.05667, +1024.000, +60.000, +304.000
1622029860, +3.09, +27.556,  -0.14028, +1014.000, +56.000, +304.000
1622029920, +3.09, +27.589,  -0.08454, +1056.000, +70.000, +273.000
1622029980, +3.09, +27.581,  +0.04552, +1004.000, +56.000, +302.000
1622030040, +3.09, +27.597,  -0.05667, +1006.000, +56.000, +304.000
1622030100, +3.09, +27.573,  -0.06596, +1006.000, +51.000, +304.000
1622030160, +3.09, +27.589,  +0.15390, +1017.000, +56.000, +304.000
1622030220, +3.09, +27.581,  -0.00093, +1004.000, +51.000, +304.000
1622030280, +3.09, +27.606,  -0.05667, +1048.000, +67.000, +288.000
1622030340, +3.09, +27.606,  -0.05357, +1016.000, +54.000, +304.000
1622030400, +3.09, +27.597,  -0.12170, +1004.000, +56.000, +300.000
1622030460, +3.09, +27.614,  -0.09073, +1004.000, +51.000, +300.000
1622030520, +3.09, +27.597,  -0.09073, +1004.000, +52.000, +300.000
1622030580, +3.09, +27.597,  -0.00093, +1022.000, +56.000, +304.000
1622030640, +3.09, +27.589,  -0.04118, +1006.000, +54.000, +302.000
1622030700, +3.09, +27.589,  +0.04552, +1004.000, +52.000, +302.000
1622030760, +3.09, +27.597,  -0.01951, +1008.000, +51.000, +300.000
1622030820, +3.09, +27.597,  +0.02075, +1009.000, +51.000, +304.000
1622030880, +3.09, +27.606,  -0.08454, +1020.000, +56.000, +304.000
1622030940, +3.09, +27.606,  -0.01022, +1004.000, +51.000, +302.000
1622031000, +3.09, +27.614,  -0.01641, +1025.000, +56.000, +304.000
1622031060, +3.09, +27.614,  -0.05047, +1004.000, +54.000, +300.000
1622031120, +3.09, +27.614,  -0.10621, +1004.000, +56.000, +302.000
1622031180, +3.09, +27.606,  -0.07215, +1112.000, +80.000, +134.000
1622031240, +3.09, +27.606,  +0.11984, +1008.000, +51.000, +304.000
1622031300, +3.09, +27.606,  -0.00093, +1040.000, +64.000, +295.000
1622031360, +3.09, +27.614,  -0.02261, +1048.000, +64.000, +284.000
1622031420, +3.09, +27.614,  -0.02261, +1055.000, +70.000, +276.000
1622031480, +3.09, +27.622,  +0.04552, +1004.000, +54.000, +300.000
1622031540, +3.09, +27.581,  -0.18363, +1054.000, +70.000, +276.000
1622031600, +3.09, +27.614,  -0.10931, +1030.000, +60.000, +302.000
1622031660, +3.09, +27.614,  -0.12479, +1004.000, +51.000, +302.000
1622031720, +3.09, +27.622,  -0.01641, +1006.000, +52.000, +302.000
1622031780, +3.09, +27.622,  -0.01951, +1006.000, +49.000, +300.000
1622031840, +3.09, +27.614,  -0.17434, +1011.000, +56.000, +304.000
1622031900, +3.09, +27.622,  +0.12913, +1112.000, +54.000, +168.000
1622031960, +3.09, +27.614,  -0.13408, +1004.000, +56.000, +296.000
1622032020, +3.09, +27.606,  +0.03004, +1004.000, +51.000, +304.000
1622032080, +3.09, +27.614,  +0.00836, +1004.000, +54.000, +300.000
1622032140, +3.09, +27.606,  -0.05667, +1008.000, +51.000, +304.000
1622032200, +3.09, +27.589,  -0.03809, +1006.000, +54.000, +302.000
1622032260, +3.09, +27.630,  -0.03809, +1004.000, +54.000, +300.000
1622032320, +3.09, +27.606,  -0.03809, +1004.000, +51.000, +300.000
1622032380, +3.09, +27.614,  -0.04428, +1011.000, +51.000, +304.000
1622032440, +3.09, +27.622,  -0.00093, +1004.000, +51.000, +300.000
1622032500, +3.09, +27.614,  -0.03189, +1006.000, +56.000, +297.000
1622032560, +3.09, +27.606,  -0.03499, +1004.000, +56.000, +300.000
1622032620, +3.09, +27.622,  -0.04118, +1004.000, +55.000, +300.000
1622032680, +3.09, +27.622,  -0.03809, +1017.000, +56.000, +304.000
1622032740, +3.09, +27.606,  -0.01951, +1004.000, +56.000, +300.000
1622032800, +3.09, +27.597,  +0.07958, +1020.000, +60.000, +304.000
1622032860, +3.09, +27.606,  -0.09692, +1046.000, +64.000, +289.000
1622032920, +3.09, +27.589,  -0.05357, +1039.000, +64.000, +296.000
1622032980, +3.09, +27.606,  -0.01951, +1020.000, +56.000, +304.000
1622033040, +3.09, +27.606,  -0.06905, +1004.000, +51.000, +302.000
1622033100, +3.09, +27.581,  -0.05667, +1022.000, +56.000, +304.000
1622033160, +3.09, +27.597,  +0.04552, +1004.000, +54.000, +302.000
1622033220, +3.09, +27.581,  +0.00217, +1032.000, +60.000, +296.000
1622033280, +3.09, +27.589,  -0.01951, +1007.000, +52.000, +304.000
1622033340, +3.09, +27.589,  -0.02880, +1043.000, +64.000, +291.000
1622033400, +3.09, +27.573,  -0.06905, +1006.000, +52.000, +304.000
1622033460, +3.09, +27.597,  -0.09692, +1036.000, +60.000, +296.000
1622033520, +3.09, +27.573,  -0.02880, +1016.000, +56.000, +304.000
1622033580, +3.09, +27.573,  -0.02261, +1016.000, +56.000, +304.000
1622033640, +3.09, +27.573,  -0.00403, +1016.000, +56.000, +304.000
1622033700, +3.09, +27.581,  +0.07339, +1008.000, +56.000, +304.000
1622033760, +3.09, +27.581,  -0.05357, +1046.000, +64.000, +288.000
1622033820, +3.09, +27.573,  +0.01455, +1031.000, +60.000, +302.000
1622033880, +3.09, +27.573,  -0.01951, +1039.000, +62.000, +295.000
1622033940, +3.09, +27.548,  -0.19911, +1008.000, +54.000, +304.000
1622034000, +3.09, +27.565,  -0.05047, +1006.000, +54.000, +302.000
1622034060, +3.09, +27.565,  -0.00712, +1007.000, +54.000, +300.000
1622034120, +3.09, +27.565,  -0.02261, +1004.000, +54.000, +302.000
1622034180, +3.09, +27.565,  -0.05667, +1011.000, +54.000, +304.000
1622034240, +3.09, +27.540,  -0.03189, +1024.000, +56.000, +304.000
1622034300, +3.09, +27.548,  -0.05357, +1030.000, +64.000, +300.000
1622034360, +3.09, +27.565,  +0.01765, +1011.000, +51.000, +304.000
1622034420, +3.09, +27.548,  -0.11860, +1039.000, +64.000, +296.000
1622034480, +3.09, +27.548,  -0.04738, +1004.000, +54.000, +304.000
1622034540, +3.09, +27.548,  +0.04862, +1032.000, +60.000, +296.000
1622034600, +3.09, +27.556,  -0.04428, +1008.000, +52.000, +302.000
1622034660, +3.09, +27.532,  +0.02384, +1004.000, +54.000, +302.000
1622034720, +3.09, +27.548,  +0.06410, +1004.000, +55.000, +300.000
1622034780, +3.09, +27.548,  -0.05047, +1016.000, +52.000, +304.000
1622034840, +3.09, +27.540,  +0.02694, +1030.000, +60.000, +300.000
1622034900, +3.09, +27.532,  -0.02570, +1040.000, +64.000, +295.000
1622034960, +3.09, +27.499,  -0.04738, +1031.000, +60.000, +300.000
1622035020, +3.09, +27.515,  +0.01146, +1046.000, +64.000, +286.000
1622035080, +3.09, +27.532,  +0.05481, +1043.000, +64.000, +291.000
1622035140, +3.09, +27.523,  -0.01641, +1052.000, +67.000, +280.000
1622035200, +3.09, +27.490,  -0.00093, +1070.000, +76.000, +248.000
1622035260, +3.09, +27.499,  -0.00403, +1079.000, +83.000, +224.000
1622035320, +3.09, +27.507,  -0.10621, +1068.000, +76.000, +254.000
1622035380, +3.09, +27.482,  -0.14956, +1016.000, +56.000, +304.000
1622035440, +3.09, +27.490,  -0.10931, +1081.000, +84.000, +220.000
1622035500, +3.09, +27.474,  -0.00093, +1078.000, +80.000, +227.000
1622035560, +3.09, +27.490,  +0.02694, +1073.000, +78.000, +240.000
1622035620, +3.09, +27.466,  -0.07525, +1052.000, +70.000, +278.000
1622035680, +3.09, +27.474,  -0.05667, +1059.000, +72.000, +264.000
1622035740, +3.09, +27.433,  +0.06410, +1040.000, +64.000, +288.000
1622035800, +3.09, +27.466,  +0.05481, +1080.000, +86.000, +217.000
1622035860, +3.09, +27.466,  -0.09692, +1073.000, +80.000, +232.000
1622035920, +3.09, +27.441,  +0.08578, +1076.000, +80.000, +231.000
1622035980, +3.09, +27.441,  -0.03499, +1059.000, +72.000, +271.000
1622036040, +3.09, +27.424,  +0.06100, +1063.000, +72.000, +263.000
1622036100, +3.09, +27.441,  -0.02880, +1039.000, +64.000, +294.000
1622036160, +3.09, +27.449,  -0.11550, +1078.000, +80.000, +231.000
1622036220, +3.09, +27.424,  -0.13408, +1072.000, +80.000, +240.000
1622036280, +3.09, +27.408,  +0.03623, +1080.000, +83.000, +224.000
1622036340, +3.09, +27.408,  +0.12913, +1094.000, +96.000, +179.000
1622036400, +3.09, +27.400,  -0.04118, +1068.000, +76.000, +248.000
1622036460, +3.09, +27.400,  -0.10312, +1014.000, +56.000, +304.000
1622036520, +3.09, +27.416,  +0.07029, +1067.000, +76.000, +256.000
1622036580, +3.09, +27.400,  -0.07525, +1036.000, +60.000, +296.000
1622036640, +3.09, +27.408,  -0.03499, +1086.000, +88.000, +204.000
1622036700, +3.09, +27.391,  -0.10002, +1065.000, +72.000, +256.000
1622036760, +3.09, +27.400,  -0.08454, +1076.000, +80.000, +231.000
1622036820, +3.09, +27.391,  -0.01022, +1048.000, +65.000, +286.000
1622036880, +3.09, +27.383,  -0.05357, +1063.000, +72.000, +264.000
1622036940, +3.09, +27.391,  -0.02880, +1076.000, +81.000, +224.000
1622037000, +3.09, +27.375,  -0.05667, +1055.000, +67.000, +276.000
1622037060, +3.09, +27.383,  -0.10931, +1068.000, +78.000, +243.000
1622037120, +3.09, +27.375,  -0.03189, +1004.000, +52.000, +300.000
1622037180, +3.09, +27.375,  +0.08578, +1080.000, +80.000, +230.000
1622037240, +3.09, +27.383,  -0.13408, +1059.000, +72.000, +268.000
1622037300, +3.09, +27.391,  -0.10621, +1036.000, +64.000, +296.000
1622037360, +3.09, +27.375,  -0.06286, +1052.000, +67.000, +280.000
1622037420, +3.09, +27.383,  +0.01455, +1072.000, +80.000, +240.000
1622037480, +3.09, +27.367,  +0.07029, +1075.000, +78.000, +236.000
1622037540, +3.09, +27.350,  -0.06286, +1072.000, +78.000, +248.000
1622037600, +3.09, +27.367,  +0.03004, +1055.000, +68.000, +278.000
1622037660, +3.09, +27.367,  +0.00217, +1054.000, +71.000, +275.000
1622037720, +3.09, +27.367,  -0.04738, +1048.000, +64.000, +288.000
1622037780, +3.09, +27.350,  -0.01641, +1004.000, +54.000, +302.000
1622037840, +3.09, +27.383,  -0.08144, +1080.000, +83.000, +224.000
1622037900, +3.09, +27.383,  -0.18982, +1072.000, +76.000, +240.000
1622037960, +3.09, +27.375,  -0.03499, +1055.000, +70.000, +275.000
1622038020, +3.09, +27.375,  -0.00403, +1060.000, +72.000, +263.000
1622038080, +3.09, +27.383,  -0.03499, +1084.000, +84.000, +208.000
1622038140, +3.09, +27.383,  -0.00712, +1088.000, +88.000, +200.000
1622038200, +3.09, +27.375,  -0.01332, +1059.000, +72.000, +270.000
1622038260, +3.09, +27.383,  -0.08144, +1080.000, +88.000, +216.000
1622038320, +3.09, +27.375,  -0.04738, +1076.000, +80.000, +232.000
1622038380, +3.09, +27.367,  -0.07215, +1036.000, +64.000, +296.000
1622038440, +3.09, +27.367,  +0.12293, +1060.000, +76.000, +263.000
1622038500, +3.09, +27.383,  -0.05667, +1056.000, +71.000, +270.000
1622038560, +3.09, +27.375,  -0.02570, +1043.000, +65.000, +291.000
1622038620, +3.09, +27.367,  -0.01951, +1057.000, +72.000, +271.000
1622038680, +3.09, +27.359,  -0.09692, +1060.000, +76.000, +265.000
1622038740, +3.09, +27.375,  +0.03004, +1016.000, +56.000, +304.000
1622038800, +3.09, +27.359,  -0.10931, +1062.000, +72.000, +268.000
1622038860, +3.09, +27.375,  -0.03189, +1072.000, +80.000, +240.000
1622038920, +3.09, +27.367,  -0.02261, +1084.000, +84.000, +216.000
1622038980, +3.09, +27.375,  +0.03004, +1072.000, +80.000, +240.000
1622039040, +3.09, +27.367,  -0.08144, +1072.000, +78.000, +240.000
1622039100, +3.09, +27.383,  -0.04738, +1095.000, +92.000, +179.000
1622039160, +3.09, +27.375,  -0.04428, +1054.000, +70.000, +275.000
1622039220, +3.09, +27.359,  -0.07834, +1068.000, +78.000, +252.000
1622039280, +3.09, +27.367,  -0.04428, +1075.000, +80.000, +236.000
1622039340, +3.09, +27.350,  -0.11860, +1075.000, +83.000, +232.000
1622039400, +3.09, +27.367,  -0.02570, +1043.000, +64.000, +291.000
1622039460, +3.09, +27.367,  -0.08144, +1046.000, +67.000, +288.000
1622039520, +3.09, +27.375,  -0.06905, +1057.000, +71.000, +271.000
1622039580, +3.09, +27.383,  -0.07525, +1091.000, +92.000, +184.000
1622039640, +3.09, +27.375,  +0.07958, +1062.000, +72.000, +264.000
1622039700, +3.09, +27.375,  -0.04118, +1059.000, +72.000, +268.000
1622039760, +3.09, +27.383,  +0.00526, +1081.000, +88.000, +216.000
1622039820, +3.09, +27.383,  +0.08887, +1055.000, +71.000, +276.000
1622039880, +3.09, +27.383,  +0.09197, +1039.000, +64.000, +295.000
1622039940, +3.09, +27.383,  -0.04428, +1068.000, +76.000, +248.000
1622040000, +3.09, +27.383,  -0.10312, +1048.000, +64.000, +280.000
1622040060, +3.09, +27.391,  +0.01765, +1059.000, +71.000, +271.000
1622040120, +3.09, +27.400,  +0.05481, +1056.000, +72.000, +272.000
1622040180, +3.09, +27.391,  +0.06410, +1048.000, +64.000, +286.000
1622040240, +3.09, +27.391,  +0.18177, +1040.000, +64.000, +295.000
1622040300, +3.09, +27.383,  +0.10435, +1072.000, +78.000, +240.000
1622040360, +3.09, +27.391,  -0.04428, +1060.000, +72.000, +262.000
1622040420, +3.09, +27.400,  -0.13408, +1072.000, +80.000, +246.000
1622040480, +3.09, +27.400,  -0.09383, +1056.000, +72.000, +270.000
1622040540, +3.09, +27.408,  +0.01455, +1072.000, +80.000, +243.000
1622040600, +3.09, +27.400,  -0.10312, +1031.000, +60.000, +300.000
1622040660, +3.09, +27.400,  +0.05791, +1014.000, +56.000, +304.000
1622040720, +3.09, +27.383,  -0.02570, +1040.000, +64.000, +294.000
1622040780, +3.09, +27.400,  -0.02570, +1016.000, +56.000, +304.000
1622040840, +3.09, +27.391,  +0.01455, +1068.000, +76.000, +252.000
1622040900, +3.09, +27.408,  -0.08454, +1073.000, +80.000, +232.000
1622040960, +3.09, +27.391,  -0.03189, +1048.000, +67.000, +284.000
1622041020, +3.09, +27.408,  +0.07339, +1052.000, +70.000, +280.000
1622041080, +3.09, +27.424,  -0.04428, +1112.000, +64.000, +147.000
1622041140, +3.09, +27.408,  +0.03933, +1039.000, +62.000, +296.000
1622041200, +3.09, +27.416,  -0.04118, +1080.000, +84.000, +224.000
1622041260, +3.09, +27.416,  -0.08144, +1068.000, +76.000, +252.000
1622041320, +3.09, +27.416,  -0.12170, +1072.000, +80.000, +240.000
1622041380, +3.09, +27.400,  -0.12170, +1056.000, +68.000, +273.000
1622041440, +3.09, +27.416,  +0.02694, +1059.000, +76.000, +268.000
1622041500, +3.09, +27.408,  +0.01146, +1039.000, +64.000, +292.000
1622041560, +3.09, +27.424,  -0.03809, +1056.000, +70.000, +272.000
1622041620, +3.09, +27.408,  -0.06596, +1068.000, +78.000, +248.000
1622041680, +3.09, +27.400,  +0.01146, +1006.000, +51.000, +300.000
1622041740, +3.09, +27.416,  -0.18982, +1043.000, +67.000, +288.000
1622041800, +3.09, +27.383,  +0.12603, +1075.000, +83.000, +232.000
1622041860, +3.09, +27.408,  -0.04118, +1078.000, +80.000, +228.000
1622041920, +3.09, +27.424,  -0.11860, +1039.000, +64.000, +295.000
1622041980, +3.09, +27.408,  +0.01765, +1040.000, +64.000, +294.000
1622042040, +3.09, +27.424,  -0.06286, +1056.000, +70.000, +272.000
1622042100, +3.09, +27.416,  -0.00403, +1054.000, +70.000, +272.000
1622042160, +3.09, +27.408,  -0.05976, +1052.000, +68.000, +284.000
1622042220, +3.09, +27.416,  -0.05976, +1080.000, +84.000, +224.000
1622042280, +3.09, +27.416,  +0.04552, +1024.000, +60.000, +304.000
1622042340, +3.09, +27.424,  -0.09383, +1006.000, +51.000, +302.000
1622042400, +3.09, +27.416,  +0.08578, +1068.000, +78.000, +256.000
1622042460, +3.09, +27.408,  -0.00403, +1028.000, +60.000, +300.000
1622042520, +3.09, +27.416,  +0.09816, +1043.000, +64.000, +288.000
1622042580, +3.09, +27.383,  -0.00712, +1064.000, +76.000, +263.000
1622042640, +3.09, +27.416,  +0.00836, +1086.000, +88.000, +204.000
1622042700, +3.09, +27.416,  -0.12170, +1048.000, +64.000, +286.000
1622042760, +3.09, +27.400,  -0.04118, +1027.000, +60.000, +300.000
1622042820, +3.09, +27.400,  +0.10745, +1004.000, +54.000, +300.000
1622042880, +3.09, +27.424,  +0.05481, +1027.000, +60.000, +302.000
1622042940, +3.09, +27.400,  -0.03809, +1027.000, +62.000, +304.000
1622043000, +3.09, +27.424,  -0.02261, +1043.000, +64.000, +291.000
1622043060, +3.09, +27.424,  -0.10621, +1055.000, +68.000, +280.000
1622043120, +3.09, +27.416,  -0.07834, +1006.000, +51.000, +302.000
1622043180, +3.09, +27.424,  -0.02570, +1068.000, +76.000, +252.000
1622043240, +3.09, +27.416,  +0.02384, +1063.000, +72.000, +259.000
1622043300, +3.09, +27.441,  -0.03499, +1048.000, +68.000, +288.000
1622043360, +3.09, +27.416,  -0.00403, +1008.000, +56.000, +304.000
1622043420, +3.09, +27.433,  -0.16814, +1052.000, +67.000, +280.000
1622043480, +3.09, +27.441,  -0.00403, +1008.000, +56.000, +304.000
1622043540, +3.09, +27.416,  -0.02570, +1113.000, +51.000, +179.000
1622043600, +3.09, +27.449,  +0.02384, +1030.000, +62.000, +296.000
1622043660, +3.09, +27.433,  +0.05171, +1027.000, +56.000, +302.000
1622043720, +3.09, +27.433,  -0.07834, +1004.000, +54.000, +297.000
1622043780, +3.09, +27.433,  -0.04738, +1043.000, +64.000, +291.000
1622043840, +3.09, +27.449,  +0.00217, +1084.000, +84.000, +216.000
1622043900, +3.09, +27.441,  -0.03809, +1073.000, +80.000, +232.000
1622043960, +3.09, +27.449,  -0.01332, +1055.000, +72.000, +273.000
1622044020, +3.09, +27.433,  -0.09383, +1024.000, +60.000, +304.000
1622044080, +3.09, +27.433,  -0.10002, +1025.000, +60.000, +304.000
1622044140, +3.09, +27.433,  -0.01332, +1003.000, +54.000, +300.000
1622044200, +3.09, +27.466,  -0.01022, +1016.000, +56.000, +304.000
1622044260, +3.09, +27.457,  -0.02261, +1072.000, +81.000, +236.000
1622044320, +3.09, +27.449,  -0.09073, +1048.000, +64.000, +287.000
1622044380, +3.09, +27.424,  -0.00093, +1004.000, +54.000, +300.000
1622044440, +3.09, +27.457,  +0.06100, +1095.000, +92.000, +177.000
1622044500, +3.09, +27.449,  -0.07215, +1046.000, +64.000, +289.000
1622044560, +3.09, +27.441,  -0.01022, +1063.000, +76.000, +262.000
1622044620, +3.09, +27.457,  +0.03623, +1110.000, +96.000, +128.000
1622044680, +3.09, +27.457,  +0.05481, +1112.000, +96.000, +128.000
1622044740, +3.09, +27.457,  -0.05667, +1004.000, +56.000, +302.000
1622044800, +3.09, +27.457,  +0.02694, +1112.000, +96.000, +124.000
1622044860, +3.09, +27.424,  +0.06410, +1073.000, +80.000, +240.000
1622044920, +3.09, +27.457,  +0.06720, +1004.000, +55.000, +303.000
1622044980, +3.09, +27.441,  +0.13532, +1004.000, +54.000, +303.000
1622045040, +3.09, +27.466,  +0.20035, +1031.000, +64.000, +300.000
1622045100, +3.09, +27.441,  +0.26847, +1006.000, +56.000, +300.000
1622045160, +3.09, +27.449,  +0.29634, +1024.000, +56.000, +304.000
1622045220, +3.09, +27.441,  +0.47285, +1073.000, +80.000, +236.000
1622045280, +3.09, +27.457,  +0.57194, +1089.000, +89.000, +185.000
1622045340, +3.09, +27.457,  +0.81967, +1112.000, +86.000, +128.000
1622045400, +3.09, +27.449,  +1.13552, +1072.000, +80.000, +240.000
1622045460, +3.09, +27.441,  +1.49782, +1035.000, +64.000, +297.000
1622045520, +3.09, +27.449,  +1.78890, +1025.000, +60.000, +304.000
1622045580, +3.09, +27.449,  +2.21313, +1052.000, +71.000, +280.000
1622045640, +3.09, +27.449,  +2.67762, +1054.000, +67.000, +280.000
1622045700, +3.09, +27.457,  +3.12972, +1110.000, +88.000, +128.000
1622045760, +3.09, +27.400,  +3.51679, +1011.000, +54.000, +304.000
1622045820, +3.09, +27.449,  +4.12991, +1046.000, +64.000, +288.000
1622045880, +3.09, +27.449,  +4.55105, +1070.000, +78.000, +248.000
1622045940, +3.09, +27.449,  +5.10224, +1092.000, +96.000, +184.000
1622046000, +3.09, +27.441,  +5.86090, +1027.000, +60.000, +300.000
1622046060, +3.09, +27.441,  +6.30062, +1054.000, +68.000, +275.000
1622046120, +3.09, +27.449,  +6.90445, +1047.000, +64.000, +288.000
1622046180, +3.09, +27.441,  +7.59189, +1022.000, +56.000, +304.000
1622046240, +3.09, +27.433,  +8.02232, +1036.000, +64.000, +296.000
1622046300, +3.09, +27.408,  +8.94820, +1112.000, +56.000, +179.000
1622046360, +3.09, +27.441,  +9.58919, +1027.000, +62.000, +304.000
1622046420, +3.09, +27.441, +10.30760, +1006.000, +54.000, +304.000
1622046480, +3.09, +27.449, +11.54313, +1068.000, +76.000, +256.000
1622046540, +3.09, +27.449, +12.83131, +1076.000, +81.000, +224.000
1622046600, +3.09, +27.441, +14.14426, +1038.000, +64.000, +296.000
1622046660, +3.09, +27.416, +15.54392, +1032.000, +62.000, +300.000
1622046720, +3.09, +27.424, +16.88784, +1009.000, +56.000, +304.000
1622046780, +3.09, +27.433, +18.41755, +1056.000, +72.000, +272.000
1622046840, +3.09, +27.433, +19.93488, +1004.000, +52.000, +300.000
1622046900, +3.09, +27.416, +21.60393, +1030.000, +60.000, +297.000
1622046960, +3.09, +27.433, +23.30086, +1059.000, +71.000, +272.000
1622047020, +3.09, +27.441, +25.11856, +1063.000, +72.000, +263.000
1622047080, +3.09, +27.416, +27.02295, +1072.000, +80.000, +236.000
1622047140, +3.09, +27.416, +28.74466, +1080.000, +88.000, +224.000
1622047200, +3.09, +27.433, +30.36417, +1004.000, +56.000, +297.000
1622047260, +3.09, +27.424, +31.98368, +1078.000, +83.000, +230.000
1622047320, +3.09, +27.416, +33.73015, +1024.000, +62.000, +304.000
1622047380, +3.09, +27.424, +34.66223, +1020.000, +56.000, +304.000
1622047440, +3.09, +27.441, +36.42109, +1056.000, +71.000, +270.000
1622047500, +3.09, +27.433, +37.60708, +1007.000, +54.000, +300.000
1622047560, +3.09, +27.441, +38.99744, +1027.000, +57.000, +302.000
1622047620, +3.09, +27.424, +40.40949, +1025.000, +60.000, +304.000
1622047680, +3.09, +27.408, +41.27963, +1030.000, +56.000, +302.000
1622047740, +3.09, +27.441, +43.26144, +1011.000, +56.000, +304.000
1622047800, +3.09, +27.424, +45.02649, +1007.000, +49.000, +300.000
1622047860, +3.09, +27.433, +47.59356, +1054.000, +68.000, +280.000
1622047920, +3.09, +27.424, +50.11418, +1056.000, +71.000, +272.000
1622047980, +3.09, +27.416, +52.46758, +1040.000, +65.000, +294.000
1622048040, +3.09, +27.408, +54.59184, +1039.000, +64.000, +295.000
1622048100, +3.09, +27.441, +56.81828, +1009.000, +56.000, +304.000
1622048160, +3.09, +27.433, +59.25839, +1004.000, +56.000, +300.000
1622048220, +3.09, +27.424, +61.98958, +1004.000, +56.000, +296.000
1622048280, +3.09, +27.433, +62.94952, +1016.000, +56.000, +304.000
1622048340, +3.09, +27.457, +62.89687, +1104.000, +96.000, +148.000
1622048400, +3.09, +27.441, +63.89707, +1063.000, +72.000, +262.000
1622048460, +3.09, +27.441, +63.99616, +1036.000, +62.000, +295.000
1622048520, +3.09, +27.441, +64.25008, +1063.000, +76.000, +256.000
1622048580, +3.09, +27.441, +65.37104, +1043.000, +64.000, +291.000
1622048640, +3.09, +27.441, +63.98378, +1063.000, +76.000, +262.000
1622048700, +3.09, +27.433, +64.14480, +1008.000, +54.000, +304.000
1622048760, +3.09, +27.433, +64.60928, +1052.000, +67.000, +280.000
1622048820, +3.09, +27.441, +64.67122, +1001.000, +56.000, +300.000
1622048880, +3.09, +27.433, +65.09855, +1040.000, +64.000, +294.000
1622048940, +3.09, +27.441, +65.60329, +1080.000, +84.000, +220.000
1622049000, +3.09, +27.441, +66.27834, +1084.000, +88.000, +204.000
1622049060, +3.08, +27.449, +67.73683, +1084.000, +88.000, +207.000
1622049120, +3.09, +27.424, +68.19823, +1064.000, +76.000, +257.000
1622049180, +3.09, +27.441, +68.07436, +1059.000, +72.000, +264.000
1622049240, +3.09, +27.441, +69.27584, +1080.000, +83.000, +217.000
1622049300, +3.09, +27.424, +69.04359, +1084.000, +86.000, +212.000
1622049360, +3.09, +27.433, +68.84851, +1008.000, +52.000, +304.000
1622049420, +3.09, +27.441, +69.96328, +1062.000, +78.000, +260.000
1622049480, +3.09, +27.441, +70.64762, +1059.000, +70.000, +273.000
1622049540, +3.09, +27.449, +71.86148, +1063.000, +76.000, +260.000
1622049600, +3.09, +27.441, +71.65092, +1052.000, +71.000, +280.000
1622049660, +3.09, +27.441, +73.18372, +1064.000, +76.000, +256.000
1622049720, +3.09, +27.433, +73.81852, +1008.000, +48.000, +304.000
1622049780, +3.09, +27.449, +74.89614, +1071.000, +78.000, +244.000
1622049840, +3.09, +27.441, +75.43184, +1072.000, +79.000, +246.000
1622049900, +3.08, +27.433, +75.73841, +1075.000, +84.000, +228.000
1622049960, +3.09, +27.441, +76.55590, +1020.000, +56.000, +304.000
1622050020, +3.09, +27.457, +76.72002, +1107.000, +97.000, +143.000
1622050080, +3.09, +27.449, +77.31457, +1056.000, +71.000, +278.000
1622050140, +3.09, +27.424, +78.81022, +1059.000, +72.000, +270.000
1622050200, +3.09, +27.441, +78.38598, +1046.000, +64.000, +288.000
1622050260, +3.09, +27.449, +79.17561, +1063.000, +76.000, +262.000
1622050320, +3.09, +27.441, +79.84757, +1062.000, +76.000, +264.000
1622050380, +3.08, +27.449, +80.05504, +1072.000, +83.000, +236.000
1622050440, +3.09, +27.449, +80.98711, +1073.000, +80.000, +232.000
1622050500, +3.08, +27.449, +81.55689, +1080.000, +88.000, +212.000
1622050560, +3.09, +27.441, +81.51353, +1083.000, +84.000, +222.000
1622050620, +3.09, +27.449, +81.62811, +1022.000, +56.000, +304.000
1622050680, +3.08, +27.466, +82.73668, +1086.000, +88.000, +204.000
1622050740, +3.09, +27.441, +82.96893, +1024.000, +60.000, +304.000
1622050800, +3.09, +27.449, +82.86055, +1039.000, +64.000, +294.000
1622050860, +3.08, +27.433, +83.17950, +1056.000, +70.000, +272.000
1622050920, +3.09, +27.449, +83.93197, +1087.000, +88.000, +200.000
1622050980, +3.08, +27.457, +84.22304, +1112.000, +84.000, +128.000
1622051040, +3.09, +27.449, +84.07131, +1055.000, +68.000, +278.000
1622051100, +3.08, +27.449, +85.32543, +1059.000, +70.000, +271.000
1622051160, +3.08, +27.441, +85.74656, +1091.000, +96.000, +182.000
1622051220, +3.08, +27.474, +85.92926, +1036.000, +64.000, +297.000
1622051280, +3.09, +27.441, +85.84875, +1073.000, +80.000, +236.000
1622051340, +3.08, +27.457, +86.70960, +1116.000, +70.000, +134.000
1622051400, +3.08, +27.457, +86.90778, +1100.000, +99.000, +152.000
1622051460, +3.08, +27.441, +87.35988, +1055.000, +68.000, +280.000
1622051520, +3.09, +27.474, +87.74696, +1043.000, +64.000, +292.000
1622051580, +3.08, +27.441, +88.91127, +1080.000, +88.000, +216.000
1622051640, +3.08, +27.457, +88.46846, +1004.000, +54.000, +302.000
1622051700, +3.08, +27.433, +88.87102, +1052.000, +70.000, +280.000
1622051760, +3.09, +27.457, +88.95153, +1112.000, +83.000, +128.000
1622051820, +3.09, +27.474, +89.66684, +1075.000, +80.000, +232.000
1622051880, +3.08, +27.449, +90.27377, +1072.000, +80.000, +236.000
1622051940, +3.08, +27.457, +90.39454, +1004.000, +52.000, +300.000
1622052000, +3.09, +27.449, +91.02314, +1055.000, +72.000, +268.000
1622052060, +3.08, +27.474, +91.15939, +1059.000, +72.000, +268.000
1622052120, +3.09, +27.466, +91.31422, +1048.000, +67.000, +284.000
1622052180, +3.08, +27.457, +90.98289, +1094.000, +92.000, +184.000
1622052240, +3.09, +27.449, +91.69200, +1095.000, +92.000, +176.000
1622052300, +3.09, +27.466, +91.34828, +1056.000, +70.000, +275.000
1622052360, +3.09, +27.457, +93.17527, +1004.000, +56.000, +300.000
1622052420, +3.08, +27.474, +93.11953, +1072.000, +80.000, +246.000
1622052480, +3.09, +27.457, +94.44487, +1006.000, +56.000, +303.000
1622052540, +3.08, +27.474, +93.54995, +1080.000, +86.000, +220.000
1622052600, +3.08, +27.466, +96.18824, +1072.000, +81.000, +232.000
1622052660, +3.08, +27.474, +112.54130, +1080.000, +84.000, +224.000
1622052720, +3.08, +27.449, +117.38126, +1080.000, +86.000, +216.000
1622052780, +3.08, +27.482, +102.70965, +1068.000, +76.000, +256.000
1622052840, +3.08, +27.474, +106.81262, +1068.000, +78.000, +248.000
1622052900, +3.09, +27.482, +128.34317, +1032.000, +64.000, +300.000
1622052960, +3.08, +27.474, +126.02073, +1062.000, +72.000, +268.000
1622053020, +3.08, +27.482, +201.59594, +1039.000, +64.000, +294.000
1622053080, +3.08, +27.482, +443.82309, +1065.000, +76.000, +256.000
1622053140, +3.08, +27.482, +591.74378, +1072.000, +78.000, +243.000
1622053200, +3.08, +27.466, +604.96000, +1073.000, +83.000, +228.000
1622053260, +3.08, +27.474, +648.67137, +1072.000, +78.000, +246.000
1622053320, +3.08, +27.482, +732.39989, +1073.000, +80.000, +232.000
1622053380, +3.08, +27.474, +652.76196, +1039.000, +64.000, +291.000
1622053440, +3.08, +27.474, +655.24232, +1062.000, +72.000, +264.000
1622053500, +3.09, +27.466, +658.66405, +1065.000, +76.000, +252.000
1622053560, +3.08, +27.490, +625.17760, +1076.000, +80.000, +236.000
1622053620, +3.09, +27.490, +679.91280, +1052.000, +67.000, +280.000
1622053680, +3.08, +27.490, +628.09767, +1038.000, +64.000, +295.000
1622053740, +3.09, +27.490, +615.86307, +1078.000, +88.000, +220.000
1622053800, +3.08, +27.499, +393.69250, +1043.000, +67.000, +289.000
1622053860, +3.08, +27.515, +716.32863, +1006.000, +56.000, +302.000
1622053920, +3.09, +27.507, +687.99489, +1031.000, +60.000, +300.000
1622053980, +3.08, +27.515, +678.86306, +1038.000, +64.000, +296.000
1622054040, +3.08, +27.507, +653.04375, +1016.000, +56.000, +305.000
1622054100, +3.09, +27.515, +663.01785, +1078.000, +83.000, +225.000
1622054160, +3.08, +27.523, +611.23987, +1032.000, +60.000, +297.000
1622054220, +3.08, +27.515, +700.83023, +1073.000, +80.000, +238.000
1622054280, +3.08, +27.532, +711.85097, +1084.000, +88.000, +209.000
1622054340, +3.08, +27.515, +711.11088, +1062.000, +70.000, +268.000
1622054400, +3.08, +27.532, +769.89023, +1011.000, +56.000, +304.000
1622054460, +3.09, +27.532, +868.89420, +1012.000, +56.000, +300.000
1622054520, +3.08, +27.523, +747.39045, +1078.000, +80.000, +224.000
1622054580, +3.09, +27.523, +766.28271, +1056.000, +72.000, +270.000
1622054640, +3.09, +27.540, +712.05224, +1056.000, +71.000, +272.000
1622054700, +3.08, +27.532, +754.43828, +1004.000, +54.000, +300.000
1622054760, +3.08, +27.523, +744.26291, +1006.000, +52.000, +302.000
1622054820, +3.09, +27.556, +751.26118, +1063.000, +72.000, +262.000
1622054880, +3.08, +27.565, +792.45194, +1059.000, +72.000, +268.000
1622054940, +3.08, +27.556, +808.93195, +1056.000, +71.000, +272.000
1622055000, +3.08, +27.556, +803.46648, +1063.000, +76.000, +262.000
1622055060, +3.08, +27.540, +864.97702, +1052.000, +68.000, +280.000
1622055120, +3.08, +27.556, +823.42706, +1075.000, +83.000, +230.000
1622055180, +3.08, +27.573, +809.71229, +1048.000, +64.000, +286.000
1622055240, +3.08, +27.556, +869.73027, +1060.000, +76.000, +264.000
1622055300, +3.08, +27.573, +915.70835, +1014.000, +56.000, +304.000
1622055360, +3.08, +27.581, +797.32596, +1020.000, +60.000, +304.000
1622055420, +3.08, +27.565, +866.60582, +1024.000, +60.000, +300.000
1622055480, +3.08, +27.581, +854.36503, +1036.000, +64.000, +295.000
1622055540, +3.08, +27.597, +827.53623, +1027.000, +60.000, +300.000
1622055600, +3.08, +27.573, +873.78370, +1006.000, +54.000, +302.000
1622055660, +3.08, +27.589, +927.87792, +1006.000, +52.000, +300.000
1622055720, +3.08, +27.589, +901.52909, +1006.000, +56.000, +296.000
1622055780, +3.08, +27.606, +899.05182, +1006.000, +54.000, +304.000
1622055840, +3.08, +27.606, +903.53258, +1048.000, +64.000, +286.000
1622055900, +3.08, +27.597, +880.78198, +1004.000, +56.000, +302.000
1622055960, +3.08, +27.606, +928.80689, +1004.000, +54.000, +302.000
1622056020, +3.08, +27.606, +885.66220, +1009.000, +56.000, +304.000
1622056080, +3.08, +27.614, +927.65187, +1008.000, +56.000, +304.000
1622056140, +3.08, +27.614, +857.06525, +1004.000, +54.000, +296.000
1622056200, +3.08, +27.614, +969.48052, +1004.000, +52.000, +300.000
1622056260, +3.08, +27.597, +833.78823, +1024.000, +60.000, +300.000
1622056320, +3.08, +27.589, +731.85799, +1039.000, +64.000, +291.000
1622056380, +3.08, +27.614, +457.75152, +1007.000, +51.000, +302.000
1622056440, +3.08, +27.614, +370.04079, +1025.000, +60.000, +300.000
1622056500, +3.08, +27.622, +448.27288, +1001.000, +51.000, +300.000
1622056560, +3.08, +27.614, +446.54499, +1004.000, +56.000, +302.000
1622056620, +3.08, +27.614, +413.97202, +1004.000, +52.000, +300.000
1622056680, +3.08, +27.630, +318.41765, +1004.000, +56.000, +300.000
1622056740, +3.08, +27.597, +260.43103, +1016.000, +57.000, +304.000
1622056800, +3.08, +27.622, +227.53602, +1011.000, +56.000, +302.000
1622056860, +3.08, +27.630, +260.64779, +1033.000, +64.000, +296.000
1622056920, +3.08, +27.639, +236.37987, +1049.000, +70.000, +284.000
1622056980, +3.08, +27.622, +233.21206, +1006.000, +56.000, +300.000
1622057040, +3.08, +27.614, +225.25384, +1011.000, +56.000, +304.000
1622057100, +3.08, +27.606, +232.41624, +1001.000, +54.000, +300.000
1622057160, +3.08, +27.630, +236.98060, +1004.000, +54.000, +300.000
1622057220, +3.08, +27.622, +211.64745, +1004.000, +51.000, +300.000
1622057280, +3.08, +27.630, +211.35328, +1008.000, +54.000, +304.000
1622057340, +3.08, +27.647, +209.76783, +1008.000, +56.000, +304.000
1622057400, +3.08, +27.639, +184.61118, +1020.000, +56.000, +304.000
1622057460, +3.08, +27.630, +203.58085, +1004.000, +56.000, +300.000
1622057520, +3.08, +27.639, +153.15919, +1006.000, +54.000, +300.000
1622057580, +3.08, +27.647, +157.54704, +1027.000, +60.000, +304.000
1622057640, +3.08, +27.639, +164.67538, +1006.000, +52.000, +296.000
1622057700, +3.08, +27.655, +155.48782, +1004.000, +56.000, +300.000
1622057760, +3.08, +27.647, +147.95383, +1004.000, +54.000, +300.000
1622057820, +3.08, +27.639, +161.07715, +1004.000, +56.000, +300.000
1622057880, +3.08, +27.663, +178.13623, +1031.000, +64.000, +300.000
1622057940, +3.08, +27.647, +188.66461, +1008.000, +54.000, +304.000
1622058000, +3.08, +27.639, +172.49116, +1008.000, +56.000, +300.000
1622058060, +3.08, +27.663, +169.41935, +1008.000, +54.000, +304.000
1622058120, +3.08, +27.663, +173.97752, +1006.000, +52.000, +302.000
1622058180, +3.08, +27.647, +168.49037, +1004.000, +54.000, +300.000
1622058240, +3.08, +27.647, +175.61251, +1049.000, +70.000, +280.000
1622058300, +3.08, +27.647, +168.13117, +1001.000, +56.000, +300.000
1622058360, +3.08, +27.663, +162.18573, +1006.000, +51.000, +300.000
1622058420, +3.08, +27.655, +165.44953, +1006.000, +54.000, +300.000
1622058480, +3.08, +27.630, +176.56316, +1016.000, +60.000, +300.000
1622058540, +3.08, +27.672, +184.66692, +1006.000, +56.000, +300.000
1622058600, +3.08, +27.663, +199.91450, +1112.000, +48.000, +175.000
1622058660, +3.08, +27.663, +215.07847, +1112.000, +48.000, +167.000
1622058720, +3.08, +27.663, +218.70147, +1004.000, +52.000, +300.000
1622058780, +3.08, +27.663, +204.91548, +1004.000, +56.000, +300.000
1622058840, +3.08, +27.663, +188.77609, +1007.000, +52.000, +302.000
1622058900, +3.08, +27.680, +184.95181, +1011.000, +54.000, +302.000
1622058960, +3.08, +27.663, +200.40066, +1004.000, +56.000, +296.000
1622059020, +3.08, +27.647, +211.99737, +1004.000, +51.000, +302.000
1622059080, +3.08, +27.663, +211.80538, +1004.000, +56.000, +300.000
1622059140, +3.08, +27.672, +201.75077, +1006.000, +56.000, +300.000
1622059200, +3.08, +27.680, +191.57230, +1006.000, +55.000, +300.000
1622059260, +3.08, +27.672, +179.16120, +1004.000, +56.000, +302.000
1622059320, +3.08, +27.672, +180.62898, +1008.000, +56.000, +304.000
1622059380, +3.08, +27.696, +194.14556, +1046.000, +68.000, +288.000
1622059440, +3.08, +27.696, +201.95205, +1113.000, +52.000, +159.000
1622059500, +3.08, +27.696, +216.42548, +1112.000, +60.000, +156.000
1622059560, +3.08, +27.696, +239.32472, +1004.000, +55.000, +296.000
1622059620, +3.08, +27.696, +243.74664, +1004.000, +56.000, +300.000
1622059680, +3.08, +27.696, +224.19791, +1004.000, +54.000, +300.000
1622059740, +3.08, +27.680, +224.04308, +1004.000, +55.000, +297.000
1622059800, +3.08, +27.713, +225.69046, +1110.000, +51.000, +191.000
1622059860, +3.08, +27.704, +251.90614, +1004.000, +55.000, +302.000
1622059920, +3.08, +27.729, +259.67546, +1001.000, +56.000, +302.000
1622059980, +3.08, +27.721, +250.40429, +1020.000, +60.000, +304.000
1622060040, +3.08, +27.704, +222.58149, +1004.000, +56.000, +297.000
1622060100, +3.08, +27.713, +202.09759, +1000.000, +56.000, +296.000
1622060160, +3.08, +27.729, +188.16916, +1006.000, +52.000, +300.000
1622060220, +3.08, +27.721, +189.73603, +1008.000, +56.000, +304.000
1622060280, +3.08, +27.737, +200.23345, +1004.000, +56.000, +300.000
1622060340, +3.08, +27.729, +193.80184, +1003.000, +56.000, +300.000
1622060400, +3.08, +27.729, +200.06004, +1111.000, +51.000, +183.000
1622060460, +3.08, +27.713, +213.58282, +1100.000, +96.000, +160.000
1622060520, +3.08, +27.737, +209.69351, +1006.000, +54.000, +300.000
1622060580, +3.08, +27.721, +213.42799, +1024.000, +56.000, +302.000
1622060640, +3.08, +27.729, +224.16694, +1006.000, +55.000, +300.000
1622060700, +3.08, +27.737, +253.89414, +1112.000, +72.000, +134.000
1622060760, +3.08, +27.729, +293.90510, +1006.000, +54.000, +299.000
1622060820, +3.08, +27.746, +311.21500, +1038.000, +64.000, +295.000
1622060880, +3.08, +27.737, +328.42581, +1036.000, +62.000, +296.000
1622060940, +3.08, +27.754, +330.31782, +1006.000, +56.000, +300.000
1622061000, +3.08, +27.746, +341.65441, +1055.000, +72.000, +275.000
1622061060, +3.08, +27.754, +341.69157, +1004.000, +56.000, +300.000
1622061120, +3.08, +27.754, +327.36678, +1004.000, +56.000, +300.000
1622061180, +3.08, +27.754, +331.78870, +1006.000, +56.000, +302.000
1622061240, +3.08, +27.762, +306.09015, +1004.000, +54.000, +300.000
1622061300, +3.08, +27.762, +279.87138, +1004.000, +56.000, +300.000
1622061360, +3.08, +27.754, +272.61918, +1004.000, +57.000, +296.000
1622061420, +3.08, +27.770, +271.77072, +1001.000, +54.000, +300.000
1622061480, +3.08, +27.779, +287.88224, +1110.000, +51.000, +179.000
1622061540, +3.08, +27.770, +310.72574, +1004.000, +56.000, +300.000
1622061600, +3.08, +27.754, +320.62552, +1004.000, +56.000, +300.000
1622061660, +3.08, +27.762, +340.03800, +1006.000, +55.000, +300.000
1622061720, +3.08, +27.779, +340.17425, +1004.000, +56.000, +302.000
1622061780, +3.08, +27.779, +344.80364, +1006.000, +56.000, +300.000
1622061840, +3.08, +27.787, +333.68071, +1001.000, +56.000, +297.000
1622061900, +3.08, +27.795, +320.78963, +1004.000, +52.000, +300.000
1622061960, +3.08, +27.803, +322.93247, +1004.000, +54.000, +300.000
1622062020, +3.08, +27.795, +327.98609, +1006.000, +56.000, +302.000
1622062080, +3.08, +27.795, +343.86537, +1004.000, +56.000, +299.000
1622062140, +3.08, +27.803, +368.55753, +1006.000, +56.000, +300.000
1622062200, +3.08, +27.803, +388.67294, +1004.000, +51.000, +300.000
1622062260, +3.08, +27.811, +445.69342, +1004.000, +56.000, +300.000
1622062320, +3.08, +27.828, +429.95039, +1006.000, +55.000, +300.000
1622062380, +3.08, +27.828, +444.96882, +1004.000, +54.000, +302.000
1622062440, +3.08, +27.836, +442.24383, +1004.000, +57.000, +303.000
1622062500, +3.08, +27.836, +419.06281, +1105.000, +99.000, +140.000
1622062560, +3.08, +27.828, +418.18647, +1004.000, +54.000, +297.000
1622062620, +3.08, +27.844, +421.60201, +1003.000, +56.000, +296.000
1622062680, +3.08, +27.836, +412.29368, +1006.000, +56.000, +300.000
1622062740, +3.08, +27.853, +400.21081, +1004.000, +56.000, +300.000
1622062800, +3.08, +27.844, +374.50916, +1004.000, +54.000, +300.000
1622062860, +3.08, +27.861, +370.58579, +1006.000, +54.000, +300.000
1622062920, +3.08, +27.853, +364.53507, +1112.000, +80.000, +128.000
1622062980, +3.08, +27.861, +362.58732, +1088.000, +88.000, +188.000
1622063040, +3.08, +27.861, +356.04114, +1112.000, +52.000, +175.000
1622063100, +3.08, +27.869, +357.87432, +1004.000, +54.000, +302.000
1622063160, +3.08, +27.869, +342.94879, +1004.000, +56.000, +300.000
1622063220, +3.08, +27.894, +343.54023, +1004.000, +56.000, +300.000
1622063280, +3.08, +27.885, +356.77503, +1112.000, +96.000, +128.000
1622063340, +3.08, +27.894, +421.56485, +1107.000, +96.000, +128.000
1622063400, +3.08, +27.894, +366.25987, +1107.000, +96.000, +140.000
1622063460, +3.08, +27.877, +321.34702, +1006.000, +56.000, +300.000
1622063520, +3.08, +27.885, +298.81009, +1112.000, +83.000, +128.000
1622063580, +3.08, +27.902, +305.12092, +1004.000, +55.000, +300.000
1622063640, +3.08, +27.885, +312.63633, +1115.000, +72.000, +134.000
1622063700, +3.08, +27.894, +332.63097, +1112.000, +51.000, +179.000
1622063760, +3.08, +27.910, +337.81155, +1004.000, +56.000, +296.000
1622063820, +3.08, +27.910, +352.72160, +1007.000, +56.000, +300.000
1622063880, +3.08, +27.910, +350.73669, +1116.000, +64.000, +148.000
1622063940, +3.08, +27.918, +330.70489, +1006.000, +56.000, +296.000
1622064000, +3.08, +27.910, +295.65157, +1104.000, +96.000, +144.000
1622064060, +3.08, +27.927, +269.46686, +1004.000, +56.000, +300.000
1622064120, +3.08, +27.918, +252.20341, +1112.000, +96.000, +128.000
1622064180, +3.08, +27.927, +250.87497, +1112.000, +80.000, +128.000
1622064240, +3.08, +27.935, +262.08770, +1112.000, +64.000, +158.000
1622064300, +3.08, +27.927, +276.25457, +1113.000, +88.000, +128.000
1622064360, +3.08, +27.935, +289.96315, +1004.000, +56.000, +304.000
1622064420, +3.08, +27.935, +286.96565, +1004.000, +55.000, +297.000
1622064480, +3.08, +27.943, +291.74059, +1004.000, +56.000, +300.000
1622064540, +3.08, +27.943, +293.07831, +1112.000, +96.000, +128.000
1622064600, +3.08, +27.927, +312.49698, +1088.000, +92.000, +192.000
1622064660, +3.08, +27.943, +311.82503, +1104.000, +99.000, +142.000
1622064720, +3.08, +27.959, +300.91576, +1004.000, +56.000, +296.000
1622064780, +3.08, +27.959, +299.42940, +1115.000, +80.000, +128.000
1622064840, +3.08, +27.951, +292.08740, +1004.000, +56.000, +300.000
1622064900, +3.08, +27.959, +306.90455, +1116.000, +70.000, +134.000
1622064960, +3.08, +27.951, +328.42271, +1110.000, +96.000, +128.000
1622065020, +3.08, +27.959, +357.87432, +1112.000, +84.000, +128.000
1622065080, +3.08, +27.968, +379.39867, +1116.000, +80.000, +131.000
1622065140, +3.08, +27.976, +398.31879, +1004.000, +56.000, +300.000
1622065200, +3.08, +27.951, +391.76333, +1112.000, +70.000, +135.000
1622065260, +3.08, +27.959, +404.49338, +1110.000, +96.000, +128.000
1622065320, +3.08, +27.968, +394.22511, +1112.000, +64.000, +152.000
1622065380, +3.08, +27.976, +398.23519, +1112.000, +88.000, +124.000
1622065440, +3.08, +27.976, +396.42988, +1103.000, +96.000, +143.000
1622065500, +3.08, +27.976, +386.24831, +1112.000, +56.000, +183.000
1622065560, +3.08, +27.943, +384.16741, +1084.000, +88.000, +211.000
1622065620, +3.08, +27.984, +371.42187, +1081.000, +86.000, +208.000
1622065680, +3.08, +27.984, +365.73654, +1107.000, +96.000, +140.000
1622065740, +3.08, +27.976, +340.59848, +1108.000, +96.000, +128.000
1622065800, +3.08, +27.984, +334.89457, +1112.000, +51.000, +179.000
1622065860, +3.08, +27.976, +322.15523, +1100.000, +99.000, +152.000
1622065920, +3.08, +27.992, +321.73409, +1006.000, +56.000, +302.000
1622065980, +3.08, +27.984, +309.36324, +1084.000, +92.000, +198.000
1622066040, +3.08, +28.000, +290.52363, +1112.000, +88.000, +124.000
1622066100, +3.08, +28.000, +274.78989, +1115.000, +88.000, +128.000
1622066160, +3.08, +28.000, +272.08347, +1080.000, +83.000, +216.000
1622066220, +3.08, +28.009, +271.42390, +1110.000, +96.000, +128.000
1622066280, +3.08, +27.992, +256.51385, +1004.000, +56.000, +300.000
1622066340, +3.08, +28.009, +245.90805, +1110.000, +96.000, +131.000
1622066400, +3.08, +28.017, +221.60297, +1003.000, +57.000, +300.000
1622066460, +3.08, +28.025, +213.74384, +1096.000, +96.000, +176.000
1622066520, +3.08, +28.025, +198.00700, +1095.000, +96.000, +172.000
1622066580, +3.08, +28.033, +194.92590, +1100.000, +96.000, +160.000
1622066640, +3.08, +28.033, +183.52738, +1088.000, +92.000, +192.000
1622066700, +3.08, +28.033, +176.97191, +1112.000, +88.000, +124.000
1622066760, +3.08, +28.042, +170.69514, +1088.000, +88.000, +195.000
1622066820, +3.08, +28.042, +171.60244, +1086.000, +89.000, +200.000
1622066880, +3.08, +28.042, +178.97540, +1112.000, +86.000, +120.000
1622066940, +3.08, +28.033, +187.69848, +1004.000, +52.000, +295.000
1622067000, +3.08, +28.042, +188.04529, +1112.000, +84.000, +128.000
1622067060, +3.08, +28.050, +185.57422, +1089.000, +92.000, +192.000
1622067120, +3.08, +28.042, +187.13180, +1094.000, +92.000, +179.000
1622067180, +3.08, +28.050, +190.99634, +1091.000, +92.000, +184.000
1622067240, +3.08, +28.033, +200.61433, +1112.000, +57.000, +174.000
1622067300, +3.08, +28.033, +206.95303, +1091.000, +92.000, +192.000
1622067360, +3.08, +28.033, +217.24298, +1004.000, +56.000, +296.000
1622067420, +3.08, +28.025, +222.18822, +1004.000, +56.000, +296.000
1622067480, +3.08, +28.042, +223.00572, +1100.000, +96.000, +160.000
1622067540, +3.08, +28.042, +222.23467, +1095.000, +96.000, +172.000
1622067600, +3.08, +28.042, +215.69469, +1100.000, +96.000, +158.000
1622067660, +3.08, +28.042, +206.66815, +1086.000, +88.000, +195.000
1622067720, +3.08, +28.042, +200.14055, +1115.000, +78.000, +134.000
1622067780, +3.08, +28.033, +195.48329, +1102.000, +99.000, +147.000
1622067840, +3.08, +28.025, +197.47749, +1111.000, +88.000, +128.000
1622067900, +3.08, +28.033, +198.40337, +1112.000, +83.000, +128.000
1622067960, +3.08, +28.033, +203.35480, +1103.000, +96.000, +144.000
1622068020, +3.08, +28.025, +207.94704, +1112.000, +88.000, +124.000
1622068080, +3.08, +28.025, +217.74153, +1115.000, +72.000, +132.000
1622068140, +3.08, +28.033, +230.79673, +1081.000, +88.000, +212.000
1622068200, +3.08, +28.033, +249.68279, +1112.000, +88.000, +128.000
1622068260, +3.08, +28.025, +261.33523, +1113.000, +88.000, +124.000
1622068320, +3.08, +28.025, +276.72216, +1112.000, +96.000, +128.000
1622068380, +3.08, +28.017, +296.84066, +1112.000, +60.000, +159.000
1622068440, +3.08, +28.033, +325.18369, +1080.000, +88.000, +216.000
1622068500, +3.08, +28.025, +354.79941, +1112.000, +80.000, +128.000
1622068560, +3.08, +28.017, +390.28935, +1100.000, +96.000, +156.000
1622068620, +3.08, +28.017, +525.16414, +1080.000, +88.000, +216.000
1622068680, +3.08, +28.033, +673.60816, +1078.000, +81.000, +227.000
1622068740, +3.08, +28.042, +650.67486, +1107.000, +97.000, +132.000
1622068800, +3.08, +28.042, +776.49834, +1112.000, +96.000, +124.000
1622068860, +3.08, +28.017, +697.51069, +1004.000, +56.000, +300.000
1622068920, +3.08, +28.042, +810.52669, +1088.000, +92.000, +192.000
1622068980, +3.08, +28.042, +789.80745, +1100.000, +100.000, +152.000
1622069040, +3.08, +28.050, +694.20663, +1103.000, +96.000, +152.000
1622069100, +3.08, +28.033, +666.46434, +1095.000, +96.000, +172.000
1622069160, +3.08, +28.058, +666.03392, +1092.000, +96.000, +188.000
1622069220, +3.08, +28.066, +689.79710, +1103.000, +96.000, +152.000
1622069280, +3.08, +28.058, +685.38137, +1104.000, +99.000, +144.000
1622069340, +3.08, +28.066, +813.21763, +1088.000, +92.000, +192.000
1622069400, +3.08, +28.066, +683.48007, +1088.000, +88.000, +192.000
1622069460, +3.08, +28.074, +640.01952, +1100.000, +99.000, +158.000
1622069520, +3.08, +28.083, +659.34220, +1107.000, +96.000, +128.000
1622069580, +3.08, +28.083, +661.65535, +1097.000, +96.000, +168.000
1622069640, +3.08, +28.074, +628.65506, +1091.000, +96.000, +184.000
1622069700, +3.08, +28.074, +624.51802, +1095.000, +92.000, +176.000
1622069760, +3.08, +28.099, +596.15951, +1086.000, +88.000, +196.000
1622069820, +3.08, +28.083, +620.29738, +1088.000, +92.000, +194.000
1622069880, +3.08, +28.107, +630.30244, +1084.000, +88.000, +214.000
1622069940, +3.08, +28.099, +648.07683, +1100.000, +96.000, +160.000
1622070000, +3.08, +28.083, +677.04846, +1104.000, +100.000, +140.000
1622070060, +3.08, +28.099, +697.73364, +1088.000, +96.000, +192.000
1622070120, +3.08, +28.107, +701.57031, +1081.000, +88.000, +209.000
1622070180, +3.08, +28.115, +668.64124, +1088.000, +96.000, +188.000
1622070240, +3.08, +28.107, +663.99017, +1062.000, +76.000, +259.000
1622070300, +3.08, +28.091, +625.35720, +1080.000, +84.000, +220.000
1622070360, +3.08, +28.124, +605.95710, +1095.000, +96.000, +176.000
1622070420, +3.08, +28.115, +572.86701, +1095.000, +96.000, +172.000
1622070480, +3.08, +28.132, +566.02666, +1081.000, +88.000, +208.000
1622070540, +3.08, +28.140, +567.88151, +1080.000, +88.000, +214.000
1622070600, +3.08, +28.132, +558.76827, +1088.000, +92.000, +192.000
1622070660, +3.08, +28.124, +574.09635, +1088.000, +89.000, +193.000
1622070720, +3.08, +28.124, +558.73730, +1081.000, +88.000, +208.000
1622070780, +3.08, +28.115, +556.59756, +1092.000, +92.000, +184.000
1622070840, +3.08, +28.091, +530.97953, +1094.000, +96.000, +182.000
1622070900, +3.08, +28.148, +568.07969, +1104.000, +99.000, +140.000
1622070960, +3.08, +28.140, +445.63769, +1087.000, +88.000, +192.000
1622071020, +3.08, +28.148, +389.76913, +1048.000, +68.000, +280.000
1622071080, +3.08, +28.148, +348.19749, +1084.000, +92.000, +200.000
1622071140, +3.08, +28.115, +333.07688, +1091.000, +92.000, +184.000
1622071200, +3.08, +28.148, +308.55813, +1091.000, +96.000, +179.000
1622071260, +3.08, +28.115, +297.07290, +1087.000, +88.000, +204.000
1622071320, +3.08, +28.140, +296.48455, +1078.000, +80.000, +227.000
1622071380, +3.08, +28.124, +293.65427, +1084.000, +88.000, +208.000
1622071440, +3.08, +28.140, +289.42124, +1089.000, +88.000, +200.000
1622071500, +3.08, +28.115, +294.17450, +1080.000, +88.000, +216.000
1622071560, +3.08, +28.107, +286.53832, +1091.000, +96.000, +184.000
1622071620, +3.08, +28.132, +281.18743, +1103.000, +99.000, +144.000
1622071680, +3.08, +28.115, +292.86464, +1080.000, +84.000, +220.000
1622071740, +3.08, +28.099, +257.89493, +1113.000, +83.000, +128.000
1622071800, +3.08, +28.107, +328.07590, +1094.000, +96.000, +184.000
1622071860, +3.08, +28.115, +335.50770, +1083.000, +86.000, +211.000
1622071920, +3.08, +28.099, +312.93051, +1087.000, +88.000, +194.000
1622071980, +3.08, +28.099, +315.97445, +1088.000, +92.000, +188.000
1622072040, +3.08, +28.099, +327.34820, +1112.000, +96.000, +124.000
1622072100, +3.08, +28.099, +317.69305, +1068.000, +80.000, +246.000
1622072160, +3.08, +28.091, +290.28209, +1086.000, +88.000, +204.000
1622072220, +3.08, +28.099, +251.37662, +1087.000, +131.000, +214.000
1622072280, +3.08, +28.115, +268.97450, +1088.000, +67.000, +206.000
1622072340, +3.08, +28.115, +221.31189, +1081.000, +62.000, +225.000
1622072400, +3.08, +28.115, +140.84098, +1104.000, +76.000, +158.000
1622072460, +3.08, +28.091, +221.94050, +1087.000, +64.000, +211.000
1622072520, +3.08, +28.115, +219.37962, +1086.000, +64.000, +216.000
1622072580, +3.08, +28.107, +206.26559, +1064.000, +56.000, +262.000
1622072640, +3.08, +28.091, +195.04977, +1097.000, +72.000, +168.000
1622072700, +3.08, +28.115, +203.22475, +1088.000, +64.000, +216.000
1622072760, +3.08, +28.107, +200.94256, +1086.000, +62.000, +220.000
1622072820, +3.08, +28.115, +196.00351, +1094.000, +67.000, +192.000
1622072880, +3.08, +28.115, +214.10924, +1080.000, +60.000, +231.000
1622072940, +3.08, +28.124, +218.15028, +1084.000, +62.000, +227.000
1622073000, +3.08, +28.107, +213.61069, +1084.000, +62.000, +224.000
1622073060, +3.08, +28.124, +212.46186, +1107.000, +71.000, +147.000
1622073120, +3.08, +28.124, +211.28825, +1088.000, +64.000, +214.000
1622073180, +3.08, +28.083, +206.35849, +1102.000, +72.000, +169.000
1622073240, +3.08, +28.124, +209.80189, +1096.000, +68.000, +184.000
1622073300, +3.08, +28.115, +203.43841, +1086.000, +62.000, +224.000
1622073360, +3.08, +28.107, +205.88781, +1088.000, +64.000, +204.000
1622073420, +3.08, +28.083, +204.34571, +1088.000, +64.000, +204.000
1622073480, +3.08, +28.124, +202.53111, +1104.000, +72.000, +152.000
1622073540, +3.08, +28.115, +202.56208, +1088.000, +64.000, +208.000
1622073600, +3.08, +28.115, +208.15141, +1100.000, +71.000, +172.000
1622073660, +3.08, +28.115, +207.70241, +1084.000, +60.000, +224.000
1622073720, +3.08, +28.115, +205.27778, +1088.000, +64.000, +208.000
1622073780, +3.08, +28.132, +205.54718, +1095.000, +71.000, +177.000
1622073840, +3.08, +28.132, +204.53460, +1102.000, +72.000, +167.000
1622073900, +3.08, +28.132, +203.07611, +1091.000, +64.000, +204.000
1622073960, +3.08, +28.132, +202.80671, +1100.000, +72.000, +174.000
1622074020, +3.08, +28.115, +201.06952, +1100.000, +70.000, +176.000
1622074080, +3.08, +28.132, +203.61492, +1080.000, +60.000, +231.000
1622074140, +3.08, +28.115, +202.50324, +1084.000, +60.000, +216.000
1622074200, +3.08, +28.124, +211.24799, +1065.000, +48.000, +270.000
1622074260, +3.08, +28.132, +222.22538, +1084.000, +56.000, +227.000
1622074320, +3.08, +28.107, +227.55460, +1056.000, +48.000, +280.000
1622074380, +3.08, +28.115, +244.14300, +1088.000, +64.000, +208.000
1622074440, +3.08, +28.124, +262.13415, +1072.000, +56.000, +246.000
1622074500, +3.08, +28.140, +281.90893, +1087.000, +64.000, +209.000
1622074560, +3.08, +28.107, +296.37927, +1080.000, +60.000, +227.000
1622074620, +3.08, +28.140, +320.57597, +1087.000, +64.000, +216.000
1622074680, +3.08, +28.140, +335.38383, +1087.000, +64.000, +206.000
1622074740, +3.08, +28.115, +346.29000, +1088.000, +64.000, +206.000
1622074800, +3.08, +28.124, +351.91959, +1072.000, +51.000, +256.000
1622074860, +3.08, +28.115, +359.00457, +1088.000, +64.000, +208.000
1622074920, +3.08, +28.132, +349.45161, +1084.000, +64.000, +216.000
1622074980, +3.08, +28.132, +339.67879, +1087.000, +64.000, +208.000
1622075040, +3.08, +28.148, +341.58629, +1095.000, +71.000, +184.000
1622075100, +3.08, +28.132, +346.90312, +1078.000, +56.000, +240.000
1622075160, +3.08, +28.140, +367.40560, +1084.000, +64.000, +216.000
1622075220, +3.08, +28.148, +381.44861, +1091.000, +64.000, +198.000
1622075280, +3.08, +28.148, +403.75020, +1080.000, +62.000, +231.000
1622075340, +3.08, +28.148, +419.80289, +1095.000, +67.000, +188.000
1622075400, +3.08, +28.140, +449.48055, +1084.000, +64.000, +216.000
1622075460, +3.08, +28.148, +474.65267, +1080.000, +56.000, +232.000
1622075520, +3.08, +28.148, +481.10286, +1092.000, +64.000, +206.000
1622075580, +3.08, +28.156, +505.06422, +1086.000, +64.000, +210.000
1622075640, +3.08, +28.140, +517.93052, +1089.000, +64.000, +200.000
1622075700, +3.08, +28.156, +515.62357, +1089.000, +62.000, +204.000
1622075760, +3.08, +28.156, +505.49774, +1080.000, +60.000, +225.000
1622075820, +3.08, +28.156, +503.81630, +1039.000, +36.000, +305.000
1622075880, +3.08, +28.173, +522.96557, +1086.000, +60.000, +224.000
1622075940, +3.08, +28.165, +541.40263, +1080.000, +56.000, +232.000
1622076000, +3.08, +28.173, +563.32024, +1024.000, +32.000, +312.000
1622076060, +3.08, +28.173, +586.28141, +1078.000, +56.000, +236.000
1622076120, +3.08, +28.156, +560.60144, +1062.000, +48.000, +273.000
1622076180, +3.08, +28.181, +537.86013, +1086.000, +60.000, +220.000
1622076240, +3.08, +28.181, +518.81924, +1089.000, +64.000, +204.000
1622076300, +3.08, +28.181, +495.03748, +1084.000, +60.000, +224.000
1622076360, +3.08, +28.173, +471.70782, +1088.000, +64.000, +208.000
1622076420, +3.08, +28.197, +438.65179, +1080.000, +56.000, +240.000
1622076480, +3.08, +28.173, +416.47097, +1080.000, +56.000, +232.000
1622076540, +3.08, +28.173, +387.55817, +1095.000, +70.000, +179.000
1622076600, +3.08, +28.189, +359.99857, +1113.000, +56.000, +136.000
1622076660, +3.08, +28.206, +336.02792, +1081.000, +62.000, +224.000
1622076720, +3.08, +28.197, +324.16181, +1095.000, +65.000, +192.000
1622076780, +3.08, +28.197, +316.53183, +1084.000, +60.000, +230.000
1622076840, +3.08, +28.197, +303.78320, +1084.000, +60.000, +224.000
1622076900, +3.08, +28.206, +308.96378, +1078.000, +56.000, +243.000
1622076960, +3.08, +28.197, +304.88868, +1088.000, +64.000, +206.000
1622077020, +3.08, +28.206, +308.48072, +1084.000, +62.000, +224.000
1622077080, +3.08, +28.206, +301.60011, +1086.000, +60.000, +220.000
1622077140, +3.08, +28.197, +299.37986, +1088.000, +64.000, +206.000
1622077200, +3.08, +28.214, +306.83643, +1016.000, +32.000, +312.000
1622077260, +3.08, +28.214, +310.44085, +1081.000, +60.000, +220.000
1622077320, +3.08, +28.214, +308.95140, +1083.000, +60.000, +220.000
1622077380, +3.08, +28.214, +306.76211, +1086.000, +62.000, +212.000
1622077440, +3.08, +28.206, +317.62493, +1089.000, +64.000, +199.000
1622077500, +3.08, +28.222, +320.14555, +1080.000, +56.000, +224.000
1622077560, +3.08, +28.230, +315.12289, +1075.000, +56.000, +240.000
1622077620, +3.08, +28.222, +324.66346, +1107.000, +72.000, +147.000
1622077680, +3.08, +28.222, +311.21500, +1080.000, +60.000, +227.000
1622077740, +3.08, +28.214, +318.99052, +1103.000, +70.000, +163.000
1622077800, +3.08, +28.238, +317.67757, +1087.000, +62.000, +216.000
1622077860, +3.08, +28.230, +312.23997, +1039.000, +36.000, +307.000
1622077920, +3.08, +28.238, +312.04179, +1088.000, +64.000, +208.000
1622077980, +3.08, +28.230, +307.14609, +1081.000, +60.000, +224.000
1622078040, +3.08, +28.230, +317.28121, +1072.000, +56.000, +248.000
1622078100, +3.08, +28.230, +294.31694, +1059.000, +48.000, +280.000
1622078160, +3.08, +28.238, +311.55562, +1081.000, +62.000, +224.000
1622078220, +3.08, +28.238, +309.39730, +1080.000, +56.000, +232.000
1622078280, +3.08, +28.247, +324.91428, +1080.000, +60.000, +232.000
1622078340, +3.08, +28.247, +327.88391, +1059.000, +44.000, +280.000
1622078400, +3.08, +28.255, +339.00993, +1068.000, +48.000, +264.000
1622078460, +3.08, +28.255, +338.14289, +1062.000, +48.000, +278.000
1622078520, +3.08, +28.238, +348.13866, +1087.000, +64.000, +209.000
1622078580, +3.08, +28.263, +357.64517, +1054.000, +44.000, +287.000
1622078640, +3.08, +28.247, +360.77272, +1080.000, +60.000, +232.000
1622078700, +3.08, +28.230, +352.74638, +1072.000, +51.000, +252.000
1622078760, +3.08, +28.238, +352.19518, +1075.000, +54.000, +240.000
1622078820, +3.08, +28.247, +328.62089, +1075.000, +56.000, +243.000
1622078880, +3.08, +28.238, +320.52333, +1088.000, +64.000, +208.000
1622078940, +3.08, +28.255, +305.83933, +1056.000, +48.000, +288.000
1622079000, +3.08, +28.263, +295.12825, +1008.000, +28.000, +308.000
1622079060, +3.08, +28.271, +292.73149, +1056.000, +44.000, +284.000
1622079120, +3.08, +28.255, +291.29468, +1080.000, +56.000, +230.000
1622079180, +3.08, +28.271, +294.60183, +1084.000, +60.000, +224.000
1622079240, +3.08, +28.271, +298.56545, +1080.000, +56.000, +228.000
1622079300, +3.08, +28.279, +309.96708, +1025.000, +35.000, +312.000
1622079360, +3.08, +28.271, +311.61446, +1068.000, +48.000, +268.000
1622079420, +3.08, +28.271, +318.58487, +1080.000, +56.000, +240.000
1622079480, +3.08, +28.271, +315.33965, +1088.000, +64.000, +208.000
1622079540, +3.08, +28.288, +319.82660, +1068.000, +48.000, +264.000
1622079600, +3.08, +28.271, +329.61180, +1078.000, +56.000, +240.000
1622079660, +3.08, +28.271, +350.09880, +1086.000, +62.000, +216.000
1622079720, +3.08, +28.263, +385.81789, +1068.000, +48.000, +270.000
1622079780, +3.08, +28.271, +379.24074, +1025.000, +33.000, +312.000
1622079840, +3.08, +28.263, +384.97562, +1092.000, +65.000, +192.000
1622079900, +3.08, +28.296, +370.90784, +1075.000, +56.000, +243.000
1622079960, +3.08, +28.288, +339.65402, +1011.000, +28.000, +312.000
1622080020, +3.08, +28.279, +335.08346, +1088.000, +64.000, +208.000
1622080080, +3.08, +28.279, +321.71242, +1091.000, +64.000, +206.000
1622080140, +3.08, +28.288, +307.33808, +1088.000, +64.000, +204.000
1622080200, +3.08, +28.296, +303.44567, +1078.000, +56.000, +231.000
1622080260, +3.08, +28.279, +293.96084, +1072.000, +56.000, +243.000
1622080320, +3.08, +28.304, +283.11970, +1072.000, +56.000, +252.000
1622080380, +3.08, +28.296, +276.15548, +1036.000, +35.000, +304.000
1622080440, +3.08, +28.279, +273.19515, +1051.000, +40.000, +291.000
1622080500, +3.08, +28.296, +259.71572, +1007.000, +28.000, +310.000
1622080560, +3.08, +28.304, +248.85600, +1040.000, +38.000, +304.000
1622080620, +3.08, +28.296, +242.83624, +1075.000, +56.000, +246.000
1622080680, +3.08, +28.304, +244.45266, +1063.000, +48.000, +270.000
1622080740, +3.08, +28.304, +251.57170, +1070.000, +51.000, +259.000
1622080800, +3.08, +28.304, +257.10530, +1056.000, +44.000, +288.000
1622080860, +3.08, +28.288, +263.61432, +1047.000, +39.000, +297.000
1622080920, +3.08, +28.304, +262.67296, +1056.000, +40.000, +286.000
1622080980, +3.08, +28.312, +287.86676, +1063.000, +49.000, +268.000
1622081040, +3.08, +28.304, +360.37945, +1104.000, +71.000, +156.000
1622081100, +3.08, +28.296, +380.62492, +1079.000, +56.000, +236.000
1622081160, +3.08, +28.304, +399.64723, +1048.000, +40.000, +300.000
1622081220, +3.08, +28.296, +423.43828, +1076.000, +56.000, +240.000
1622081280, +3.08, +28.304, +446.11766, +1072.000, +56.000, +248.000
1622081340, +3.08, +28.296, +501.42573, +1067.000, +49.000, +262.000
1622081400, +3.08, +28.304, +525.77107, +1068.000, +48.000, +264.000
1622081460, +3.08, +28.312, +530.50265, +1062.000, +48.000, +275.000
1622081520, +3.08, +28.312, +386.45888, +1063.000, +48.000, +271.000
1622081580, +3.08, +28.320, +307.09035, +1011.000, +30.000, +316.000
1622081640, +3.08, +28.296, +287.26912, +1012.000, +30.000, +312.000
1622081700, +3.08, +28.312, +287.69335, +1057.000, +44.000, +286.000
1622081760, +3.08, +28.320, +316.99632, +1048.000, +40.000, +294.000
1622081820, +3.08, +28.312, +335.43028, +1070.000, +49.000, +259.000
1622081880, +3.08, +28.337, +386.36289, +1020.000, +32.000, +313.000
1622081940, +3.08, +28.312, +356.45299, +1027.000, +32.000, +312.000
1622082000, +3.08, +28.337, +325.46238, +1073.000, +56.000, +246.000
1622082060, +3.08, +28.329, +309.10623, +1078.000, +56.000, +236.000
1622082120, +3.08, +28.329, +270.00257, +1054.000, +44.000, +288.000
1622082180, +3.08, +28.329, +261.85546, +1015.000, +30.000, +310.000
1622082240, +3.08, +28.345, +253.72383, +1070.000, +51.000, +260.000
1622082300, +3.08, +28.337, +246.75342, +1032.000, +35.000, +310.000
1622082360, +3.08, +28.337, +234.86564, +1054.000, +44.000, +288.000
1622082420, +3.08, +28.345, +244.52078, +1079.000, +56.000, +236.000
1622082480, +3.08, +28.337, +231.01349, +1008.000, +24.000, +312.000
1622082540, +3.08, +28.345, +231.34792, +1068.000, +48.000, +264.000
1622082600, +3.08, +28.345, +230.76886, +1052.000, +40.000, +294.000
1622082660, +3.08, +28.329, +255.02130, +1059.000, +46.000, +278.000
1622082720, +3.08, +28.337, +249.50319, +1086.000, +64.000, +216.000
1622082780, +3.08, +28.329, +167.69145, +1004.000, +31.000, +310.000
1622082840, +3.08, +28.345, +133.09332, +1054.000, +40.000, +288.000
1622082900, +3.08, +28.345, +123.17806, +1007.000, +31.000, +307.000
1622082960, +3.08, +28.329, +164.99742, +1030.000, +35.000, +312.000
1622083020, +3.08, +28.345, +217.92733, +1008.000, +30.000, +312.000
1622083080, +3.08, +28.353, +208.31243, +1087.000, +60.000, +209.000
1622083140, +3.08, +28.345, +200.43163, +1064.000, +48.000, +271.000
1622083200, +3.08, +28.337, +201.83128, +1043.000, +40.000, +300.000
1622083260, +3.08, +28.345, +180.57324, +1006.000, +30.000, +307.000
1622083320, +3.08, +28.345, +176.51052, +1080.000, +56.000, +236.000
1622083380, +3.08, +28.353, +172.82559, +1043.000, +40.000, +302.000
1622083440, +3.08, +28.304, +168.89912, +1044.000, +40.000, +300.000
1622083500, +3.08, +28.361, +159.84781, +1068.000, +48.000, +268.000
1622083560, +3.08, +28.337, +155.93372, +1031.000, +35.000, +308.000
1622083620, +3.08, +28.345, +152.38814, +1011.000, +28.000, +312.000
1622083680, +3.08, +28.329, +146.43031, +1025.000, +31.000, +312.000
1622083740, +3.08, +28.337, +144.58165, +1080.000, +56.000, +236.000
1622083800, +3.08, +28.320, +127.34916, +1072.000, +48.000, +260.000
1622083860, +3.08, +28.353, +123.23690, +1063.000, +48.000, +273.000
1622083920, +3.08, +28.320, +101.31928, +1039.000, +33.000, +304.000
1622083980, +3.08, +28.329, +99.82673, +1055.000, +44.000, +284.000
1622084040, +3.08, +28.337, +99.61616, +1052.000, +40.000, +295.000
1622084100, +3.08, +28.329, +98.50758, +1068.000, +51.000, +263.000
1622084160, +3.08, +28.337, +99.48610, +1032.000, +32.000, +307.000
1622084220, +3.08, +28.329, +98.25676, +1060.000, +44.000, +280.000
1622084280, +3.08, +28.345, +93.80387, +1047.000, +39.000, +296.000
1622084340, +3.08, +28.329, +91.65175, +1068.000, +51.000, +264.000
1622084400, +3.08, +28.304, +91.00147, +1008.000, +30.000, +312.000
1622084460, +3.08, +28.345, +81.71481, +1068.000, +51.000, +259.000
1622084520, +3.08, +28.312, +63.89397, +1084.000, +56.000, +227.000
1622084580, +3.08, +28.329, +55.72209, +1080.000, +60.000, +228.000
1622084640, +3.08, +28.337, +60.06350, +1068.000, +51.000, +256.000
1622084700, +3.08, +28.353, +63.81346, +1057.000, +48.000, +280.000
1622084760, +3.08, +28.320, +64.79198, +1068.000, +48.000, +263.000
1622084820, +3.08, +28.337, +61.89358, +1080.000, +56.000, +236.000
1622084880, +3.08, +28.345, +59.47515, +1086.000, +60.000, +224.000
1622084940, +3.08, +28.329, +55.82118, +1006.000, +28.000, +310.000
1622085000, +3.08, +28.345, +53.84246, +1112.000, +64.000, +136.000
1622085060, +3.08, +28.329, +50.27830, +1072.000, +56.000, +248.000
1622085120, +3.08, +28.329, +47.03617, +1080.000, +56.000, +236.000
1622085180, +3.08, +28.337, +44.96766, +1086.000, +60.000, +211.000
1622085240, +3.08, +28.320, +42.56471, +1006.000, +30.000, +307.000
1622085300, +3.08, +28.320, +38.56702, +1078.000, +56.000, +240.000
1622085360, +3.08, +28.320, +37.48631, +1008.000, +30.000, +312.000
1622085420, +3.08, +28.329, +34.91924, +1006.000, +28.000, +307.000
1622085480, +3.08, +28.320, +32.99936, +1073.000, +54.000, +248.000
1622085540, +3.08, +28.320, +28.58363, +1036.000, +36.000, +307.000
1622085600, +3.08, +28.312, +27.32642, +1104.000, +71.000, +160.000
1622085660, +3.08, +28.312, +26.60801, +1084.000, +60.000, +224.000
1622085720, +3.07, +28.320, +24.79032, +1078.000, +56.000, +236.000
1622085780, +3.08, +28.312, +23.89541, +1086.000, +60.000, +216.000
1622085840, +3.08, +28.304, +21.68444, +1081.000, +60.000, +224.000
1622085900, +3.08, +28.312, +19.37130, +1088.000, +64.000, +208.000
1622085960, +3.08, +28.296, +17.80133, +1068.000, +48.000, +259.000
1622086020, +3.08, +28.312, +16.24065, +1065.000, +48.000, +268.000
1622086080, +3.08, +28.296, +14.75739, +1072.000, +52.000, +256.000
1622086140, +3.08, +28.312, +13.68907, +1081.000, +56.000, +236.000
1622086200, +3.08, +28.288, +11.91163, +1057.000, +44.000, +280.000
1622086260, +3.08, +28.296, +10.34166, +1004.000, +30.000, +310.000
1622086320, +3.08, +28.320,  +8.98536, +1072.000, +51.000, +256.000
1622086380, +3.08, +28.304,  +7.79317, +1007.000, +25.000, +310.000
1622086440, +3.08, +28.296,  +7.00974, +1080.000, +56.000, +240.000
1622086500, +3.08, +28.312,  +6.06837, +1080.000, +56.000, +232.000
1622086560, +3.08, +28.296,  +5.19823, +1027.000, +35.000, +312.000
1622086620, +3.08, +28.288,  +4.29713, +1004.000, +30.000, +304.000
1622086680, +3.08, +28.296,  +3.69020, +1008.000, +28.000, +308.000
1622086740, +3.08, +28.288,  +3.14520, +1004.000, +30.000, +305.000
1622086800, +3.08, +28.296,  +2.65594, +1059.000, +46.000, +280.000
1622086860, +3.08, +28.304,  +2.24100, +1064.000, +48.000, +270.000
1622086920, +3.08, +28.304,  +1.84154, +1032.000, +33.000, +310.000
1622086980, +3.08, +28.288,  +1.58143, +1080.000, +56.000, +236.000
1622087040, +3.08, +28.288,  +1.28415, +1080.000, +56.000, +236.000
1622087100, +3.08, +28.296,  +1.11074, +1080.000, +56.000, +230.000
1622087160, +3.08, +28.279,  +0.86921, +1086.000, +60.000, +227.000
1622087220, +3.08, +28.296,  +0.72367, +1080.000, +56.000, +231.000
1622087280, +3.08, +28.296,  +0.51930, +1063.000, +48.000, +272.000
1622087340, +3.08, +28.296,  +0.40472, +1080.000, +56.000, +227.000
1622087400, +3.08, +28.288,  +0.48214, +1073.000, +56.000, +246.000
1622087460, +3.08, +28.296,  +0.28086, +1059.000, +44.000, +280.000
1622087520, +3.08, +28.271,  +0.12913, +1054.000, +40.000, +294.000
1622087580, +3.08, +28.279,  +0.03004, +1055.000, +44.000, +288.000
1622087640, +3.08, +28.279,  +0.01765, +1054.000, +48.000, +288.000
1622087700, +3.08, +28.288,  +0.04552, +1078.000, +56.000, +240.000
1622087760, +3.07, +28.288,  +0.07339, +1076.000, +54.000, +240.000
1622087820, +3.08, +28.288,  +0.03933, +1056.000, +44.000, +280.000
1622087880, +3.07, +28.279,  +0.07339, +1064.000, +48.000, +270.000
1622087940, +3.08, +28.288,  -0.00403, +1080.000, +56.000, +240.000
1622088000, +3.08, +28.263,  +0.03313, +1081.000, +56.000, +224.000
1622088060, +3.08, +28.279,  +0.03933, +1080.000, +56.000, +236.000
1622088120, +3.08, +28.263,  -0.07834, +1075.000, +54.000, +243.000
1622088180, +3.08, +28.288,  -0.10931, +1087.000, +64.000, +214.000
1622088240, +3.08, +28.263,  -0.00403, +1087.000, +62.000, +212.000
1622088300, +3.08, +28.271,  +0.02075, +1076.000, +56.000, +240.000
1622088360, +3.08, +28.279,  -0.06596, +1072.000, +52.000, +252.000
1622088420, +3.08, +28.271,  -0.03809, +1088.000, +64.000, +208.000
1622088480, +3.08, +28.271,  -0.10312, +1084.000, +56.000, +220.000
1622088540, +3.07, +28.271,  +0.00217, +1088.000, +64.000, +208.000
1622088600, +3.07, +28.263,  -0.08144, +1107.000, +72.000, +152.000
1622088660, +3.07, +28.271,  +0.03313, +1091.000, +64.000, +198.000
1622088720, +3.07, +28.279,  +0.05171, +1073.000, +56.000, +240.000
1622088780, +3.08, +28.271,  +0.12603, +1072.000, +54.000, +249.000
1622088840, +3.08, +28.263,  -0.06286, +1083.000, +60.000, +224.000
1622088900, +3.08, +28.279,  +0.03004, +1091.000, +64.000, +206.000
1622088960, +3.08, +28.271,  -0.03189, +1100.000, +70.000, +176.000
1622089020, +3.07, +28.271,  -0.04738, +1070.000, +48.000, +262.000
1622089080, +3.07, +28.271,  -0.00403, +1072.000, +51.000, +252.000
1622089140, +3.07, +28.263,  -0.09383, +1091.000, +64.000, +206.000
1622089200, +3.07, +28.263,  +0.09197, +1091.000, +64.000, +204.000
1622089260, +3.07, +28.263,  +0.03933, +1080.000, +56.000, +232.000
1622089320, +3.08, +28.255,  +0.05171, +1080.000, +56.000, +231.000
1622089380, +3.08, +28.263,  +0.04862, +1078.000, +56.000, +236.000
1622089440, +3.07, +28.271,  +0.03623, +1065.000, +48.000, +264.000
1622089500, +3.08, +28.255,  -0.03809, +1088.000, +62.000, +212.000
1622089560, +3.07, +28.263,  +0.05481, +1062.000, +48.000, +275.000
1622089620, +3.08, +28.271,  -0.00093, +1078.000, +56.000, +240.000
1622089680, +3.07, +28.238,  -0.10621, +1080.000, +60.000, +230.000
1622089740, +3.07, +28.247,  +0.03004, +1084.000, +60.000, +224.000
1622089800, +3.07, +28.247,  -0.10621, +1088.000, +64.000, +200.000
1622089860, +3.07, +28.263,  -0.02261, +1068.000, +52.000, +262.000
1622089920, +3.07, +28.247,  +0.07339, +1041.000, +38.000, +304.000
1622089980, +3.07, +28.247,  -0.05047, +1084.000, +60.000, +224.000
1622090040, +3.07, +28.263,  -0.21459, +1088.000, +64.000, +211.000
1622090100, +3.07, +28.255,  -0.07834, +1089.000, +64.000, +204.000
1622090160, +3.07, +28.263,  -0.00712, +1075.000, +54.000, +243.000
1622090220, +3.08, +28.263,  -0.08454, +1095.000, +64.000, +196.000
1622090280, +3.08, +28.255,  -0.10002, +1088.000, +60.000, +220.000
1622090340, +3.07, +28.263,  -0.03809, +1080.000, +60.000, +224.000
1622090400, +3.07, +28.263,  -0.01332, +1072.000, +54.000, +252.000
1622090460, +3.07, +28.230,  -0.04118, +1087.000, +62.000, +212.000
1622090520, +3.08, +28.230,  -0.14028, +1075.000, +54.000, +243.000
1622090580, +3.07, +28.271,  -0.01951, +1094.000, +64.000, +196.000
1622090640, +3.07, +28.230,  -0.03189, +1087.000, +64.000, +212.000
1622090700, +3.07, +28.238,  +0.00526, +1100.000, +70.000, +179.000
1622090760, +3.07, +28.263,  +0.02384, +1087.000, +60.000, +220.000
1622090820, +3.07, +28.263,  -0.01332, +1087.000, +60.000, +216.000
1622090880, +3.07, +28.263,  +0.03004, +1080.000, +60.000, +230.000
1622090940, +3.07, +28.255,  +0.05791, +1080.000, +56.000, +232.000
1622091000, +3.07, +28.255,  -0.01332, +1089.000, +64.000, +206.000
1622091060, +3.07, +28.230,  -0.03499, +1079.000, +56.000, +240.000
1622091120, +3.07, +28.238,  +0.02075, +1080.000, +56.000, +230.000
1622091180, +3.07, +28.263,  -0.12170, +1091.000, +67.000, +195.000
1622091240, +3.07, +28.238,  -0.02570, +1038.000, +38.000, +307.000
1622091300, +3.07, +28.255,  -0.05667, +1063.000, +48.000, +272.000
1622091360, +3.07, +28.255,  -0.04118, +1079.000, +56.000, +240.000
1622091420, +3.07, +28.255,  -0.02880, +1080.000, +60.000, +224.000
1622091480, +3.07, +28.238,  -0.10002, +1068.000, +48.000, +268.000
1622091540, +3.07, +28.214,  +0.09507, +1084.000, +62.000, +220.000
1622091600, +3.08, +28.255,  -0.05047, +1054.000, +41.000, +288.000
1622091660, +3.07, +28.238,  +0.04862, +1116.000, +35.000, +161.000
1622091720, +3.07, +28.222,  -0.07215, +1072.000, +51.000, +249.000
1622091780, +3.07, +28.247,  +0.05791, +1080.000, +56.000, +230.000
1622091840, +3.07, +28.255,  -0.11550, +1059.000, +48.000, +280.000
1622091900, +3.07, +28.247,  -0.03809, +1096.000, +67.000, +188.000
1622091960, +3.07, +28.247,  -0.14956, +1086.000, +60.000, +220.000
1622092020, +3.07, +28.247,  -0.10002, +1080.000, +56.000, +232.000
1622092080, +3.07, +28.230,  +0.02384, +1086.000, +60.000, +227.000
1622092140, +3.07, +28.247,  -0.03189, +1084.000, +60.000, +220.000
1622092200, +3.07, +28.238,  -0.14956, +1056.000, +44.000, +288.000
1622092260, +3.07, +28.247,  +0.04242, +1089.000, +64.000, +207.000
1622092320, +3.07, +28.238,  -0.02880, +1084.000, +56.000, +227.000
1622092380, +3.07, +28.238,  -0.01951, +1075.000, +56.000, +243.000
1622092440, +3.07, +28.238,  -0.01332, +1080.000, +56.000, +232.000
1622092500, +3.07, +28.230,  -0.08454, +1072.000, +51.000, +256.000
1622092560, +3.07, +28.238,  +0.08887, +1065.000, +48.000, +272.000
1622092620, +3.07, +28.230,  +0.00526, +1075.000, +52.000, +248.000
1622092680, +3.07, +28.238,  +0.03313, +1084.000, +60.000, +227.000
1622092740, +3.07, +28.230,  +0.04242, +1080.000, +56.000, +228.000
1622092800, +3.07, +28.247,  -0.07525, +1081.000, +56.000, +227.000
1622092860, +3.07, +28.238,  +0.00836, +1112.000, +38.000, +160.000
1622092920, +3.07, +28.238,  +0.05481, +1075.000, +56.000, +241.000
1622092980, +3.07, +28.230,  +0.03933, +1112.000, +67.000, +140.000
1622093040, +3.07, +28.230,  -0.13718, +1100.000, +70.000, +172.000
1622093100, +3.07, +28.238,  -0.12789, +1080.000, +60.000, +224.000
1622093160, +3.07, +28.238,  -0.05976, +1104.000, +72.000, +160.000
1622093220, +3.07, +28.222,  -0.05357, +1086.000, +60.000, +214.000
1622093280, +3.07, +28.238,  +0.04862, +1078.000, +54.000, +240.000
1622093340, +3.07, +28.230,  -0.04738, +1084.000, +56.000, +224.000
1622093400, +3.07, +28.238,  -0.08454, +1086.000, +56.000, +220.000
1622093460, +3.07, +28.230,  -0.00093, +1086.000, +60.000, +224.000
1622093520, +3.07, +28.197,  -0.08144, +1088.000, +64.000, +214.000
1622093580, +3.07, +28.222,  +0.03004, +1080.000, +56.000, +228.000
1622093640, +3.07, +28.238,  -0.09073, +1084.000, +56.000, +227.000
1622093700, +3.07, +28.230,  +0.12603, +1081.000, +60.000, +228.000
1622093760, +3.07, +28.238,  -0.01641, +1062.000, +48.000, +280.000
1622093820, +3.07, +28.238,  +0.03933, +1043.000, +38.000, +300.000
1622093880, +3.07, +28.222,  +0.05791, +1068.000, +48.000, +263.000
1622093940, +3.07, +28.230,  -0.02261, +1068.000, +48.000, +263.000
1622094000, +3.07, +28.247,  +0.02075, +1080.000, +56.000, +227.000
1622094060, +3.07, +28.230,  -0.00403, +1084.000, +56.000, +224.000
1622094120, +3.07, +28.230,  -0.10621, +1086.000, +60.000, +224.000
1622094180, +3.07, +28.214,  -0.04428, +1080.000, +56.000, +238.000
1622094240, +3.07, +28.222,  +0.05171, +1116.000, +49.000, +140.000
1622094300, +3.07, +28.206,  +0.03004, +1089.000, +64.000, +209.000
1622094360, +3.07, +28.214,  +0.02694, +1095.000, +64.000, +192.000
1622094420, +3.07, +28.230,  -0.00403, +1068.000, +48.000, +272.000
1622094480, +3.07, +28.230,  -0.10931, +1068.000, +51.000, +260.000
1622094540, +3.07, +28.222,  -0.04118, +1113.000, +56.000, +136.000
1622094600, +3.07, +28.230,  -0.00403, +1087.000, +64.000, +209.000
1622094660, +3.07, +28.222,  +0.04242, +1084.000, +60.000, +217.000
1622094720, +3.07, +28.214,  +0.02694, +1112.000, +28.000, +179.000
1622094780, +3.07, +28.230,  +0.06720, +1080.000, +56.000, +231.000
1622094840, +3.07, +28.214,  -0.08144, +1079.000, +56.000, +240.000
1622094900, +3.07, +28.230,  +0.02384, +1096.000, +67.000, +184.000
1622094960, +3.07, +28.222,  -0.08763, +1105.000, +72.000, +153.000
1622095020, +3.07, +28.238,  -0.00712, +1088.000, +64.000, +206.000
1622095080, +3.07, +28.238,  -0.09073, +1084.000, +60.000, +224.000
1622095140, +3.07, +28.214,  -0.05357, +1080.000, +56.000, +236.000
1622095200, +3.07, +28.230,  +0.07649, +1088.000, +64.000, +206.000
1622095260, +3.07, +28.222,  -0.09383, +1089.000, +64.000, +204.000
1622095320, +3.07, +28.222,  -0.05667, +1100.000, +71.000, +168.000
1622095380, +3.07, +28.222,  +0.00526, +1088.000, +62.000, +210.000
1622095440, +3.07, +28.214,  +0.00217, +1084.000, +56.000, +224.000
1622095500, +3.07, +28.214,  -0.03189, +1060.000, +48.000, +280.000
1622095560, +3.07, +28.222,  -0.01022, +1078.000, +51.000, +248.000
1622095620, +3.07, +28.214,  -0.01641, +1081.000, +56.000, +225.000
1622095680, +3.07, +28.222,  -0.11241, +1116.000, +35.000, +158.000
1622095740, +3.07, +28.197,  -0.00093, +1078.000, +56.000, +240.000
1622095800, +3.07, +28.214,  +0.03004, +1087.000, +60.000, +216.000
1622095860, +3.07, +28.214,  +0.08578, +1057.000, +46.000, +280.000
1622095920, +3.07, +28.222,  +0.01455, +1080.000, +60.000, +227.000
1622095980, +3.07, +28.214,  -0.13408, +1084.000, +60.000, +227.000
1622096040, +3.07, +28.206,  -0.10931, +1076.000, +56.000, +243.000
1622096100, +3.07, +28.206,  -0.07215, +1081.000, +56.000, +224.000
1622096160, +3.07, +28.214,  -0.02261, +1081.000, +60.000, +224.000
1622096220, +3.07, +28.206,  -0.01951, +1076.000, +56.000, +248.000
1622096280, +3.07, +28.206,  +0.00526, +1072.000, +54.000, +248.000
1622096340, +3.07, +28.197,  +0.05171, +1064.000, +48.000, +272.000
1622096400, +3.07, +28.214,  +0.11364, +1080.000, +56.000, +240.000
1622096460, +3.07, +28.189,  +0.00217, +1110.000, +66.000, +147.000
1622096520, +3.07, +28.206,  +0.01765, +1081.000, +56.000, +225.000
1622096580, +3.07, +28.197,  -0.01951, +1086.000, +64.000, +211.000
1622096640, +3.07, +28.189,  -0.01951, +1087.000, +60.000, +224.000
1622096700, +3.07, +28.206,  +0.00836, +1080.000, +56.000, +232.000
1622096760, +3.07, +28.206,  -0.09073, +1088.000, +60.000, +208.000
1622096820, +3.07, +28.189,  +0.06410, +1080.000, +56.000, +232.000
1622096880, +3.07, +28.206,  -0.09692, +1088.000, +64.000, +204.000
1622096940, +3.07, +28.206,  -0.11241, +1078.000, +56.000, +236.000
1622097000, +3.07, +28.181,  +0.04242, +1084.000, +60.000, +224.000
1622097060, +3.07, +28.197,  +0.07029, +1080.000, +57.000, +227.000
1622097120, +3.07, +28.189,  -0.12170, +1087.000, +60.000, +216.000
1622097180, +3.07, +28.197,  +0.01765, +1088.000, +62.000, +208.000
1622097240, +3.07, +28.181,  +0.00526, +1107.000, +70.000, +147.000
1622097300, +3.07, +28.189,  -0.01022, +1064.000, +48.000, +271.000
1622097360, +3.07, +28.206,  -0.11550, +1092.000, +64.000, +204.000
1622097420, +3.07, +28.197,  -0.01022, +1073.000, +52.000, +248.000
1622097480, +3.07, +28.197,  -0.05667, +1087.000, +60.000, +216.000
1622097540, +3.07, +28.189,  +0.01455, +1087.000, +60.000, +216.000
1622097600, +3.07, +28.197,  +0.04242, +1080.000, +56.000, +232.000
1622097660, +3.07, +28.189,  -0.05976, +1089.000, +62.000, +211.000
1622097720, +3.07, +28.173,  -0.03809, +1089.000, +64.000, +204.000
1622097780, +3.07, +28.189,  -0.01022, +1084.000, +60.000, +224.000
1622097840, +3.07, +28.189,  +0.04862, +1096.000, +66.000, +184.000
1622097900, +3.07, +28.181,  -0.02880, +1084.000, +60.000, +224.000
1622097960, +3.07, +28.189,  -0.07525, +1068.000, +48.000, +271.000
1622098020, +3.07, +28.189,  +0.00526, +1084.000, +60.000, +220.000
1622098080, +3.07, +28.181,  -0.01332, +1080.000, +56.000, +240.000
1622098140, +3.07, +28.181,  -0.05976, +1080.000, +56.000, +232.000
1622098200, +3.07, +28.181,  -0.04428, +1096.000, +67.000, +184.000
1622098260, +3.07, +28.156,  -0.11860, +1113.000, +64.000, +140.000
1622098320, +3.07, +28.165,  -0.10002, +1004.000, +31.000, +310.000
1622098380, +3.07, +28.173,  -0.09692, +1096.000, +68.000, +184.000
1622098440, +3.07, +28.165,  -0.05667, +1116.000, +56.000, +142.000
1622098500, +3.07, +28.173,  -0.02261, +1113.000, +56.000, +136.000
1622098560, +3.07, +28.173,  -0.11241, +1095.000, +65.000, +192.000
1622098620, +3.07, +28.181,  -0.01641, +1095.000, +68.000, +180.000
1622098680, +3.07, +28.173,  +0.05791, +1091.000, +64.000, +200.000
1622098740, +3.07, +28.173,  -0.03809, +1103.000, +65.000, +166.000
1622098800, +3.07, +28.165,  -0.15266, +1073.000, +54.000, +246.000
1622098860, +3.07, +28.181,  -0.08144, +1081.000, +60.000, +230.000
1622098920, +3.07, +28.165,  +0.07029, +1087.000, +60.000, +216.000
1622098980, +3.07, +28.173,  -0.06905, +1100.000, +70.000, +176.000
1622099040, +3.07, +28.173,  -0.12479, +1094.000, +64.000, +200.000
1622099100, +3.07, +28.140,  -0.09073, +1079.000, +56.000, +236.000
1622099160, +3.07, +28.181,  -0.08144, +1095.000, +64.000, +192.000
1622099220, +3.07, +28.181,  -0.05047, +1104.000, +70.000, +160.000
1622099280, +3.07, +28.173,  -0.02261, +1095.000, +68.000, +184.000
1622099340, +3.07, +28.181,  -0.09692, +1088.000, +64.000, +208.000
1622099400, +3.07, +28.165,  -0.00712, +1088.000, +60.000, +212.000
1622099460, +3.07, +28.165,  +0.04242, +1080.000, +56.000, +235.000
1622099520, +3.07, +28.173,  -0.01022, +1112.000, +65.000, +140.000
1622099580, +3.07, +28.156,  -0.09073, +1080.000, +56.000, +232.000
1622099640, +3.07, +28.156,  -0.08144, +1110.000, +70.000, +140.000
1622099700, +3.07, +28.165,  -0.04428, +1068.000, +51.000, +264.000
1622099760, +3.07, +28.165,  +0.00217, +1070.000, +48.000, +259.000
1622099820, +3.07, +28.148,  -0.03809, +1073.000, +52.000, +248.000
1622099880, +3.07, +28.115,  +0.06410, +1086.000, +60.000, +220.000
1622099940, +3.07, +28.156,  -0.07215, +1086.000, +60.000, +224.000
1622100000, +3.07, +28.124,  -0.12789, +1078.000, +54.000, +240.000
1622100060, +3.07, +28.156,  -0.01332, +1116.000, +54.000, +143.000
1622100120, +3.07, +28.148,  -0.08454, +1080.000, +56.000, +236.000
1622100180, +3.07, +28.132,  -0.15266, +1030.000, +32.000, +312.000
1622100240, +3.07, +28.124,  -0.04738, +1097.000, +67.000, +184.000
1622100300, +3.07, +28.124,  -0.05047, +1047.000, +38.000, +304.000
1622100360, +3.07, +28.107,  -0.02570, +1095.000, +64.000, +192.000
1622100420, +3.07, +28.132,  -0.10002, +1110.000, +68.000, +147.000
1622100480, +3.07, +28.132,  +0.02384, +1084.000, +60.000, +224.000
1622100540, +3.07, +28.124,  -0.07834, +1088.000, +64.000, +212.000
1622100600, +3.07, +28.115,  -0.00093, +1094.000, +62.000, +198.000
1622100660, +3.07, +28.115,  -0.03499, +1088.000, +64.000, +211.000
1622100720, +3.07, +28.107,  -0.00712, +1102.000, +68.000, +168.000
1622100780, +3.07, +28.107,  -0.07525, +1088.000, +60.000, +210.000
1622100840, +3.07, +28.099,  -0.01022, +1104.000, +72.000, +161.000
1622100900, +3.07, +28.107,  -0.04118, +1102.000, +70.000, +172.000
1622100960, +3.07, +28.083,  -0.10002, +1104.000, +70.000, +156.000
1622101020, +3.07, +28.074,  -0.02880, +1113.000, +64.000, +136.000
1622101080, +3.07, +28.099,  -0.03499, +1112.000, +64.000, +140.000
1622101140, +3.07, +28.091,  -0.00093, +1081.000, +60.000, +224.000
1622101200, +3.07, +28.074,  -0.00403, +1006.000, +31.000, +307.000
1622101260, +3.07, +28.083,  -0.08454, +1110.000, +70.000, +147.000
1622101320, +3.07, +28.066,  +0.02075, +1116.000, +64.000, +136.000
1622101380, +3.07, +28.050,  -0.05976, +1116.000, +32.000, +177.000
1622101440, +3.07, +28.066,  -0.00403, +1104.000, +71.000, +163.000
1622101500, +3.07, +28.042,  -0.02570, +1110.000, +67.000, +142.000
1622101560, +3.07, +28.058,  -0.04118, +1087.000, +64.000, +216.000
1622101620, +3.07, +28.033,  -0.04738, +1112.000, +36.000, +152.000
1622101680, +3.07, +28.058,  -0.07215, +1007.000, +28.000, +310.000
1622101740, +3.07, +28.033,  -0.06596, +1113.000, +33.000, +166.000
1622101800, +3.07, +28.050,  +0.01455, +1004.000, +33.000, +310.000
1622101860, +3.07, +28.025,  -0.04738, +1116.000, +28.000, +179.000
1622101920, +3.07, +28.042,  -0.10931, +1108.000, +70.000, +144.000
1622101980, +3.07, +28.033,  -0.00712, +1104.000, +70.000, +160.000
1622102040, +3.07, +28.009,  -0.04428, +1089.000, +64.000, +200.000
1622102100, +3.07, +28.017,  -0.00093, +1103.000, +70.000, +166.000
1622102160, +3.07, +27.984,  -0.06286, +1006.000, +30.000, +311.000
1622102220, +3.07, +28.025,  -0.00712, +1092.000, +64.000, +193.000
1622102280, +3.07, +28.025,  +0.10745, +1088.000, +64.000, +208.000
1622102340, +3.07, +28.000,  +0.05481, +1091.000, +64.000, +204.000
1622102400, +3.08, +28.017,  +0.00526, +1083.000, +60.000, +230.000
1622102460, +3.07, +28.009,  -0.02261, +1095.000, +64.000, +192.000
1622102520, +3.07, +27.992,  +0.08887, +1113.000, +48.000, +144.000
1622102580, +3.07, +28.000,  -0.08763, +1103.000, +71.000, +160.000
1622102640, +3.07, +27.976,  -0.09383, +1088.000, +60.000, +212.000
1622102700, +3.07, +27.992,  -0.04738, +1088.000, +60.000, +216.000
1622102760, +3.07, +28.000,  -0.07834, +1112.000, +60.000, +137.000
1622102820, +3.07, +27.992,  -0.01332, +1116.000, +56.000, +140.000
