7530-428102
OS REV: 1.05 Sensor Cal: 1572940800
Time (sec),  Bat (Volts),   T (deg C),  PAR (umol/(s m^2))  Ax (g), Ay (g), Az (g)
1629755880, +2.97, +25.437,  +1.19126, -144.000, +1068.000, -544.000
1629755940, +2.97, +25.412,  +1.19745, -144.000, +982.000, -424.000
1629756000, +2.97, +25.421,  +1.23770, -152.000, +1031.000, -464.000
1629756060, +2.97, +25.412,  +1.25009, -152.000, +1016.000, -456.000
1629756120, +2.97, +25.412,  +1.12932, -144.000, +1070.000, -557.000
1629756180, +2.97, +25.387,  +1.25628, -152.000, +1014.000, -448.000
1629756240, +2.97, +25.412,  +1.30893, -152.000, +1051.000, -500.000
1629756300, +2.97, +25.396,  +1.31202, -144.000, +1056.000, -512.000
1629756360, +2.97, +25.371,  +1.30273, -152.000, +1022.000, -456.000
1629756420, +2.97, +25.387,  +1.32131, -152.000, +1032.000, -472.000
1629756480, +2.97, +25.396,  +1.32441, -148.000, +1040.000, -488.000
1629756540, +2.97, +25.379,  +1.36157, -144.000, +1070.000, -564.000
1629756600, +2.97, +25.396,  +1.31202, -148.000, +1039.000, -480.000
1629756660, +2.97, +25.396,  +1.28106, -152.000, +1039.000, -477.000
1629756720, +2.97, +25.396,  +1.30583, -144.000, +1070.000, -556.000
1629756780, +2.97, +25.412,  +1.42350, -141.000, +1086.000, -600.000
1629756840, +2.97, +25.421,  +1.42350, -136.000, +1088.000, -624.000
1629756900, +2.97, +25.421,  +1.42969, -144.000, +1068.000, -552.000
1629756960, +2.97, +25.429,  +1.37086, -144.000, +1075.000, -568.000
1629757020, +2.97, +25.421,  +1.41111, -148.000, +1046.000, -488.000
1629757080, +2.97, +25.454,  +1.41111, -148.000, +1027.000, -464.000
1629757140, +2.97, +25.445,  +1.43589, -148.000, +1062.000, -532.000
1629757200, +2.97, +25.487,  +1.37705, -148.000, +1052.000, -504.000
1629757260, +2.97, +25.504,  +1.44208, -152.000, +1025.000, -456.000
1629757320, +2.97, +25.504,  +1.45756, -152.000, +1011.000, -444.000
1629757380, +2.97, +25.537,  +1.42660, -152.000, +999.000, -436.000
1629757440, +2.97, +25.537,  +1.43589, -152.000, +1004.000, -440.000
1629757500, +2.97, +25.562,  +1.41111, -152.000, +1024.000, -460.000
1629757560, +2.97, +25.578,  +1.50091, -152.000, +1032.000, -468.000
1629757620, +2.97, +25.570,  +1.45447, -152.000, +985.000, -434.000
1629757680, +2.97, +25.612,  +1.48233, -153.000, +1004.000, -436.000
1629757740, +2.97, +25.620,  +1.50711, -152.000, +1011.000, -447.000
1629757800, +2.97, +25.612,  +1.53188, -148.000, +984.000, -432.000
1629757860, +2.97, +25.637,  +1.53807, -148.000, +1004.000, -441.000
1629757920, +2.97, +25.628,  +1.52878, -152.000, +1011.000, -444.000
1629757980, +2.97, +25.653,  +1.55975, -148.000, +1040.000, -476.000
1629758040, +2.97, +25.661,  +1.53807, -152.000, +1006.000, -442.000
1629758100, +2.97, +25.653,  +1.36157, -148.000, +988.000, -434.000
1629758160, +2.97, +25.678,  +1.37395, -148.000, +984.000, -432.000
1629758220, +2.97, +25.670,  +1.42969, -148.000, +990.000, -432.000
1629758280, +2.97, +25.661,  +1.50091, -146.000, +992.000, -434.000
1629758340, +2.97, +25.661,  +1.36776, -146.000, +984.000, -428.000
1629758400, +2.97, +25.670,  +1.39563, -154.000, +1008.000, -440.000
1629758460, +2.97, +25.637,  +1.43898, -152.000, +1039.000, -480.000
1629758520, +2.97, +25.653,  +1.44208, -152.000, +1000.000, -436.000
1629758580, +2.97, +25.678,  +1.56594, -144.000, +1052.000, -512.000
1629758640, +2.97, +25.645,  +1.49162, -148.000, +984.000, -432.000
1629758700, +2.97, +25.628,  +1.67123, -148.000, +984.000, -428.000
1629758760, +2.97, +25.645,  +1.67432, -152.000, +1008.000, -440.000
1629758820, +2.97, +25.645,  +1.76412, -148.000, +988.000, -432.000
1629758880, +2.97, +25.645,  +1.84773, -144.000, +1072.000, -560.000
1629758940, +2.97, +25.653,  +1.74864, -148.000, +1046.000, -494.000
1629759000, +2.97, +25.645,  +1.79819, -148.000, +984.000, -428.000
1629759060, +2.97, +25.645,  +1.85702, -152.000, +1027.000, -456.000
1629759120, +2.97, +25.603,  +1.78890, -152.000, +1038.000, -480.000
1629759180, +2.97, +25.645,  +1.73316, -148.000, +1024.000, -456.000
1629759240, +2.97, +25.620,  +1.81367, -152.000, +1008.000, -441.000
1629759300, +2.97, +25.628,  +1.80128, -148.000, +988.000, -432.000
1629759360, +2.97, +25.612,  +1.75793, -148.000, +984.000, -428.000
1629759420, +2.97, +25.620,  +1.87250, -148.000, +1063.000, -528.000
1629759480, +2.97, +25.612,  +1.70839, -148.000, +1039.000, -480.000
1629759540, +2.97, +25.612,  +1.74554, -148.000, +1039.000, -480.000
1629759600, +2.97, +25.620,  +1.83535, -144.000, +1057.000, -522.000
1629759660, +2.97, +25.612,  +1.85083, -152.000, +1015.000, -448.000
1629759720, +2.97, +25.603,  +1.77961, -152.000, +1016.000, -448.000
1629759780, +2.97, +25.603,  +1.74864, -148.000, +1040.000, -480.000
1629759840, +2.97, +25.620,  +1.86941, -148.000, +1025.000, -458.000
1629759900, +2.97, +25.628,  +1.88799, -141.000, +1078.000, -576.000
1629759960, +2.97, +25.637,  +1.86631, -144.000, +1064.000, -538.000
1629760020, +2.97, +25.653,  +1.85702, -145.000, +984.000, -425.000
1629760080, +2.97, +25.645,  +1.84463, -148.000, +1049.000, -504.000
1629760140, +2.97, +25.661,  +1.86012, -152.000, +1016.000, -452.000
1629760200, +2.97, +25.678,  +1.86012, -151.000, +1016.000, -448.000
1629760260, +2.97, +25.703,  +1.80438, -152.000, +988.000, -432.000
1629760320, +2.97, +25.720,  +1.89108, -145.000, +983.000, -424.000
1629760380, +2.97, +25.736,  +1.90037, -144.000, +984.000, -424.000
1629760440, +2.97, +25.745,  +1.81677, -148.000, +1001.000, -441.000
1629760500, +2.97, +25.769,  +2.06449, -148.000, +982.000, -424.000
1629760560, +2.97, +25.794,  +1.93753, -125.000, +1078.000, -672.000
1629760620, +2.97, +25.811,  +1.93134, -128.000, +1079.000, -672.000
1629760680, +2.97, +25.828,  +1.85702, -148.000, +984.000, -424.000
1629760740, +2.97, +25.836,  +1.90657, -152.000, +1008.000, -442.000
1629760800, +2.97, +25.852,  +1.81986, -148.000, +984.000, -429.000
1629760860, +2.97, +25.861,  +1.97159, -146.000, +982.000, -425.000
1629760920, +2.97, +25.852,  +1.87250, -146.000, +984.000, -429.000
1629760980, +2.97, +25.886,  +1.90657, -146.000, +983.000, -424.000
1629761040, +2.97, +25.852,  +1.90657, -146.000, +983.000, -420.000
1629761100, +2.97, +25.886,  +1.88489, -146.000, +984.000, -429.000
1629761160, +2.97, +25.861,  +1.94063, -152.000, +985.000, -430.000
1629761220, +2.97, +25.886,  +1.94992, -145.000, +983.000, -420.000
1629761280, +2.97, +25.886,  +1.91586, -125.000, +1048.000, -637.000
1629761340, +2.97, +25.861,  +1.97159, -144.000, +982.000, -424.000
1629761400, +2.97, +25.902,  +1.88179, -144.000, +983.000, -429.000
1629761460, +2.97, +25.886,  +1.93753, -152.000, +995.000, -434.000
1629761520, +2.97, +25.886,  +2.03662, -128.000, +1048.000, -637.000
1629761580, +2.97, +25.894,  +2.03662, -145.000, +982.000, -425.000
1629761640, +2.97, +25.877,  +2.10784, -145.000, +982.000, -425.000
1629761700, +2.97, +25.886,  +1.98708, -128.000, +1048.000, -648.000
1629761760, +2.97, +25.886,  +2.00256, -146.000, +984.000, -420.000
1629761820, +2.97, +25.877,  +2.05830, -145.000, +984.000, -424.000
1629761880, +2.97, +25.886,  +2.00875, -148.000, +992.000, -436.000
1629761940, +2.97, +25.861,  +2.01804, -148.000, +985.000, -429.000
1629762000, +2.97, +25.869,  +2.02114, -144.000, +984.000, -424.000
1629762060, +2.97, +25.869,  +2.06449, -148.000, +1048.000, -488.000
1629762120, +2.97, +25.861,  +2.04901, -144.000, +979.000, -429.000
1629762180, +2.97, +25.861,  +2.09855, -144.000, +980.000, -424.000
1629762240, +2.97, +25.861,  +2.18836, -146.000, +983.000, -424.000
1629762300, +2.97, +25.844,  +2.12023, -146.000, +984.000, -426.000
1629762360, +2.97, +25.844,  +2.17287, -148.000, +984.000, -432.000
1629762420, +2.97, +25.852,  +2.11404, -152.000, +990.000, -432.000
1629762480, +2.97, +25.852,  +2.10475, -148.000, +984.000, -429.000
1629762540, +2.97, +25.861,  +2.13571, -152.000, +1006.000, -440.000
1629762600, +2.97, +25.844,  +2.19455, -148.000, +982.000, -424.000
1629762660, +2.97, +25.844,  +2.24409, -148.000, +984.000, -429.000
1629762720, +2.97, +25.861,  +2.25958, -146.000, +983.000, -423.000
1629762780, +2.97, +25.886,  +2.18216, -152.000, +985.000, -432.000
1629762840, +2.97, +25.886,  +2.26887, -146.000, +983.000, -424.000
1629762900, +2.97, +25.886,  +2.31841, -148.000, +984.000, -428.000
1629762960, +2.97, +25.935,  +2.30293, -128.000, +1044.000, -626.000
1629763020, +2.97, +25.927,  +2.33699, -128.000, +1087.000, -668.000
1629763080, +2.97, +25.960,  +2.37415, -125.000, +1078.000, -670.000
1629763140, +2.97, +25.977,  +2.38344, -145.000, +984.000, -424.000
1629763200, +2.97, +25.985,  +2.39892, -128.000, +1084.000, -672.000
1629763260, +2.97, +26.010,  +2.38344, -146.000, +983.000, -423.000
1629763320, +2.97, +26.002,  +2.44228, -146.000, +984.000, -429.000
1629763380, +2.97, +26.002,  +2.40821, -128.000, +1081.000, -672.000
1629763440, +2.97, +26.043,  +2.55995, -141.000, +1087.000, -612.000
1629763500, +2.97, +26.060,  +2.55375, -128.000, +1089.000, -656.000
1629763560, +2.97, +26.060,  +2.50111, -128.000, +1048.000, -625.000
1629763620, +2.97, +26.060,  +2.56614, -136.000, +1089.000, -636.000
1629763680, +2.97, +26.060,  +2.59710, -145.000, +983.000, -421.000
1629763740, +2.97, +26.052,  +2.56614, -128.000, +1086.000, -666.000
1629763800, +2.97, +26.043,  +2.52898, -136.000, +1088.000, -626.000
1629763860, +2.97, +26.043,  +2.58472, -146.000, +982.000, -420.000
1629763920, +2.97, +26.068,  +2.70239, -128.000, +1075.000, -672.000
1629763980, +2.97, +26.060,  +2.65284, -128.000, +1076.000, -668.000
1629764040, +2.97, +26.068,  +2.63117, -125.000, +1075.000, -672.000
1629764100, +2.97, +26.052,  +2.60020, -138.000, +1087.000, -616.000
1629764160, +2.97, +26.052,  +2.66833, -128.000, +1078.000, -672.000
1629764220, +2.97, +26.035,  +2.63426, -128.000, +1052.000, -644.000
1629764280, +2.97, +26.027,  +2.65594, -128.000, +1043.000, -623.000
1629764340, +2.97, +26.002,  +2.54137, -146.000, +984.000, -423.000
1629764400, +2.97, +26.010,  +2.63736, -146.000, +984.000, -424.000
1629764460, +2.97, +26.010,  +2.60639, -125.000, +1073.000, -664.000
1629764520, +2.97, +26.010,  +2.48872, -140.000, +1086.000, -612.000
1629764580, +2.97, +26.010,  +2.49801, -128.000, +1068.000, -664.000
1629764640, +2.97, +26.035,  +2.51040, -128.000, +1072.000, -664.000
1629764700, +2.97, +26.018,  +2.54756, -128.000, +1062.000, -672.000
1629764760, +2.97, +26.018,  +2.60330, -145.000, +984.000, -426.000
1629764820, +2.97, +26.018,  +2.56304, -128.000, +1076.000, -668.000
1629764880, +2.97, +26.035,  +2.56614, -146.000, +983.000, -420.000
1629764940, +2.97, +26.043,  +2.47324, -125.000, +1084.000, -672.000
1629765000, +2.97, +26.052,  +2.47324, -140.000, +1089.000, -616.000
1629765060, +2.97, +26.035,  +2.35557, -146.000, +984.000, -423.000
1629765120, +2.97, +26.085,  +2.38963, -128.000, +1087.000, -668.000
1629765180, +2.97, +26.093,  +2.38654, -128.000, +1081.000, -672.000
1629765240, +2.97, +26.101,  +2.34318, -145.000, +983.000, -424.000
1629765300, +2.97, +26.101,  +2.37105, -146.000, +984.000, -420.000
1629765360, +2.97, +26.110,  +2.32770, -128.000, +1080.000, -670.000
1629765420, +2.97, +26.135,  +2.40821, -148.000, +984.000, -420.000
1629765480, +2.97, +26.126,  +2.40512, -128.000, +1075.000, -668.000
1629765540, +2.97, +26.135,  +2.38963, -128.000, +1087.000, -668.000
1629765600, +2.97, +26.143,  +2.40821, -146.000, +984.000, -420.000
1629765660, +2.97, +26.135,  +2.47324, -128.000, +1091.000, -634.000
1629765720, +2.97, +26.143,  +2.31841, -128.000, +1080.000, -670.000
1629765780, +2.97, +26.135,  +2.22242, -128.000, +1080.000, -668.000
1629765840, +2.96, +26.126,  +2.31841, -136.000, +1089.000, -632.000
1629765900, +2.97, +26.135,  +2.22861, -136.000, +1091.000, -640.000
1629765960, +2.97, +26.110,  +2.26887, -128.000, +1075.000, -672.000
1629766020, +2.97, +26.126,  +2.22861, -128.000, +1080.000, -668.000
1629766080, +2.97, +26.118,  +2.18526, -125.000, +1078.000, -671.000
1629766140, +2.97, +26.068,  +2.09855, -128.000, +1079.000, -668.000
1629766200, +2.97, +26.093,  +2.18526, -128.000, +1075.000, -670.000
1629766260, +2.97, +26.060,  +2.13262, -128.000, +1091.000, -660.000
1629766320, +2.97, +26.077,  +2.03972, -136.000, +1088.000, -624.000
1629766380, +2.97, +26.060,  +2.12333, -136.000, +1091.000, -634.000
1629766440, +2.97, +26.043,  +2.12642, -136.000, +1088.000, -626.000
1629766500, +2.96, +26.052,  +2.07378, -128.000, +1081.000, -666.000
1629766560, +2.97, +26.043,  +2.12642, -143.000, +1080.000, -584.000
1629766620, +2.97, +26.035,  +2.03972, -128.000, +1080.000, -669.000
1629766680, +2.97, +26.052,  +2.06449, -126.000, +1073.000, -666.000
1629766740, +2.97, +26.052,  +2.03662, -144.000, +983.000, -424.000
1629766800, +2.97, +26.035,  +2.01185, -128.000, +1080.000, -668.000
1629766860, +2.97, +26.060,  +1.97159, -128.000, +1080.000, -669.000
1629766920, +2.97, +26.077,  +2.01185, -128.000, +1084.000, -668.000
1629766980, +2.97, +26.068,  +1.83844, -124.000, +1070.000, -666.000
1629767040, +2.97, +26.060,  +1.90347, -125.000, +1078.000, -669.000
1629767100, +2.97, +26.085,  +1.90037, -128.000, +1059.000, -672.000
1629767160, +2.97, +26.085,  +1.90966, -128.000, +1075.000, -670.000
1629767220, +2.97, +26.118,  +1.89728, -128.000, +1091.000, -656.000
1629767280, +2.97, +26.126,  +1.76722, -140.000, +1084.000, -604.000
1629767340, +2.97, +26.135,  +1.82296, -128.000, +1075.000, -670.000
1629767400, +2.96, +26.135,  +1.87250, -128.000, +1084.000, -672.000
1629767460, +2.97, +26.126,  +1.74554, -128.000, +1087.000, -672.000
1629767520, +2.96, +26.143,  +1.81677, -138.000, +1089.000, -624.000
1629767580, +2.97, +26.143,  +1.76103, -126.000, +1076.000, -669.000
1629767640, +2.97, +26.143,  +1.78270, -128.000, +1088.000, -664.000
1629767700, +2.97, +26.126,  +1.74245, -128.000, +1080.000, -672.000
1629767760, +2.97, +26.118,  +1.72696, -128.000, +1084.000, -670.000
1629767820, +2.97, +26.101,  +1.64645, -128.000, +1080.000, -668.000
1629767880, +2.97, +26.110,  +1.57214, -128.000, +1086.000, -664.000
1629767940, +2.96, +26.101,  +1.62787, -136.000, +1088.000, -624.000
1629768000, +2.97, +26.068,  +1.64336, -128.000, +1091.000, -640.000
1629768060, +2.97, +26.068,  +1.59381, -138.000, +1083.000, -600.000
1629768120, +2.97, +26.068,  +1.50711, -128.000, +1088.000, -664.000
1629768180, +2.97, +26.068,  +1.54736, -128.000, +1088.000, -669.000
1629768240, +2.97, +26.043,  +1.52878, -148.000, +988.000, -429.000
1629768300, +2.97, +26.052,  +1.54736, -146.000, +984.000, -424.000
1629768360, +2.97, +26.010,  +1.46376, -128.000, +1076.000, -668.000
1629768420, +2.97, +26.010,  +1.44518, -125.000, +1073.000, -668.000
1629768480, +2.97, +26.043,  +1.42969, -128.000, +1072.000, -664.000
1629768540, +2.97, +26.027,  +1.52259, -128.000, +1043.000, -625.000
1629768600, +2.97, +26.010,  +1.40492, -146.000, +983.000, -423.000
1629768660, +2.97, +26.043,  +1.42660, -146.000, +984.000, -426.000
1629768720, +2.97, +26.035,  +1.39563, -128.000, +1079.000, -668.000
1629768780, +2.97, +26.068,  +1.33989, -144.000, +1075.000, -576.000
1629768840, +2.97, +26.052,  +1.37395, -128.000, +1076.000, -672.000
1629768900, +2.97, +26.068,  +1.32751, -138.000, +1087.000, -621.000
1629768960, +2.97, +26.068,  +1.34299, -128.000, +1076.000, -666.000
1629769020, +2.97, +26.085,  +1.29654, -128.000, +1088.000, -660.000
1629769080, +2.97, +26.077,  +1.30273, -144.000, +1072.000, -560.000
1629769140, +2.97, +26.068,  +1.15719, -128.000, +1078.000, -668.000
1629769200, +2.97, +26.118,  +1.16029, -128.000, +1043.000, -633.000
1629769260, +2.97, +26.101,  +1.20984, -126.000, +1078.000, -669.000
1629769320, +2.97, +26.126,  +1.09836, -128.000, +1084.000, -672.000
1629769380, +2.97, +26.118,  +1.10455, -128.000, +1072.000, -668.000
1629769440, +2.97, +26.110,  +1.02404, -128.000, +1081.000, -672.000
1629769500, +2.97, +26.118,  +1.03023, -126.000, +1075.000, -668.000
1629769560, +2.97, +26.101,  +0.88779, -125.000, +1080.000, -672.000
1629769620, +2.97, +26.101,  +0.83825, -136.000, +1091.000, -628.000
1629769680, +2.97, +26.093,  +0.82586, -128.000, +1089.000, -652.000
1629769740, +2.97, +26.110,  +0.74225, -128.000, +1084.000, -668.000
1629769800, +2.97, +26.101,  +0.72986, -148.000, +983.000, -424.000
1629769860, +2.97, +26.077,  +0.65864, -148.000, +984.000, -424.000
1629769920, +2.97, +26.060,  +0.60910, -144.000, +1078.000, -576.000
1629769980, +2.97, +26.060,  +0.65555, -140.000, +1088.000, -624.000
1629770040, +2.97, +26.035,  +0.64935, -128.000, +1091.000, -650.000
1629770100, +2.97, +26.052,  +0.63697, -125.000, +1052.000, -663.000
1629770160, +2.97, +26.043,  +0.61529, -140.000, +1080.000, -589.000
1629770220, +2.97, +26.043,  +0.49143, -136.000, +1089.000, -624.000
1629770280, +2.97, +26.043,  +0.51620, -126.000, +1043.000, -615.000
1629770340, +2.97, +26.052,  +0.54097, -144.000, +1072.000, -557.000
1629770400, +2.97, +26.035,  +0.42640, -128.000, +1075.000, -669.000
1629770460, +2.97, +26.035,  +0.43879, -128.000, +1064.000, -660.000
1629770520, +2.97, +26.043,  +0.46666, -125.000, +1068.000, -668.000
1629770580, +2.97, +26.043,  +0.43259, -128.000, +1080.000, -672.000
1629770640, +2.97, +26.052,  +0.36756, -128.000, +1088.000, -664.000
1629770700, +2.97, +26.052,  +0.34589, -126.000, +1060.000, -656.000
1629770760, +2.97, +26.068,  +0.36756, -136.000, +1080.000, -592.000
1629770820, +2.97, +26.043,  +0.38305, -146.000, +983.000, -424.000
1629770880, +2.97, +26.068,  +0.25299, -128.000, +1063.000, -656.000
1629770940, +2.97, +26.077,  +0.29634, -124.000, +1070.000, -664.000
1629771000, +2.97, +26.101,  +0.25299, -136.000, +1088.000, -624.000
1629771060, +2.97, +26.093,  +0.31802, -136.000, +1088.000, -634.000
1629771120, +2.97, +26.110,  +0.24370, -128.000, +1089.000, -660.000
1629771180, +2.97, +26.110,  +0.17867, -148.000, +1056.000, -512.000
1629771240, +2.97, +26.118,  +0.15390, -141.000, +1080.000, -588.000
1629771300, +2.97, +26.118,  +0.24680, -128.000, +1088.000, -668.000
1629771360, +2.97, +26.118,  +0.10745, -136.000, +1091.000, -640.000
1629771420, +2.97, +26.126,  +0.08887, -136.000, +1094.000, -640.000
1629771480, +2.97, +26.135,  +0.03623, -125.000, +1078.000, -669.000
1629771540, +2.96, +26.135,  +0.14771, -146.000, +984.000, -424.000
1629771600, +2.97, +26.143,  +0.01146, -126.000, +1080.000, -672.000
1629771660, +2.97, +26.118,  +0.06720, -145.000, +983.000, -424.000
1629771720, +2.97, +26.110,  +0.02075, -145.000, +982.000, -423.000
1629771780, +2.97, +26.101,  +0.05481, -145.000, +982.000, -424.000
1629771840, +2.97, +26.101,  +0.01455, -128.000, +1089.000, -664.000
1629771900, +2.97, +26.060,  +0.08578, -144.000, +1080.000, -576.000
1629771960, +2.97, +26.052,  +0.05171, -125.000, +1078.000, -672.000
1629772020, +2.97, +26.060,  +0.02384, -125.000, +1068.000, -664.000
1629772080, +2.97, +26.052,  +0.03623, -128.000, +1094.000, -656.000
1629772140, +2.97, +26.035,  +0.04552, -138.000, +1084.000, -608.000
1629772200, +2.97, +26.043,  +0.10435, -128.000, +1072.000, -666.000
1629772260, +2.97, +26.027,  +0.03004, -128.000, +1075.000, -668.000
1629772320, +2.97, +26.018,  -0.01022, -125.000, +1031.000, -593.000
1629772380, +2.97, +26.035,  +0.02384, -148.000, +983.000, -424.000
1629772440, +2.97, +26.010,  +0.00526, -126.000, +1054.000, -647.000
1629772500, +2.97, +26.035,  -0.05976, -140.000, +1081.000, -596.000
1629772560, +2.97, +26.018,  -0.08763, -140.000, +1087.000, -620.000
1629772620, +2.97, +26.035,  -0.01641, -136.000, +1091.000, -640.000
1629772680, +2.97, +26.027,  -0.00403, -127.000, +1070.000, -666.000
1629772740, +2.97, +26.027,  -0.07525, -128.000, +1055.000, -640.000
1629772800, +2.97, +26.027,  +0.03933, -146.000, +983.000, -421.000
1629772860, +2.97, +26.035,  -0.05047, -146.000, +984.000, -424.000
1629772920, +2.97, +26.018,  -0.10002, -128.000, +1089.000, -652.000
1629772980, +2.97, +26.043,  -0.05667, -128.000, +1088.000, -664.000
1629773040, +2.97, +26.052,  -0.05357, -128.000, +1081.000, -672.000
1629773100, +2.97, +26.068,  -0.05667, -136.000, +1088.000, -632.000
1629773160, +2.97, +26.043,  -0.02261, -145.000, +983.000, -424.000
1629773220, +2.97, +26.060,  -0.01641, -128.000, +1087.000, -664.000
1629773280, +2.97, +26.043,  -0.04428, -128.000, +1073.000, -668.000
1629773340, +2.97, +26.043,  -0.00712, -128.000, +1080.000, -670.000
1629773400, +2.97, +26.068,  +0.01765, -136.000, +1094.000, -652.000
1629773460, +2.97, +26.077,  +0.07339, -127.000, +1055.000, -649.000
1629773520, +2.97, +26.060,  +0.00217, -128.000, +1039.000, -611.000
1629773580, +2.97, +26.068,  -0.06286, -144.000, +1079.000, -576.000
1629773640, +2.97, +26.093,  -0.05357, -128.000, +1078.000, -666.000
1629773700, +2.97, +26.068,  -0.03809, -128.000, +1078.000, -669.000
1629773760, +2.97, +26.101,  -0.02570, -126.000, +1084.000, -672.000
1629773820, +2.97, +26.085,  -0.03189, -136.000, +1088.000, -632.000
1629773880, +2.97, +26.085,  -0.05667, -128.000, +1088.000, -656.000
1629773940, +2.97, +26.068,  +0.02694, -144.000, +1072.000, -568.000
1629774000, +2.97, +26.085,  -0.05357, -128.000, +1091.000, -648.000
1629774060, +2.97, +26.043,  +0.07649, -136.000, +1088.000, -628.000
1629774120, +2.97, +26.060,  -0.04738, -136.000, +1091.000, -640.000
1629774180, +2.97, +26.027,  +0.04862, -128.000, +1086.000, -666.000
1629774240, +2.97, +26.027,  +0.03623, -144.000, +1083.000, -588.000
1629774300, +2.97, +26.010,  -0.07834, -128.000, +1091.000, -656.000
1629774360, +2.97, +25.994,  -0.03809, -126.000, +1046.000, -625.000
1629774420, +2.97, +26.010,  -0.03189, -128.000, +1068.000, -658.000
1629774480, +2.97, +25.985,  -0.05357, -124.000, +1068.000, -664.000
1629774540, +2.97, +25.969,  -0.07215, -136.000, +1088.000, -628.000
1629774600, +2.97, +25.977,  -0.05667, -128.000, +1091.000, -653.000
1629774660, +2.97, +25.952,  -0.00712, -128.000, +1052.000, -645.000
1629774720, +2.97, +25.944,  -0.05976, -125.000, +1052.000, -633.000
1629774780, +2.97, +25.952,  -0.01641, -136.000, +1089.000, -632.000
1629774840, +2.97, +25.952,  -0.03809, -146.000, +984.000, -426.000
1629774900, +2.97, +25.911,  +0.00526, -128.000, +1063.000, -650.000
1629774960, +2.97, +25.944,  -0.03189, -141.000, +1088.000, -616.000
1629775020, +2.97, +25.952,  +0.05791, -125.000, +1068.000, -664.000
1629775080, +2.97, +25.952,  -0.01332, -125.000, +1080.000, -668.000
1629775140, +2.97, +25.935,  -0.05667, -128.000, +1048.000, -621.000
1629775200, +2.97, +25.935,  -0.03189, -136.000, +1091.000, -634.000
1629775260, +2.97, +25.927,  -0.01641, -121.000, +1031.000, -593.000
1629775320, +2.97, +25.952,  -0.00712, -128.000, +1078.000, -672.000
1629775380, +2.97, +25.944,  +0.03933, -128.000, +1088.000, -670.000
1629775440, +2.97, +25.960,  +0.02384, -145.000, +984.000, -424.000
1629775500, +2.97, +25.952,  -0.05667, -128.000, +1048.000, -621.000
1629775560, +2.97, +25.969,  -0.06905, -128.000, +1059.000, -652.000
1629775620, +2.97, +25.960,  +0.03313, -126.000, +1052.000, -644.000
1629775680, +2.97, +25.969,  -0.04118, -128.000, +1078.000, -666.000
1629775740, +2.97, +25.952,  -0.06905, -128.000, +1054.000, -649.000
1629775800, +2.97, +25.969,  -0.02880, -128.000, +1054.000, -640.000
1629775860, +2.97, +25.969,  -0.00093, -136.000, +1091.000, -636.000
1629775920, +2.97, +25.960,  -0.06286, -128.000, +1049.000, -633.000
1629775980, +2.97, +25.969,  +0.01765, -146.000, +984.000, -424.000
1629776040, +2.97, +25.977,  -0.05047, -128.000, +1068.000, -665.000
1629776100, +2.97, +25.985,  -0.06286, -146.000, +982.000, -426.000
1629776160, +2.97, +25.977,  -0.10931, -148.000, +984.000, -423.000
1629776220, +2.97, +25.977,  -0.05357, -128.000, +1080.000, -670.000
1629776280, +2.97, +25.977,  +0.01455, -126.000, +1055.000, -648.000
1629776340, +2.97, +25.985,  +0.01146, -128.000, +1089.000, -668.000
1629776400, +2.97, +25.985,  -0.03809, -126.000, +1073.000, -668.000
1629776460, +2.97, +25.985,  -0.01641, -128.000, +1051.000, -633.000
1629776520, +2.96, +25.985,  -0.07834, -128.000, +1035.000, -609.000
1629776580, +2.97, +25.994,  +0.03933, -146.000, +984.000, -421.000
1629776640, +2.96, +26.002,  -0.01332, -128.000, +1072.000, -664.000
1629776700, +2.97, +25.994,  +0.03623, -127.000, +1070.000, -666.000
1629776760, +2.97, +26.002,  -0.08144, -141.000, +1080.000, -592.000
1629776820, +2.97, +26.002,  +0.02694, -141.000, +1080.000, -592.000
1629776880, +2.97, +26.002,  -0.05976, -128.000, +1068.000, -664.000
1629776940, +2.97, +26.002,  -0.09073, -125.000, +1080.000, -668.000
1629777000, +2.97, +26.010,  -0.01641, -148.000, +984.000, -423.000
1629777060, +2.97, +25.994,  -0.02261, -146.000, +984.000, -424.000
1629777120, +2.97, +26.002,  -0.01641, -146.000, +984.000, -424.000
1629777180, +2.96, +26.018,  -0.03189, -144.000, +984.000, -420.000
1629777240, +2.97, +26.018,  -0.00712, -146.000, +984.000, -426.000
1629777300, +2.97, +26.018,  -0.01951, -136.000, +1091.000, -656.000
1629777360, +2.97, +26.018,  -0.02261, -138.000, +1080.000, -600.000
1629777420, +2.97, +26.018,  +0.06410, -144.000, +984.000, -417.000
1629777480, +2.96, +26.018,  -0.06905, -128.000, +1091.000, -640.000
1629777540, +2.97, +26.018,  -0.00403, -136.000, +1088.000, -652.000
1629777600, +2.97, +26.027,  -0.06596, -128.000, +1084.000, -666.000
1629777660, +2.97, +26.027,  -0.01332, -128.000, +1080.000, -666.000
1629777720, +2.97, +26.035,  -0.01641, -128.000, +1088.000, -666.000
1629777780, +2.97, +26.027,  +0.00836, -125.000, +1036.000, -601.000
1629777840, +2.97, +26.035,  -0.01022, -136.000, +1091.000, -652.000
1629777900, +2.96, +26.035,  +0.00217, -128.000, +1070.000, -666.000
1629777960, +2.96, +26.010,  -0.00403, -126.000, +1068.000, -664.000
1629778020, +2.97, +26.027,  -0.00093, -128.000, +1091.000, -640.000
1629778080, +2.96, +26.018,  -0.12789, -128.000, +1089.000, -666.000
1629778140, +2.96, +26.060,  -0.05357, -128.000, +1084.000, -672.000
1629778200, +2.97, +26.027,  +0.07339, -144.000, +982.000, -420.000
1629778260, +2.97, +26.043,  -0.02570, -148.000, +983.000, -426.000
1629778320, +2.97, +26.043,  -0.01332, -136.000, +1087.000, -616.000
1629778380, +2.96, +26.035,  -0.00403, -128.000, +1078.000, -670.000
1629778440, +2.97, +26.060,  +0.07029, -125.000, +1033.000, -601.000
1629778500, +2.96, +26.043,  -0.08763, -128.000, +1036.000, -609.000
1629778560, +2.97, +26.052,  -0.00093, -128.000, +1088.000, -656.000
1629778620, +2.96, +26.052,  -0.10312, -144.000, +1073.000, -568.000
1629778680, +2.97, +26.043,  -0.01332, -141.000, +1080.000, -584.000
1629778740, +2.97, +26.068,  +0.05481, -126.000, +1075.000, -670.000
1629778800, +2.97, +26.035,  -0.01951, -136.000, +1091.000, -650.000
1629778860, +2.97, +26.052,  -0.09383, -128.000, +1068.000, -664.000
1629778920, +2.97, +26.052,  -0.02880, -136.000, +1080.000, -596.000
1629778980, +2.96, +26.052,  -0.10002, -128.000, +1052.000, -648.000
1629779040, +2.97, +26.052,  -0.09383, -126.000, +1072.000, -669.000
1629779100, +2.97, +26.060,  -0.07834, -128.000, +1072.000, -664.000
1629779160, +2.97, +26.052,  -0.00093, -128.000, +1088.000, -640.000
1629779220, +2.96, +26.052,  -0.02570, -128.000, +1070.000, -664.000
1629779280, +2.96, +26.068,  +0.05171, -128.000, +1086.000, -672.000
1629779340, +2.96, +26.077,  +0.07339, -128.000, +1043.000, -625.000
1629779400, +2.96, +26.068,  -0.06596, -128.000, +1075.000, -669.000
1629779460, +2.96, +26.043,  -0.02570, -136.000, +1088.000, -640.000
1629779520, +2.96, +26.060,  -0.02880, -148.000, +983.000, -424.000
1629779580, +2.96, +26.068,  +0.04242, -128.000, +1089.000, -654.000
1629779640, +2.96, +26.060,  -0.01641, -128.000, +1091.000, -648.000
1629779700, +2.97, +26.035,  +0.00836, -136.000, +1084.000, -596.000
1629779760, +2.97, +26.052,  -0.00403, -144.000, +1065.000, -544.000
1629779820, +2.96, +26.060,  +0.00217, -136.000, +1086.000, -616.000
1629779880, +2.96, +26.060,  +0.05481, -152.000, +999.000, -436.000
1629779940, +2.96, +26.043,  -0.03189, -146.000, +984.000, -424.000
1629780000, +2.96, +26.060,  -0.10621, -128.000, +1088.000, -660.000
1629780060, +2.97, +26.060,  +0.02384, -124.000, +1068.000, -664.000
1629780120, +2.97, +26.052,  +0.01455, -128.000, +1075.000, -670.000
1629780180, +2.97, +26.052,  -0.10312, -144.000, +1078.000, -576.000
1629780240, +2.96, +26.068,  -0.05357, -128.000, +1068.000, -666.000
1629780300, +2.97, +26.052,  -0.05357, -145.000, +984.000, -424.000
1629780360, +2.97, +26.060,  -0.05357, -128.000, +1087.000, -669.000
1629780420, +2.97, +26.068,  +0.00836, -128.000, +1088.000, -666.000
1629780480, +2.96, +26.060,  +0.00836, -128.000, +1060.000, -648.000
1629780540, +2.97, +26.043,  -0.00403, -128.000, +1072.000, -666.000
1629780600, +2.96, +26.060,  -0.03189, -128.000, +1080.000, -668.000
1629780660, +2.96, +26.052,  -0.02261, -128.000, +1089.000, -653.000
1629780720, +2.96, +26.052,  -0.02570, -128.000, +1081.000, -672.000
1629780780, +2.97, +26.068,  +0.02384, -128.000, +1092.000, -648.000
1629780840, +2.96, +26.052,  -0.03189, -128.000, +1068.000, -664.000
1629780900, +2.97, +26.027,  -0.09383, -128.000, +1083.000, -672.000
1629780960, +2.97, +26.052,  -0.01022, -128.000, +1075.000, -671.000
1629781020, +2.97, +26.043,  -0.02261, -144.000, +1078.000, -584.000
1629781080, +2.97, +26.043,  -0.05047, -136.000, +1088.000, -624.000
1629781140, +2.96, +26.027,  -0.04428, -128.000, +1052.000, -648.000
1629781200, +2.96, +26.043,  -0.01022, -148.000, +983.000, -426.000
1629781260, +2.97, +26.010,  +0.02075, -128.000, +1068.000, -660.000
1629781320, +2.96, +26.043,  -0.06596, -141.000, +1086.000, -608.000
1629781380, +2.96, +26.027,  -0.07525, -128.000, +1086.000, -668.000
1629781440, +2.97, +26.035,  +0.04552, -136.000, +1088.000, -616.000
1629781500, +2.97, +26.035,  -0.07834, -146.000, +979.000, -424.000
1629781560, +2.97, +26.035,  +0.06100, -124.000, +1056.000, -671.000
1629781620, +2.97, +26.002,  +0.03623, -128.000, +1094.000, -656.000
1629781680, +2.97, +26.043,  -0.01332, -146.000, +982.000, -424.000
1629781740, +2.96, +26.035,  +0.04862, -128.000, +1092.000, -655.000
1629781800, +2.97, +26.043,  -0.08763, -125.000, +1068.000, -660.000
1629781860, +2.96, +26.027,  -0.06596, -128.000, +1089.000, -664.000
1629781920, +2.96, +26.027,  -0.01332, -126.000, +1068.000, -664.000
1629781980, +2.96, +26.010,  -0.01641, -128.000, +1089.000, -656.000
1629782040, +2.97, +26.010,  +0.00836, -128.000, +1057.000, -653.000
1629782100, +2.97, +26.018,  -0.01641, -128.000, +1084.000, -668.000
1629782160, +2.97, +25.994,  -0.05357, -128.000, +1078.000, -672.000
1629782220, +2.96, +26.027,  +0.02075, -145.000, +984.000, -424.000
1629782280, +2.96, +26.002,  +0.02075, -148.000, +983.000, -424.000
1629782340, +2.97, +26.010,  -0.00093, -145.000, +984.000, -426.000
1629782400, +2.97, +26.010,  +0.00526, -128.000, +1039.000, -615.000
1629782460, +2.97, +26.002,  -0.03809, -146.000, +984.000, -420.000
1629782520, +2.97, +26.018,  +0.06410, -128.000, +1070.000, -664.000
1629782580, +2.96, +26.002,  +0.00217, -128.000, +1052.000, -652.000
1629782640, +2.97, +26.002,  +0.03623, -128.000, +1081.000, -672.000
1629782700, +2.96, +26.002,  -0.01641, -144.000, +982.000, -424.000
1629782760, +2.96, +25.994,  -0.03809, -146.000, +984.000, -424.000
1629782820, +2.96, +26.010,  +0.02075, -127.000, +1038.000, -601.000
1629782880, +2.97, +26.002,  +0.01455, -144.000, +982.000, -424.000
1629782940, +2.96, +26.002,  +0.07339, -126.000, +1049.000, -641.000
1629783000, +2.96, +25.994,  +0.01765, -146.000, +984.000, -420.000
1629783060, +2.96, +25.977,  -0.04738, -145.000, +983.000, -424.000
1629783120, +2.96, +25.985,  +0.01146, -128.000, +1043.000, -625.000
1629783180, +2.96, +25.994,  -0.04118, -144.000, +983.000, -424.000
1629783240, +2.97, +25.994,  -0.02570, -128.000, +1087.000, -666.000
1629783300, +2.96, +25.985,  -0.00403, -144.000, +983.000, -420.000
1629783360, +2.96, +25.985,  +0.01455, -126.000, +1056.000, -648.000
1629783420, +2.96, +25.985,  +0.03933, -145.000, +984.000, -428.000
1629783480, +2.97, +25.960,  +0.04862, -128.000, +1081.000, -670.000
1629783540, +2.96, +25.977,  -0.03189, -136.000, +1088.000, -634.000
1629783600, +2.96, +25.985,  +0.00526, -146.000, +984.000, -424.000
1629783660, +2.96, +25.960,  -0.09383, -128.000, +1087.000, -640.000
1629783720, +2.96, +25.969,  +0.01146, -141.000, +1080.000, -589.000
1629783780, +2.97, +25.960,  -0.07215, -146.000, +984.000, -424.000
1629783840, +2.97, +25.969,  -0.10002, -145.000, +983.000, -424.000
1629783900, +2.97, +25.952,  +0.08268, -128.000, +1031.000, -609.000
1629783960, +2.96, +25.969,  -0.03189, -128.000, +1033.000, -617.000
1629784020, +2.96, +25.960,  +0.03004, -128.000, +1052.000, -649.000
1629784080, +2.97, +25.960,  -0.05667, -128.000, +1087.000, -666.000
1629784140, +2.97, +25.960,  -0.12789, -128.000, +1043.000, -612.000
1629784200, +2.97, +25.960,  +0.03933, -146.000, +984.000, -423.000
1629784260, +2.96, +25.952,  -0.01641, -145.000, +983.000, -420.000
1629784320, +2.97, +25.919,  +0.02694, -128.000, +1055.000, -642.000
1629784380, +2.97, +25.952,  +0.02694, -148.000, +984.000, -429.000
1629784440, +2.97, +25.935,  +0.00526, -148.000, +982.000, -424.000
1629784500, +2.96, +25.935,  -0.00093, -146.000, +984.000, -421.000
1629784560, +2.96, +25.927,  -0.00712, -128.000, +1088.000, -628.000
1629784620, +2.96, +25.944,  +0.00526, -128.000, +1078.000, -672.000
1629784680, +2.97, +25.944,  -0.11550, -128.000, +1087.000, -666.000
1629784740, +2.96, +25.944,  +0.03623, -146.000, +984.000, -424.000
1629784800, +2.96, +25.952,  -0.06905, -146.000, +984.000, -420.000
1629784860, +2.96, +25.944,  -0.03499, -128.000, +1080.000, -672.000
1629784920, +2.96, +25.935,  -0.03809, -146.000, +983.000, -420.000
1629784980, +2.97, +25.935,  -0.01641, -128.000, +1056.000, -656.000
1629785040, +2.97, +25.927,  -0.03499, -152.000, +984.000, -432.000
1629785100, +2.97, +25.935,  -0.07215, -128.000, +1068.000, -665.000
1629785160, +2.97, +25.919,  -0.08144, -127.000, +1033.000, -601.000
1629785220, +2.97, +25.944,  -0.10931, -144.000, +983.000, -424.000
1629785280, +2.97, +25.911,  -0.05047, -146.000, +983.000, -423.000
1629785340, +2.96, +25.927,  -0.00403, -125.000, +1031.000, -593.000
1629785400, +2.96, +25.927,  -0.01022, -124.000, +1060.000, -664.000
1629785460, +2.97, +25.927,  +0.06410, -136.000, +1086.000, -608.000
1629785520, +2.96, +25.927,  -0.01022, -124.000, +1063.000, -660.000
1629785580, +2.96, +25.927,  -0.06286, -128.000, +1072.000, -666.000
1629785640, +2.97, +25.952,  -0.12479, -146.000, +983.000, -423.000
1629785700, +2.96, +25.919,  -0.01332, -145.000, +983.000, -420.000
1629785760, +2.97, +25.911,  +0.02694, -128.000, +1040.000, -617.000
1629785820, +2.96, +25.927,  -0.05667, -124.000, +1072.000, -666.000
1629785880, +2.96, +25.894,  -0.02261, -128.000, +1035.000, -609.000
1629785940, +2.97, +25.919,  +0.05791, -128.000, +1046.000, -633.000
1629786000, +2.96, +25.919,  -0.02880, -128.000, +1072.000, -666.000
1629786060, +2.96, +25.919,  +0.05481, -124.000, +1072.000, -664.000
1629786120, +2.97, +25.919,  -0.02570, -128.000, +1052.000, -644.000
1629786180, +2.97, +25.927,  -0.04428, -125.000, +1056.000, -648.000
1629786240, +2.96, +25.927,  -0.06286, -126.000, +1052.000, -649.000
1629786300, +2.97, +25.911,  -0.02570, -128.000, +1038.000, -617.000
1629786360, +2.97, +25.902,  +0.00217, -145.000, +984.000, -426.000
1629786420, +2.97, +25.919,  -0.09383, -128.000, +1088.000, -637.000
1629786480, +2.97, +25.902,  -0.04738, -148.000, +984.000, -426.000
1629786540, +2.96, +25.919,  -0.05667, -128.000, +1054.000, -653.000
1629786600, +2.97, +25.927,  -0.00093, -144.000, +983.000, -420.000
1629786660, +2.96, +25.886,  -0.09073, -145.000, +984.000, -424.000
1629786720, +2.97, +25.911,  -0.08454, -148.000, +984.000, -432.000
1629786780, +2.96, +25.911,  +0.07339, -146.000, +984.000, -426.000
1629786840, +2.97, +25.902,  +0.00526, -124.000, +1078.000, -672.000
1629786900, +2.96, +25.902,  -0.03189, -146.000, +982.000, -424.000
1629786960, +2.96, +25.919,  -0.00403, -145.000, +983.000, -425.000
1629787020, +2.97, +25.911,  -0.06286, -145.000, +984.000, -420.000
1629787080, +2.97, +25.894,  -0.07525, -146.000, +984.000, -424.000
1629787140, +2.96, +25.911,  -0.06286, -148.000, +984.000, -424.000
1629787200, +2.97, +25.902,  -0.04118, -145.000, +987.000, -424.000
1629787260, +2.97, +25.902,  -0.04428, -126.000, +1062.000, -656.000
1629787320, +2.96, +25.886,  +0.01765, -146.000, +984.000, -420.000
1629787380, +2.97, +25.886,  +0.03623, -125.000, +1080.000, -672.000
1629787440, +2.97, +25.886,  +0.00217, -144.000, +983.000, -421.000
1629787500, +2.97, +25.886,  +0.02075, -148.000, +988.000, -429.000
1629787560, +2.97, +25.894,  -0.06286, -148.000, +990.000, -432.000
1629787620, +2.96, +25.886,  -0.04738, -128.000, +1032.000, -610.000
1629787680, +2.97, +25.886,  -0.04738, -151.000, +988.000, -432.000
1629787740, +2.97, +25.869,  -0.01332, -144.000, +1078.000, -576.000
1629787800, +2.96, +25.894,  +0.01765, -146.000, +984.000, -424.000
1629787860, +2.96, +25.886,  -0.08454, -128.000, +1048.000, -601.000
1629787920, +2.97, +25.877,  -0.00712, -144.000, +984.000, -428.000
1629787980, +2.97, +25.852,  -0.08144, -145.000, +979.000, -424.000
1629788040, +2.96, +25.877,  -0.10931, -146.000, +982.000, -426.000
1629788100, +2.96, +25.861,  -0.05667, -148.000, +984.000, -428.000
1629788160, +2.97, +25.877,  -0.05667, -148.000, +984.000, -420.000
1629788220, +2.97, +25.861,  -0.05667, -146.000, +982.000, -424.000
1629788280, +2.97, +25.869,  -0.00712, -146.000, +984.000, -426.000
1629788340, +2.97, +25.861,  -0.01022, -145.000, +984.000, -425.000
1629788400, +2.96, +25.836,  -0.00712, -148.000, +992.000, -434.000
1629788460, +2.97, +25.861,  -0.04428, -144.000, +984.000, -428.000
1629788520, +2.97, +25.836,  +0.02075, -154.000, +995.000, -432.000
1629788580, +2.96, +25.844,  -0.01641, -146.000, +984.000, -426.000
1629788640, +2.96, +25.836,  +0.00836, -146.000, +984.000, -424.000
1629788700, +2.97, +25.836,  -0.07834, -146.000, +984.000, -424.000
1629788760, +2.96, +25.803,  +0.01146, -144.000, +982.000, -424.000
1629788820, +2.97, +25.819,  -0.00093, -152.000, +1004.000, -441.000
1629788880, +2.97, +25.819,  -0.05976, -148.000, +992.000, -434.000
1629788940, +2.96, +25.811,  +0.00217, -146.000, +983.000, -426.000
1629789000, +2.96, +25.811,  +0.01146, -124.000, +1049.000, -629.000
1629789060, +2.97, +25.811,  -0.04738, -146.000, +982.000, -424.000
1629789120, +2.96, +25.794,  +0.00217, -128.000, +1073.000, -666.000
1629789180, +2.97, +25.803,  +0.01146, -146.000, +984.000, -424.000
1629789240, +2.97, +25.803,  -0.01951, -148.000, +984.000, -429.000
1629789300, +2.97, +25.803,  -0.08454, -148.000, +1000.000, -440.000
1629789360, +2.97, +25.786,  +0.00526, -144.000, +983.000, -426.000
1629789420, +2.97, +25.794,  +0.01455, -148.000, +1043.000, -488.000
1629789480, +2.96, +25.794,  +0.06100, -144.000, +984.000, -424.000
1629789540, +2.97, +25.769,  -0.04118, -149.000, +984.000, -426.000
1629789600, +2.96, +25.753,  +0.00526, -146.000, +984.000, -424.000
1629789660, +2.97, +25.778,  -0.00093, -146.000, +984.000, -424.000
1629789720, +2.97, +25.761,  -0.00403, -146.000, +984.000, -429.000
1629789780, +2.97, +25.769,  -0.05357, -148.000, +1015.000, -447.000
1629789840, +2.97, +25.720,  +0.01455, -152.000, +1000.000, -440.000
1629789900, +2.97, +25.745,  +0.01765, -145.000, +983.000, -428.000
1629789960, +2.97, +25.736,  -0.04428, -146.000, +984.000, -426.000
1629790020, +2.97, +25.736,  -0.05667, -152.000, +992.000, -434.000
1629790080, +2.97, +25.745,  -0.01022, -148.000, +985.000, -432.000
1629790140, +2.97, +25.736,  +0.00526, -126.000, +1052.000, -642.000
1629790200, +2.97, +25.736,  -0.02570, -144.000, +983.000, -420.000
1629790260, +2.97, +25.728,  -0.07525, -152.000, +1008.000, -442.000
1629790320, +2.97, +25.711,  -0.01951, -148.000, +1041.000, -484.000
1629790380, +2.97, +25.720,  -0.08763, -148.000, +985.000, -429.000
1629790440, +2.97, +25.711,  -0.01951, -145.000, +984.000, -424.000
1629790500, +2.97, +25.711,  +0.00836, -145.000, +982.000, -424.000
1629790560, +2.97, +25.711,  +0.05171, -152.000, +1008.000, -444.000
1629790620, +2.97, +25.703,  -0.07215, -152.000, +1009.000, -442.000
1629790680, +2.97, +25.703,  -0.04738, -148.000, +992.000, -432.000
1629790740, +2.97, +25.686,  -0.00712, -148.000, +984.000, -432.000
1629790800, +2.96, +25.670,  +0.01146, -148.000, +1040.000, -480.000
1629790860, +2.97, +25.670,  -0.06286, -153.000, +995.000, -434.000
1629790920, +2.97, +25.678,  -0.00712, -152.000, +992.000, -434.000
1629790980, +2.97, +25.661,  +0.03313, -144.000, +1040.000, -484.000
1629791040, +2.97, +25.661,  -0.05667, -148.000, +987.000, -432.000
1629791100, +2.97, +25.653,  -0.02880, -145.000, +984.000, -426.000
1629791160, +2.96, +25.661,  -0.02261, -152.000, +992.000, -434.000
1629791220, +2.97, +25.645,  -0.00712, -144.000, +1036.000, -474.000
1629791280, +2.97, +25.620,  -0.05667, -152.000, +1011.000, -444.000
1629791340, +2.97, +25.653,  -0.05976, -148.000, +1033.000, -472.000
1629791400, +2.97, +25.637,  -0.02570, -146.000, +984.000, -429.000
1629791460, +2.97, +25.620,  +0.02694, -152.000, +1004.000, -440.000
1629791520, +2.97, +25.637,  -0.04428, -146.000, +992.000, -434.000
1629791580, +2.97, +25.620,  -0.10312, -152.000, +1017.000, -452.000
1629791640, +2.97, +25.612,  -0.03499, -151.000, +1030.000, -461.000
1629791700, +2.96, +25.612,  -0.00093, -152.000, +1004.000, -441.000
1629791760, +2.97, +25.603,  -0.02570, -146.000, +984.000, -428.000
1629791820, +2.97, +25.603,  -0.07215, -146.000, +983.000, -424.000
1629791880, +2.97, +25.603,  -0.15266, -148.000, +984.000, -426.000
1629791940, +2.97, +25.603,  -0.01022, -128.000, +1041.000, -625.000
1629792000, +2.97, +25.562,  +0.00836, -152.000, +1024.000, -456.000
1629792060, +2.97, +25.595,  -0.08763, -148.000, +1043.000, -488.000
1629792120, +2.97, +25.570,  -0.09383, -152.000, +1031.000, -464.000
1629792180, +2.97, +25.562,  -0.00403, -152.000, +1016.000, -448.000
1629792240, +2.97, +25.562,  +0.07029, -152.000, +1004.000, -436.000
1629792300, +2.97, +25.537,  -0.04428, -152.000, +1008.000, -444.000
1629792360, +2.97, +25.545,  -0.05357, -148.000, +1036.000, -472.000
1629792420, +2.97, +25.529,  +0.01455, -148.000, +1031.000, -464.000
1629792480, +2.97, +25.529,  -0.03189, -148.000, +1031.000, -464.000
1629792540, +2.97, +25.520,  +0.04862, -152.000, +988.000, -432.000
1629792600, +2.97, +25.537,  +0.02694, -146.000, +984.000, -432.000
1629792660, +2.97, +25.545,  -0.05667, -152.000, +1028.000, -458.000
1629792720, +2.97, +25.529,  -0.05047, -152.000, +1025.000, -464.000
1629792780, +2.97, +25.504,  -0.08454, -152.000, +1024.000, -456.000
1629792840, +2.97, +25.487,  +0.03004, -152.000, +1004.000, -440.000
1629792900, +2.97, +25.520,  +0.02075, -152.000, +1016.000, -448.000
1629792960, +2.97, +25.504,  -0.03499, -148.000, +988.000, -436.000
1629793020, +2.96, +25.495,  +0.02075, -148.000, +1024.000, -461.000
1629793080, +2.97, +25.495,  +0.00836, -148.000, +1006.000, -442.000
1629793140, +2.96, +25.479,  -0.07834, -148.000, +1031.000, -464.000
1629793200, +2.97, +25.487,  -0.10931, -152.000, +999.000, -436.000
1629793260, +2.97, +25.479,  -0.10002, -152.000, +1016.000, -448.000
1629793320, +2.97, +25.462,  -0.01951, -144.000, +1046.000, -493.000
1629793380, +2.97, +25.462,  -0.03189, -144.000, +1055.000, -508.000
1629793440, +2.97, +25.454,  -0.13408, -144.000, +1068.000, -552.000
1629793500, +2.97, +25.445,  -0.02261, -152.000, +1016.000, -448.000
1629793560, +2.97, +25.437,  +0.02075, -148.000, +1046.000, -492.000
1629793620, +2.97, +25.445,  +0.04552, -148.000, +1043.000, -484.000
1629793680, +2.97, +25.421,  -0.03809, -152.000, +1008.000, -441.000
1629793740, +2.97, +25.437,  +0.02384, -144.000, +1068.000, -544.000
1629793800, +2.97, +25.429,  +0.00217, -148.000, +992.000, -432.000
1629793860, +2.97, +25.421,  -0.11241, -148.000, +1017.000, -452.000
1629793920, +2.97, +25.412,  -0.08454, -152.000, +1028.000, -464.000
1629793980, +2.97, +25.396,  -0.10931, -148.000, +1043.000, -488.000
1629794040, +2.97, +25.396,  +0.00526, -148.000, +992.000, -432.000
1629794100, +2.97, +25.396,  -0.04118, -144.000, +1059.000, -528.000
1629794160, +2.97, +25.396,  -0.04428, -148.000, +1043.000, -488.000
1629794220, +2.97, +25.371,  -0.05667, -152.000, +1043.000, -488.000
1629794280, +2.97, +25.354,  -0.05976, -144.000, +1063.000, -541.000
1629794340, +2.97, +25.337,  -0.07525, -148.000, +1027.000, -458.000
1629794400, +2.97, +25.354,  -0.03189, -144.000, +1063.000, -528.000
1629794460, +2.97, +25.362,  +0.02694, -140.000, +1080.000, -586.000
1629794520, +2.97, +25.346,  -0.06286, -144.000, +1049.000, -500.000
1629794580, +2.97, +25.329,  +0.00526, -144.000, +1075.000, -568.000
1629794640, +2.96, +25.354,  -0.03189, -136.000, +1088.000, -622.000
1629794700, +2.96, +25.337,  +0.06100, -144.000, +1075.000, -564.000
1629794760, +2.96, +25.337,  -0.10312, -144.000, +1075.000, -570.000
1629794820, +2.96, +25.329,  -0.02261, -144.000, +1059.000, -520.000
1629794880, +2.96, +25.321,  -0.06286, -143.000, +1073.000, -572.000
1629794940, +2.97, +25.321,  -0.02880, -144.000, +1063.000, -536.000
1629795000, +2.96, +25.312,  -0.12479, -144.000, +1075.000, -572.000
1629795060, +2.96, +25.304,  -0.04428, -152.000, +1008.000, -441.000
1629795120, +2.96, +25.287,  -0.03499, -136.000, +1091.000, -632.000
1629795180, +2.96, +25.287,  +0.05481, -144.000, +1075.000, -576.000
1629795240, +2.96, +25.287,  +0.00217, -144.000, +1070.000, -552.000
1629795300, +2.96, +25.271,  -0.06286, -144.000, +1072.000, -560.000
1629795360, +2.96, +25.287,  -0.01022, -144.000, +1055.000, -509.000
1629795420, +2.96, +25.271,  -0.03499, -144.000, +1075.000, -576.000
1629795480, +2.96, +25.246,  -0.05357, -144.000, +1072.000, -564.000
1629795540, +2.96, +25.246,  -0.05047, -144.000, +1076.000, -568.000
1629795600, +2.96, +25.254,  -0.03499, -144.000, +1072.000, -560.000
1629795660, +2.96, +25.254,  +0.04242, -136.000, +1087.000, -612.000
1629795720, +2.96, +25.246,  -0.04738, -144.000, +1052.000, -508.000
1629795780, +2.96, +25.238,  +0.00836, -144.000, +1070.000, -544.000
1629795840, +2.96, +25.238,  -0.02570, -144.000, +1081.000, -596.000
1629795900, +2.96, +25.204,  -0.05667, -148.000, +1062.000, -532.000
1629795960, +2.96, +25.213,  +0.01455, -141.000, +1083.000, -604.000
1629796020, +2.96, +25.213,  -0.00712, -144.000, +1071.000, -548.000
1629796080, +2.96, +25.204,  -0.04428, -136.000, +1091.000, -628.000
1629796140, +2.96, +25.179,  -0.02261, -136.000, +1088.000, -640.000
1629796200, +2.96, +25.196,  -0.13099, -143.000, +1081.000, -592.000
1629796260, +2.96, +25.188,  -0.04428, -136.000, +1091.000, -640.000
1629796320, +2.97, +25.163,  -0.03499, -136.000, +1091.000, -637.000
1629796380, +2.96, +25.171,  -0.06596, -141.000, +1080.000, -584.000
1629796440, +2.96, +25.179,  -0.13408, -144.000, +1080.000, -584.000
1629796500, +2.96, +25.163,  -0.04738, -138.000, +1080.000, -588.000
1629796560, +2.96, +25.146,  -0.05047, -144.000, +1072.000, -557.000
1629796620, +2.96, +25.154,  +0.01146, -136.000, +1086.000, -612.000
1629796680, +2.96, +25.138,  -0.05976, -136.000, +1094.000, -648.000
1629796740, +2.96, +25.138,  +0.02694, -128.000, +1094.000, -656.000
1629796800, +2.96, +25.138,  +0.03933, -128.000, +1091.000, -652.000
1629796860, +2.96, +25.113,  +0.08268, -141.000, +1075.000, -584.000
1629796920, +2.96, +25.121,  +0.01765, -144.000, +984.000, -424.000
1629796980, +2.96, +25.121,  -0.00093, -136.000, +1091.000, -640.000
1629797040, +2.96, +25.096,  +0.01765, -128.000, +1092.000, -655.000
1629797100, +2.96, +25.088,  -0.05047, -140.000, +1087.000, -612.000
1629797160, +2.96, +25.088,  -0.02880, -148.000, +984.000, -423.000
1629797220, +2.96, +25.088,  -0.01332, -136.000, +1089.000, -634.000
1629797280, +2.96, +25.055,  -0.02570, -144.000, +1084.000, -592.000
1629797340, +2.96, +25.080,  -0.00712, -126.000, +1073.000, -672.000
1629797400, +2.96, +25.071,  +0.00217, -140.000, +1084.000, -600.000
1629797460, +2.96, +25.055,  -0.06286, -128.000, +1094.000, -648.000
1629797520, +2.96, +25.055,  -0.04738, -144.000, +1052.000, -504.000
1629797580, +2.96, +25.038,  +0.02694, -144.000, +1080.000, -576.000
1629797640, +2.96, +25.055,  +0.01765, -128.000, +1043.000, -617.000
1629797700, +2.96, +25.038,  -0.02261, -128.000, +1086.000, -666.000
1629797760, +2.96, +25.038,  -0.05667, -142.000, +1076.000, -576.000
1629797820, +2.96, +25.038,  -0.01022, -128.000, +1088.000, -672.000
1629797880, +2.96, +25.021,  -0.00093, -128.000, +1084.000, -672.000
1629797940, +2.96, +24.996,  -0.00712, -141.000, +1081.000, -592.000
1629798000, +2.96, +25.013,  +0.04552, -128.000, +1088.000, -670.000
1629798060, +2.96, +25.013,  -0.03189, -146.000, +984.000, -426.000
1629798120, +2.97, +24.980,  -0.01951, -151.000, +984.000, -429.000
1629798180, +2.97, +25.005,  -0.01951, -144.000, +982.000, -424.000
1629798240, +2.96, +24.980,  -0.02880, -128.000, +1075.000, -672.000
1629798300, +2.96, +24.971,  -0.06286, -146.000, +982.000, -429.000
1629798360, +2.96, +24.971,  +0.05171, -148.000, +988.000, -432.000
1629798420, +2.96, +24.980,  -0.03809, -145.000, +980.000, -424.000
1629798480, +2.97, +24.971,  -0.02880, -148.000, +1016.000, -448.000
1629798540, +2.97, +24.946,  +0.02694, -146.000, +984.000, -425.000
1629798600, +2.96, +24.963,  +0.00217, -152.000, +984.000, -432.000
1629798660, +2.96, +24.955,  -0.06596, -145.000, +984.000, -424.000
1629798720, +2.96, +24.946,  -0.03499, -124.000, +1072.000, -670.000
1629798780, +2.96, +24.905,  -0.03809, -148.000, +984.000, -428.000
1629798840, +2.96, +24.938,  -0.00093, -128.000, +1089.000, -640.000
1629798900, +2.97, +24.921,  -0.15266, -128.000, +1088.000, -670.000
1629798960, +2.97, +24.913,  +0.02694, -148.000, +984.000, -424.000
1629799020, +2.96, +24.905,  -0.04738, -148.000, +984.000, -431.000
1629799080, +2.97, +24.888,  -0.00403, -128.000, +1052.000, -625.000
1629799140, +2.96, +24.896,  +0.00836, -148.000, +984.000, -429.000
1629799200, +2.97, +24.871,  +0.01455, -148.000, +990.000, -432.000
1629799260, +2.96, +24.888,  -0.07834, -122.000, +1031.000, -593.000
1629799320, +2.97, +24.871,  -0.04118, -146.000, +984.000, -424.000
1629799380, +2.96, +24.880,  +0.02694, -151.000, +988.000, -432.000
1629799440, +2.96, +24.871,  -0.00093, -125.000, +1038.000, -609.000
1629799500, +2.97, +24.871,  -0.02570, -128.000, +1043.000, -624.000
1629799560, +2.96, +24.821,  -0.00403, -145.000, +984.000, -423.000
1629799620, +2.97, +24.846,  -0.09383, -148.000, +985.000, -432.000
1629799680, +2.97, +24.863,  +0.04862, -148.000, +984.000, -432.000
1629799740, +2.96, +24.846,  -0.00403, -128.000, +1052.000, -633.000
1629799800, +2.96, +24.838,  -0.11241, -145.000, +984.000, -429.000
1629799860, +2.97, +24.830,  -0.01641, -148.000, +985.000, -429.000
1629799920, +2.96, +24.838,  -0.01951, -148.000, +988.000, -432.000
1629799980, +2.97, +24.821,  -0.00093, -152.000, +993.000, -436.000
1629800040, +2.97, +24.813,  -0.10312, -127.000, +1036.000, -601.000
1629800100, +2.96, +24.821,  +0.00836, -148.000, +984.000, -431.000
1629800160, +2.97, +24.813,  -0.00403, -148.000, +985.000, -432.000
1629800220, +2.97, +24.821,  +0.00526, -144.000, +984.000, -424.000
1629800280, +2.96, +24.796,  -0.00712, -145.000, +982.000, -424.000
1629800340, +2.96, +24.796,  -0.04428, -144.000, +984.000, -430.000
1629800400, +2.96, +24.788,  -0.00403, -151.000, +988.000, -432.000
1629800460, +2.97, +24.796,  -0.01022, -152.000, +987.000, -432.000
1629800520, +2.96, +24.763,  -0.02880, -152.000, +995.000, -434.000
1629800580, +2.96, +24.788,  -0.02880, -148.000, +990.000, -432.000
1629800640, +2.96, +24.771,  +0.00217, -148.000, +988.000, -434.000
1629800700, +2.96, +24.763,  -0.01641, -144.000, +1043.000, -488.000
1629800760, +2.96, +24.763,  +0.00217, -152.000, +1014.000, -448.000
1629800820, +2.96, +24.763,  -0.03809, -152.000, +1020.000, -452.000
1629800880, +2.96, +24.771,  -0.00712, -152.000, +1028.000, -464.000
1629800940, +2.96, +24.763,  +0.02384, -148.000, +993.000, -434.000
1629801000, +2.96, +24.738,  -0.05667, -148.000, +1032.000, -468.000
1629801060, +2.97, +24.747,  +0.00526, -148.000, +988.000, -431.000
1629801120, +2.96, +24.722,  -0.05047, -151.000, +990.000, -432.000
1629801180, +2.96, +24.738,  +0.00217, -152.000, +1000.000, -436.000
1629801240, +2.96, +24.747,  +0.00217, -148.000, +985.000, -434.000
1629801300, +2.97, +24.713,  +0.01455, -148.000, +995.000, -434.000
1629801360, +2.97, +24.730,  -0.02570, -152.000, +1011.000, -445.000
1629801420, +2.96, +24.713,  -0.02880, -144.000, +984.000, -428.000
1629801480, +2.97, +24.713,  -0.00093, -148.000, +988.000, -432.000
1629801540, +2.96, +24.713,  -0.09383, -151.000, +985.000, -432.000
1629801600, +2.97, +24.705,  +0.02075, -152.000, +1008.000, -441.000
1629801660, +2.97, +24.688,  -0.03499, -152.000, +985.000, -432.000
1629801720, +2.96, +24.705,  -0.03189, -144.000, +984.000, -423.000
1629801780, +2.96, +24.672,  -0.00712, -151.000, +1030.000, -464.000
1629801840, +2.97, +24.697,  -0.01022, -152.000, +1016.000, -448.000
1629801900, +2.97, +24.680,  +0.02384, -152.000, +999.000, -440.000
1629801960, +2.97, +24.688,  -0.02261, -148.000, +984.000, -424.000
1629802020, +2.97, +24.688,  -0.03499, -146.000, +984.000, -432.000
1629802080, +2.97, +24.680,  -0.05047, -146.000, +984.000, -424.000
1629802140, +2.97, +24.672,  +0.01146, -145.000, +982.000, -425.000
1629802200, +2.96, +24.680,  +0.01146, -144.000, +984.000, -426.000
1629802260, +2.97, +24.655,  -0.08144, -152.000, +1016.000, -448.000
1629802320, +2.96, +24.655,  -0.06286, -148.000, +988.000, -432.000
1629802380, +2.97, +24.655,  +0.02075, -152.000, +995.000, -434.000
1629802440, +2.97, +24.647,  -0.06596, -148.000, +985.000, -432.000
1629802500, +2.97, +24.663,  -0.03809, -148.000, +993.000, -434.000
1629802560, +2.97, +24.622,  +0.06720, -144.000, +1032.000, -472.000
1629802620, +2.96, +24.647,  -0.03499, -148.000, +1014.000, -448.000
1629802680, +2.96, +24.638,  -0.01022, -148.000, +1032.000, -468.000
1629802740, +2.96, +24.622,  -0.07525, -152.000, +998.000, -432.000
1629802800, +2.96, +24.622,  -0.01641, -148.000, +990.000, -434.000
1629802860, +2.97, +24.613,  +0.04862, -148.000, +985.000, -429.000
1629802920, +2.97, +24.613,  -0.07834, -152.000, +1000.000, -440.000
1629802980, +2.97, +24.605,  -0.07834, -148.000, +995.000, -436.000
1629803040, +2.97, +24.605,  -0.10931, -148.000, +1015.000, -448.000
1629803100, +2.96, +24.597,  -0.01951, -152.000, +1004.000, -440.000
1629803160, +2.96, +24.588,  +0.00217, -144.000, +1038.000, -477.000
1629803220, +2.96, +24.588,  -0.01332, -152.000, +992.000, -434.000
1629803280, +2.96, +24.572,  -0.02570, -152.000, +1032.000, -468.000
1629803340, +2.97, +24.572,  -0.03189, -148.000, +1031.000, -464.000
1629803400, +2.97, +24.572,  -0.10002, -148.000, +1032.000, -468.000
1629803460, +2.97, +24.563,  -0.00403, -148.000, +1036.000, -472.000
1629803520, +2.97, +24.547,  -0.01641, -148.000, +1056.000, -512.000
1629803580, +2.96, +24.555,  -0.01022, -152.000, +995.000, -436.000
1629803640, +2.97, +24.522,  -0.06905, -148.000, +1043.000, -488.000
1629803700, +2.97, +24.530,  +0.01765, -152.000, +1004.000, -442.000
1629803760, +2.97, +24.538,  -0.01641, -148.000, +1040.000, -480.000
1629803820, +2.97, +24.530,  +0.01455, -144.000, +1068.000, -544.000
1629803880, +2.97, +24.513,  +0.07958, -144.000, +1073.000, -564.000
1629803940, +2.97, +24.513,  -0.01022, -144.000, +1055.000, -512.000
1629804000, +2.97, +24.513,  -0.03189, -152.000, +1008.000, -442.000
1629804060, +2.97, +24.513,  -0.04428, -152.000, +1012.000, -448.000
1629804120, +2.97, +24.497,  -0.07525, -152.000, +1004.000, -440.000
1629804180, +2.96, +24.505,  +0.01146, -144.000, +1070.000, -544.000
1629804240, +2.97, +24.488,  -0.00403, -148.000, +1048.000, -494.000
1629804300, +2.96, +24.497,  -0.04738, -148.000, +1028.000, -464.000
1629804360, +2.97, +24.463,  -0.03809, -148.000, +1048.000, -496.000
1629804420, +2.96, +24.480,  -0.04118, -152.000, +1008.000, -440.000
1629804480, +2.96, +24.463,  -0.00093, -152.000, +1014.000, -448.000
1629804540, +2.96, +24.455,  +0.04242, -148.000, +1062.000, -528.000
1629804600, +2.96, +24.472,  -0.04118, -148.000, +1043.000, -480.000
1629804660, +2.97, +24.455,  -0.00712, -148.000, +1038.000, -477.000
1629804720, +2.97, +24.430,  -0.09692, -144.000, +1052.000, -504.000
1629804780, +2.96, +24.430,  -0.02261, -148.000, +1033.000, -468.000
1629804840, +2.97, +24.422,  +0.02384, -152.000, +1011.000, -448.000
1629804900, +2.97, +24.405,  -0.04738, -144.000, +1065.000, -540.000
1629804960, +2.96, +24.413,  -0.10002, -148.000, +1046.000, -484.000
1629805020, +2.97, +24.413,  -0.03809, -144.000, +1052.000, -506.000
1629805080, +2.97, +24.388,  -0.08454, -148.000, +1046.000, -490.000
1629805140, +2.97, +24.405,  -0.13718, -148.000, +1038.000, -474.000
1629805200, +2.97, +24.397,  -0.02261, -144.000, +1072.000, -552.000
1629805260, +2.97, +24.380,  +0.02384, -152.000, +1024.000, -456.000
1629805320, +2.96, +24.380,  -0.06596, -146.000, +1052.000, -508.000
1629805380, +2.97, +24.388,  -0.05667, -144.000, +1052.000, -504.000
1629805440, +2.97, +24.355,  +0.02694, -148.000, +1040.000, -480.000
1629805500, +2.97, +24.380,  -0.05047, -148.000, +1048.000, -494.000
1629805560, +2.96, +24.363,  -0.06286, -144.000, +1064.000, -540.000
1629805620, +2.96, +24.330,  -0.01641, -148.000, +1048.000, -496.000
1629805680, +2.97, +24.347,  -0.04118, -148.000, +1027.000, -464.000
1629805740, +2.97, +24.347,  -0.00093, -148.000, +1031.000, -468.000
1629805800, +2.97, +24.347,  -0.09692, -151.000, +1039.000, -477.000
1629805860, +2.97, +24.305,  -0.00093, -144.000, +1072.000, -554.000
1629805920, +2.96, +24.313,  +0.03313, -141.000, +1080.000, -586.000
1629805980, +2.97, +24.313,  +0.02384, -144.000, +1057.000, -512.000
1629806040, +2.96, +24.322,  -0.00403, -144.000, +1073.000, -564.000
1629806100, +2.96, +24.305,  -0.02880, -144.000, +1070.000, -544.000
1629806160, +2.97, +24.271,  -0.05667, -141.000, +1088.000, -616.000
1629806220, +2.97, +24.296,  -0.04738, -144.000, +1080.000, -576.000
1629806280, +2.96, +24.296,  -0.07525, -144.000, +1080.000, -576.000
1629806340, +2.96, +24.246,  +0.03933, -144.000, +1076.000, -568.000
1629806400, +2.96, +24.271,  -0.00403, -143.000, +1080.000, -584.000
1629806460, +2.96, +24.255,  -0.00712, -136.000, +1086.000, -602.000
1629806520, +2.96, +24.255,  -0.00712, -144.000, +1075.000, -572.000
1629806580, +2.96, +24.246,  -0.04428, -144.000, +1075.000, -560.000
1629806640, +2.96, +24.238,  -0.01641, -141.000, +1075.000, -576.000
1629806700, +2.96, +24.238,  -0.06905, -144.000, +1072.000, -560.000
1629806760, +2.96, +24.238,  -0.02261, -128.000, +1091.000, -660.000
1629806820, +2.96, +24.230,  +0.01455, -141.000, +1086.000, -600.000
1629806880, +2.96, +24.230,  -0.06286, -128.000, +1094.000, -656.000
1629806940, +2.96, +24.213,  +0.02384, -144.000, +1080.000, -576.000
1629807000, +2.96, +24.196,  -0.11860, -140.000, +1081.000, -592.000
1629807060, +2.96, +24.205,  +0.00217, -144.000, +1072.000, -562.000
1629807120, +2.96, +24.196,  -0.07834, -128.000, +1094.000, -664.000
1629807180, +2.96, +24.196,  -0.04118, -136.000, +1087.000, -608.000
1629807240, +2.96, +24.180,  +0.00836, -144.000, +1075.000, -568.000
1629807300, +2.96, +24.171,  -0.00712, -144.000, +1072.000, -560.000
1629807360, +2.96, +24.171,  +0.10126, -141.000, +1080.000, -592.000
1629807420, +2.96, +24.155,  -0.00093, -136.000, +1091.000, -632.000
1629807480, +2.96, +24.155,  -0.10621, -136.000, +1091.000, -624.000
1629807540, +2.96, +24.138,  +0.02384, -144.000, +983.000, -420.000
1629807600, +2.96, +24.146,  -0.09073, -136.000, +1091.000, -632.000
1629807660, +2.96, +24.138,  +0.05171, -144.000, +1072.000, -557.000
1629807720, +2.96, +24.138,  -0.08763, -128.000, +1086.000, -672.000
1629807780, +2.96, +24.130,  -0.06286, -136.000, +1091.000, -628.000
1629807840, +2.96, +24.113,  -0.02880, -136.000, +1087.000, -616.000
1629807900, +2.96, +24.096,  +0.07649, -128.000, +1091.000, -653.000
1629807960, +2.96, +24.096,  +0.01146, -144.000, +1065.000, -544.000
1629808020, +2.96, +24.096,  -0.02880, -141.000, +1087.000, -602.000
1629808080, +2.96, +24.096,  -0.03189, -138.000, +1087.000, -616.000
1629808140, +2.96, +24.088,  +0.00217, -128.000, +1086.000, -672.000
1629808200, +2.96, +24.096,  -0.04428, -128.000, +1055.000, -650.000
1629808260, +2.96, +24.080,  +0.02694, -138.000, +1088.000, -608.000
1629808320, +2.96, +24.080,  -0.13099, -128.000, +1092.000, -660.000
1629808380, +2.96, +24.063,  +0.00526, -128.000, +1080.000, -669.000
1629808440, +2.96, +24.030,  -0.02261, -136.000, +1084.000, -612.000
1629808500, +2.96, +24.055,  -0.00093, -128.000, +1086.000, -672.000
1629808560, +2.96, +24.038,  +0.02384, -136.000, +1086.000, -616.000
1629808620, +2.96, +24.038,  -0.02570, -128.000, +1056.000, -648.000
1629808680, +2.96, +24.021,  +0.00217, -128.000, +1083.000, -672.000
1629808740, +2.96, +24.030,  -0.00403, -141.000, +1084.000, -596.000
1629808800, +2.96, +24.021,  -0.00403, -138.000, +1087.000, -608.000
1629808860, +2.96, +24.005,  -0.07834, -146.000, +983.000, -424.000
1629808920, +2.96, +23.988,  +0.01146, -128.000, +1094.000, -666.000
1629808980, +2.96, +23.988,  -0.04428, -136.000, +1095.000, -640.000
1629809040, +2.96, +23.988,  -0.02570, -128.000, +1084.000, -672.000
1629809100, +2.96, +23.971,  -0.01332, -136.000, +1088.000, -616.000
1629809160, +2.96, +23.980,  +0.00836, -128.000, +1039.000, -609.000
1629809220, +2.96, +23.980,  -0.08763, -136.000, +1088.000, -624.000
1629809280, +2.96, +23.938,  -0.04428, -136.000, +1091.000, -640.000
1629809340, +2.96, +23.929,  -0.03189, -136.000, +1094.000, -640.000
1629809400, +2.96, +23.963,  -0.09692, -128.000, +1076.000, -672.000
1629809460, +2.96, +23.921,  -0.07525, -136.000, +1088.000, -616.000
1629809520, +2.96, +23.896,  +0.02384, -136.000, +1089.000, -624.000
1629809580, +2.96, +23.913,  +0.03933, -128.000, +1091.000, -668.000
1629809640, +2.96, +23.913,  +0.02384, -144.000, +984.000, -423.000
1629809700, +2.96, +23.888,  -0.06905, -146.000, +985.000, -424.000
1629809760, +2.96, +23.896,  -0.00712, -128.000, +1091.000, -672.000
1629809820, +2.96, +23.871,  -0.04428, -128.000, +1086.000, -672.000
1629809880, +2.96, +23.913,  -0.00093, -145.000, +983.000, -428.000
1629809940, +2.96, +23.904,  +0.00217, -144.000, +984.000, -426.000
1629810000, +2.96, +23.896,  -0.10002, -141.000, +1087.000, -608.000
1629810060, +2.96, +23.896,  -0.06286, -145.000, +984.000, -424.000
1629810120, +2.96, +23.863,  -0.00403, -128.000, +1095.000, -652.000
1629810180, +2.96, +23.879,  -0.02261, -126.000, +1057.000, -653.000
1629810240, +2.96, +23.863,  +0.06100, -146.000, +983.000, -418.000
1629810300, +2.96, +23.863,  -0.00093, -146.000, +984.000, -424.000
1629810360, +2.96, +23.854,  -0.04738, -128.000, +1048.000, -626.000
1629810420, +2.96, +23.846,  +0.03933, -145.000, +984.000, -420.000
1629810480, +2.96, +23.829,  -0.06596, -128.000, +1055.000, -641.000
1629810540, +2.96, +23.846,  -0.02570, -148.000, +988.000, -428.000
1629810600, +2.96, +23.829,  -0.01022, -144.000, +983.000, -423.000
1629810660, +2.96, +23.838,  +0.02075, -136.000, +1088.000, -612.000
1629810720, +2.96, +23.804,  +0.05171, -128.000, +1084.000, -672.000
1629810780, +2.96, +23.796,  -0.11241, -146.000, +984.000, -424.000
1629810840, +2.96, +23.788,  -0.00403, -148.000, +984.000, -424.000
1629810900, +2.96, +23.804,  -0.05047, -145.000, +983.000, -424.000
1629810960, +2.96, +23.771,  -0.00403, -148.000, +988.000, -432.000
1629811020, +2.96, +23.796,  +0.02384, -145.000, +984.000, -424.000
1629811080, +2.96, +23.763,  +0.03004, -145.000, +984.000, -424.000
1629811140, +2.96, +23.771,  +0.00526, -144.000, +983.000, -423.000
1629811200, +2.96, +23.754,  -0.01332, -148.000, +988.000, -432.000
1629811260, +2.96, +23.763,  -0.00093, -145.000, +984.000, -424.000
1629811320, +2.96, +23.746,  +0.00526, -152.000, +1006.000, -440.000
1629811380, +2.96, +23.737,  -0.02570, -145.000, +984.000, -424.000
1629811440, +2.96, +23.746,  +0.03004, -144.000, +984.000, -426.000
1629811500, +2.96, +23.729,  +0.05791, -152.000, +992.000, -434.000
1629811560, +2.96, +23.712,  -0.02261, -148.000, +987.000, -432.000
1629811620, +2.96, +23.712,  -0.02261, -148.000, +988.000, -429.000
1629811680, +2.96, +23.687,  -0.07525, -148.000, +988.000, -430.000
1629811740, +2.96, +23.687,  -0.01951, -145.000, +984.000, -426.000
1629811800, +2.96, +23.696,  +0.02075, -146.000, +988.000, -431.000
1629811860, +2.96, +23.696,  +0.01455, -146.000, +982.000, -424.000
1629811920, +2.96, +23.679,  +0.05481, -144.000, +983.000, -428.000
1629811980, +2.96, +23.687,  -0.03189, -144.000, +984.000, -420.000
1629812040, +2.96, +23.604,  +0.04862, -145.000, +980.000, -424.000
1629812100, +2.96, +23.662,  +0.05791, -148.000, +988.000, -432.000
1629812160, +2.96, +23.646,  -0.01022, -148.000, +984.000, -432.000
1629812220, +2.96, +23.637,  +0.03313, -145.000, +983.000, -428.000
1629812280, +2.96, +23.646,  +0.04552, -145.000, +984.000, -424.000
1629812340, +2.96, +23.637,  +0.03623, -145.000, +984.000, -425.000
1629812400, +2.96, +23.629,  +0.01146, -148.000, +984.000, -432.000
1629812460, +2.96, +23.604,  +0.11364, -146.000, +983.000, -431.000
1629812520, +2.96, +23.629,  +0.11984, -148.000, +983.000, -424.000
1629812580, +2.96, +23.587,  +0.03004, -152.000, +1008.000, -442.000
1629812640, +2.96, +23.604,  +0.10435, -144.000, +984.000, -424.000
1629812700, +2.96, +23.587,  +0.05171, -152.000, +992.000, -436.000
1629812760, +2.96, +23.612,  +0.00217, -152.000, +1009.000, -442.000
1629812820, +2.96, +23.596,  -0.00093, -148.000, +992.000, -433.000
1629812880, +2.96, +23.587,  +0.13222, -145.000, +984.000, -424.000
1629812940, +2.96, +23.579,  +0.03933, -146.000, +984.000, -426.000
1629813000, +2.96, +23.562,  +0.06100, -148.000, +1004.000, -440.000
1629813060, +2.96, +23.579,  +0.11364, -144.000, +1044.000, -488.000
1629813120, +2.96, +23.554,  +0.11055, -148.000, +993.000, -434.000
1629813180, +2.96, +23.520,  +0.00836, -151.000, +990.000, -432.000
1629813240, +2.96, +23.562,  +0.07029, -146.000, +984.000, -429.000
1629813300, +2.96, +23.537,  +0.04242, -145.000, +979.000, -426.000
1629813360, +2.96, +23.529,  +0.10126, -152.000, +1016.000, -450.000
1629813420, +2.96, +23.529,  +0.09507, -149.000, +992.000, -434.000
1629813480, +2.96, +23.520,  +0.19106, -148.000, +984.000, -429.000
1629813540, +2.96, +23.512,  +0.16629, -148.000, +985.000, -434.000
1629813600, +2.96, +23.487,  +0.18796, -144.000, +985.000, -432.000
1629813660, +2.96, +23.495,  +0.23751, -152.000, +1000.000, -436.000
1629813720, +2.96, +23.504,  +0.13842, -144.000, +1072.000, -564.000
1629813780, +2.97, +23.495,  +0.21893, -152.000, +1011.000, -448.000
1629813840, +2.96, +23.479,  +0.09507, -145.000, +983.000, -423.000
1629813900, +2.96, +23.479,  +0.08887, -148.000, +984.000, -426.000
1629813960, +2.96, +23.462,  +0.16319, -146.000, +985.000, -429.000
1629814020, +2.96, +23.462,  +0.16009, -152.000, +1001.000, -440.000
1629814080, +2.96, +23.462,  +0.16009, -152.000, +1000.000, -436.000
1629814140, +2.96, +23.454,  +0.20964, -146.000, +985.000, -421.000
1629814200, +2.96, +23.445,  +0.17867, -152.000, +996.000, -432.000
1629814260, +2.96, +23.429,  +0.27467, -148.000, +983.000, -424.000
1629814320, +2.96, +23.445,  +0.24370, -148.000, +1016.000, -448.000
1629814380, +2.96, +23.420,  +0.21274, -148.000, +988.000, -429.000
1629814440, +2.96, +23.403,  +0.21274, -152.000, +1017.000, -452.000
1629814500, +2.96, +23.412,  +0.22512, -148.000, +1043.000, -488.000
1629814560, +2.96, +23.395,  +0.22512, -144.000, +1072.000, -552.000
1629814620, +2.96, +23.412,  +0.18796, -145.000, +984.000, -426.000
1629814680, +2.97, +23.403,  +0.22822, -152.000, +1016.000, -448.000
1629814740, +2.96, +23.395,  +0.23751, -144.000, +1065.000, -544.000
1629814800, +2.96, +23.403,  +0.30873, -151.000, +988.000, -432.000
1629814860, +2.96, +23.395,  +0.23751, -152.000, +1041.000, -484.000
1629814920, +2.96, +23.370,  +0.31802, -148.000, +1043.000, -482.000
1629814980, +2.96, +23.362,  +0.35208, -148.000, +1036.000, -468.000
1629815040, +2.96, +23.312,  +0.26847, -144.000, +1072.000, -556.000
1629815100, +2.96, +23.370,  +0.33970, -146.000, +992.000, -432.000
1629815160, +2.96, +23.353,  +0.39853, -152.000, +992.000, -432.000
1629815220, +2.96, +23.362,  +0.33660, -148.000, +1040.000, -480.000
1629815280, +2.96, +23.337,  +0.37066, -144.000, +1072.000, -564.000
1629815340, +2.96, +23.345,  +0.43879, -144.000, +1088.000, -604.000
1629815400, +2.96, +23.320,  +0.42950, -148.000, +1040.000, -480.000
1629815460, +2.96, +23.345,  +0.45427, -144.000, +1056.000, -512.000
1629815520, +2.96, +23.320,  +0.43569, -144.000, +1076.000, -569.000
1629815580, +2.96, +23.312,  +0.47285, -148.000, +1041.000, -484.000
1629815640, +2.96, +23.345,  +0.54097, -145.000, +982.000, -428.000
1629815700, +2.96, +23.303,  +0.53168, -152.000, +999.000, -434.000
1629815760, +2.96, +23.303,  +0.54717, -144.000, +1080.000, -576.000
1629815820, +2.97, +23.312,  +0.53478, -148.000, +1040.000, -484.000
1629815880, +2.96, +23.312,  +0.51310, -148.000, +1027.000, -464.000
1629815940, +2.96, +23.312,  +0.54717, -140.000, +1089.000, -616.000
1629816000, +2.96, +23.286,  +0.51310, -144.000, +1049.000, -498.000
1629816060, +2.96, +23.303,  +0.50691, -144.000, +1055.000, -512.000
1629816120, +2.96, +23.295,  +0.52239, -144.000, +1078.000, -576.000
1629816180, +2.96, +23.278,  +0.46666, -144.000, +1072.000, -562.000
1629816240, +2.96, +23.270,  +0.51310, -136.000, +1094.000, -640.000
1629816300, +2.96, +23.278,  +0.51930, -144.000, +1072.000, -560.000
1629816360, +2.96, +23.261,  +0.52859, -148.000, +1024.000, -456.000
1629816420, +2.96, +23.278,  +0.51001, -148.000, +1052.000, -500.000
1629816480, +2.96, +23.278,  +0.56884, -148.000, +1049.000, -504.000
1629816540, +2.96, +23.253,  +0.54097, -144.000, +1070.000, -544.000
1629816600, +2.96, +23.270,  +0.55336, -144.000, +1063.000, -528.000
1629816660, +2.96, +23.245,  +0.60290, -142.000, +1088.000, -592.000
1629816720, +2.96, +23.245,  +0.59671, -136.000, +1092.000, -632.000
1629816780, +2.96, +23.253,  +0.50381, -148.000, +1048.000, -496.000
1629816840, +2.96, +23.261,  +0.52859, -144.000, +1072.000, -556.000
1629816900, +2.96, +23.236,  +0.52239, -141.000, +1084.000, -592.000
1629816960, +2.96, +23.236,  +0.49762, -144.000, +1064.000, -538.000
1629817020, +2.96, +23.211,  +0.50691, -136.000, +1091.000, -632.000
1629817080, +2.96, +23.220,  +0.47285, -144.000, +1076.000, -570.000
1629817140, +2.96, +23.211,  +0.45427, -151.000, +1022.000, -456.000
1629817200, +2.96, +23.220,  +0.59671, -144.000, +1081.000, -589.000
1629817260, +2.96, +23.220,  +0.39234, -144.000, +1055.000, -509.000
1629817320, +2.96, +23.220,  +0.59052, -141.000, +1084.000, -592.000
1629817380, +2.96, +23.228,  +0.52859, -152.000, +1004.000, -436.000
1629817440, +2.96, +23.220,  +0.56575, -144.000, +1072.000, -556.000
1629817500, +2.96, +23.211,  +0.44498, -144.000, +1078.000, -576.000
1629817560, +2.96, +23.203,  +0.58433, -152.000, +1043.000, -480.000
1629817620, +2.96, +23.228,  +0.48214, -141.000, +1072.000, -564.000
1629817680, +2.96, +23.203,  +0.51620, -148.000, +988.000, -432.000
1629817740, +2.96, +23.220,  +0.47285, -144.000, +1075.000, -568.000
1629817800, +2.96, +23.211,  +0.55336, -148.000, +1031.000, -468.000
1629817860, +2.96, +23.186,  +0.55646, -144.000, +1056.000, -512.000
1629817920, +2.96, +23.195,  +0.53788, -144.000, +1072.000, -556.000
1629817980, +2.96, +23.211,  +0.55026, -128.000, +1094.000, -668.000
1629818040, +2.96, +23.203,  +0.51310, -152.000, +1001.000, -440.000
1629818100, +2.96, +23.195,  +0.56884, -144.000, +1072.000, -560.000
1629818160, +2.96, +23.186,  +0.54407, -148.000, +1064.000, -536.000
1629818220, +2.96, +23.211,  +0.51310, -136.000, +1091.000, -632.000
1629818280, +2.96, +23.195,  +0.54717, -144.000, +1080.000, -584.000
1629818340, +2.96, +23.178,  +0.54407, -136.000, +1086.000, -606.000
1629818400, +2.96, +23.186,  +0.55026, -141.000, +1080.000, -589.000
1629818460, +2.96, +23.186,  +0.61219, -128.000, +1088.000, -672.000
1629818520, +2.96, +23.161,  +0.56265, -144.000, +1072.000, -562.000
1629818580, +2.96, +23.161,  +0.53168, -144.000, +1083.000, -589.000
1629818640, +2.96, +23.169,  +0.50691, -144.000, +1064.000, -544.000
1629818700, +2.96, +23.153,  +0.57194, -136.000, +1089.000, -616.000
1629818760, +2.96, +23.178,  +0.72677, -144.000, +1079.000, -576.000
1629818820, +2.96, +23.144,  +0.64935, -141.000, +1084.000, -592.000
1629818880, +2.96, +23.161,  +0.65555, -141.000, +1081.000, -592.000
1629818940, +2.96, +23.153,  +0.58433, -140.000, +1086.000, -600.000
1629819000, +2.96, +23.153,  +0.72677, -128.000, +1048.000, -641.000
1629819060, +2.96, +23.144,  +0.66484, -144.000, +1080.000, -576.000
1629819120, +2.96, +23.136,  +0.69580, -128.000, +1088.000, -672.000
1629819180, +2.96, +23.161,  +0.63697, -142.000, +1080.000, -576.000
1629819240, +2.96, +23.119,  +0.72677, -141.000, +1086.000, -604.000
1629819300, +2.96, +23.153,  +0.69890, -140.000, +1084.000, -600.000
1629819360, +2.96, +23.136,  +0.65555, -128.000, +1091.000, -672.000
1629819420, +2.96, +23.144,  +0.62458, -138.000, +1078.000, -576.000
1629819480, +2.96, +23.111,  +0.75464, -148.000, +1032.000, -472.000
1629819540, +2.96, +23.119,  +0.72057, -138.000, +1088.000, -616.000
1629819600, +2.96, +23.119,  +0.71748, -144.000, +1068.000, -544.000
1629819660, +2.96, +23.128,  +0.80728, -144.000, +1073.000, -564.000
1629819720, +2.96, +23.128,  +0.76393, -140.000, +1084.000, -596.000
1629819780, +2.96, +23.128,  +0.77322, -128.000, +1092.000, -672.000
1629819840, +2.96, +23.136,  +0.69580, -138.000, +1086.000, -608.000
1629819900, +2.96, +23.136,  +0.85373, -144.000, +1064.000, -532.000
1629819960, +2.96, +23.111,  +0.83825, -136.000, +1088.000, -624.000
1629820020, +2.96, +23.103,  +0.85682, -141.000, +1083.000, -592.000
1629820080, +2.96, +23.111,  +0.81347, -144.000, +1079.000, -576.000
1629820140, +2.96, +23.119,  +0.79180, -148.000, +1043.000, -488.000
1629820200, +2.96, +23.111,  +0.82276, -148.000, +1043.000, -490.000
1629820260, +2.96, +23.094,  +0.85063, -136.000, +1088.000, -624.000
1629820320, +2.96, +23.103,  +0.84134, -125.000, +1080.000, -672.000
1629820380, +2.96, +23.086,  +0.88469, -136.000, +1089.000, -616.000
1629820440, +2.96, +23.078,  +0.85373, -136.000, +1092.000, -648.000
1629820500, +2.96, +23.094,  +0.83515, -144.000, +1080.000, -573.000
1629820560, +2.96, +23.111,  +0.90018, -144.000, +1075.000, -568.000
1629820620, +2.96, +23.103,  +0.85373, -136.000, +1092.000, -648.000
1629820680, +2.96, +23.078,  +0.90018, -136.000, +1088.000, -620.000
1629820740, +2.96, +23.061,  +0.81657, -128.000, +1084.000, -672.000
1629820800, +2.96, +23.094,  +0.89089, -146.000, +984.000, -428.000
1629820860, +2.96, +23.086,  +0.85373, -128.000, +1088.000, -672.000
1629820920, +2.96, +23.061,  +0.89708, -145.000, +984.000, -424.000
1629820980, +2.96, +23.094,  +0.84753, -136.000, +1089.000, -624.000
1629821040, +2.96, +23.078,  +0.91256, -128.000, +1094.000, -668.000
1629821100, +2.96, +23.103,  +0.95282, -138.000, +1086.000, -602.000
1629821160, +2.96, +23.086,  +0.88160, -136.000, +1088.000, -616.000
1629821220, +2.96, +23.078,  +0.85373, -128.000, +1072.000, -672.000
1629821280, +2.96, +23.086,  +0.89089, -144.000, +1075.000, -570.000
1629821340, +2.96, +23.052,  +0.90637, -136.000, +1088.000, -624.000
1629821400, +2.96, +23.078,  +0.88779, -128.000, +1091.000, -672.000
1629821460, +2.96, +23.086,  +0.81967, -128.000, +1080.000, -672.000
1629821520, +2.96, +23.086,  +0.88779, -144.000, +1073.000, -557.000
1629821580, +2.96, +23.078,  +0.97759, -136.000, +1088.000, -616.000
1629821640, +2.96, +23.052,  +0.85992, -148.000, +983.000, -420.000
1629821700, +2.96, +23.069,  +0.89089, -144.000, +1075.000, -560.000
1629821760, +2.96, +23.069,  +0.94663, -128.000, +1091.000, -666.000
1629821820, +2.96, +23.078,  +0.86611, -138.000, +1087.000, -604.000
1629821880, +2.96, +23.069,  +0.98069, -128.000, +1078.000, -672.000
1629821940, +2.96, +23.052,  +0.95282, -136.000, +1086.000, -608.000
1629822000, +2.96, +23.061,  +0.94663, -136.000, +1088.000, -616.000
1629822060, +2.96, +23.052,  +0.92805, -136.000, +1094.000, -640.000
1629822120, +2.96, +23.061,  +0.96830, -136.000, +1094.000, -634.000
1629822180, +2.96, +23.061,  +0.95592, -144.000, +984.000, -428.000
1629822240, +2.96, +23.069,  +0.97449, -145.000, +984.000, -421.000
1629822300, +2.96, +23.061,  +0.89398, -144.000, +1080.000, -584.000
1629822360, +2.96, +23.061,  +1.05810, -152.000, +1007.000, -441.000
1629822420, +2.96, +23.086,  +1.00546, -138.000, +1091.000, -612.000
1629822480, +2.96, +23.052,  +0.95282, -136.000, +1094.000, -640.000
1629822540, +2.96, +23.052,  +0.95901, -128.000, +1080.000, -672.000
1629822600, +2.96, +23.052,  +1.03023, -124.000, +1063.000, -672.000
1629822660, +2.96, +23.078,  +1.06120, -128.000, +1078.000, -672.000
1629822720, +2.96, +23.078,  +1.06430, -128.000, +1091.000, -672.000
1629822780, +2.96, +23.069,  +1.02404, -141.000, +1087.000, -608.000
1629822840, +2.96, +23.052,  +1.07978, -144.000, +1079.000, -576.000
1629822900, +2.96, +23.061,  +1.01165, -144.000, +1064.000, -536.000
1629822960, +2.96, +23.069,  +1.03643, -136.000, +1091.000, -624.000
1629823020, +2.96, +23.078,  +1.08288, -140.000, +1091.000, -616.000
1629823080, +2.96, +23.069,  +1.00236, -128.000, +1080.000, -672.000
1629823140, +2.96, +23.044,  +1.07359, -136.000, +1091.000, -628.000
1629823200, +2.96, +23.086,  +1.12932, -136.000, +1088.000, -616.000
1629823260, +2.96, +23.094,  +1.14171, -128.000, +1087.000, -676.000
1629823320, +2.96, +23.078,  +1.04881, -136.000, +1092.000, -634.000
1629823380, +2.96, +23.069,  +1.09216, -128.000, +1091.000, -672.000
1629823440, +2.96, +23.069,  +1.07049, -144.000, +1080.000, -576.000
1629823500, +2.96, +23.086,  +1.16029, -128.000, +1086.000, -672.000
1629823560, +2.96, +23.078,  +1.09216, -140.000, +1087.000, -596.000
1629823620, +2.96, +23.094,  +1.06430, -125.000, +1081.000, -672.000
1629823680, +2.96, +23.086,  +1.10145, -144.000, +1048.000, -492.000
1629823740, +2.96, +23.086,  +1.16339, -140.000, +1087.000, -605.000
1629823800, +2.96, +23.103,  +1.10765, -144.000, +1057.000, -512.000
1629823860, +2.96, +23.086,  +1.08597, -128.000, +1094.000, -648.000
1629823920, +2.96, +23.094,  +1.10455, -144.000, +1079.000, -576.000
1629823980, +2.96, +23.103,  +1.13552, -144.000, +1062.000, -526.000
1629824040, +2.96, +23.111,  +1.04881, -142.000, +1075.000, -576.000
1629824100, +2.96, +23.119,  +1.02094, -144.000, +1062.000, -532.000
1629824160, +2.96, +23.103,  +1.15719, -136.000, +1091.000, -616.000
1629824220, +2.96, +23.128,  +1.02094, -128.000, +1094.000, -666.000
1629824280, +2.96, +23.086,  +1.12003, -144.000, +1056.000, -512.000
1629824340, +2.96, +23.128,  +1.00856, -148.000, +1041.000, -488.000
1629824400, +2.96, +23.103,  +1.10145, -144.000, +1072.000, -552.000
1629824460, +2.96, +23.128,  +1.09216, -144.000, +1078.000, -580.000
1629824520, +2.96, +23.128,  +1.08597, -148.000, +1062.000, -524.000
1629824580, +2.96, +23.153,  +1.05501, -141.000, +1080.000, -588.000
1629824640, +2.96, +23.144,  +1.04572, -140.000, +1086.000, -608.000
1629824700, +2.96, +23.128,  +1.07978, -144.000, +1057.000, -520.000
1629824760, +2.96, +23.153,  +1.03643, -140.000, +1084.000, -592.000
1629824820, +2.96, +23.153,  +1.12932, -144.000, +1079.000, -576.000
1629824880, +2.96, +23.153,  +0.97140, -144.000, +1051.000, -506.000
1629824940, +2.96, +23.128,  +1.05191, -144.000, +1079.000, -576.000
1629825000, +2.96, +23.161,  +1.04881, -144.000, +1083.000, -584.000
1629825060, +2.96, +23.153,  +1.15719, -128.000, +1091.000, -656.000
1629825120, +2.96, +23.178,  +1.02714, -141.000, +1084.000, -592.000
1629825180, +2.96, +23.153,  +1.13552, -148.000, +1055.000, -508.000
1629825240, +2.96, +23.178,  +1.07668, -144.000, +1076.000, -572.000
1629825300, +2.96, +23.178,  +1.14171, -144.000, +1068.000, -541.000
1629825360, +2.96, +23.195,  +1.11384, -138.000, +1088.000, -612.000
1629825420, +2.96, +23.169,  +1.09836, -144.000, +1072.000, -554.000
1629825480, +2.96, +23.203,  +1.13552, -152.000, +1008.000, -442.000
1629825540, +2.96, +23.211,  +1.22532, -144.000, +1071.000, -548.000
1629825600, +2.96, +23.186,  +1.14790, -152.000, +1024.000, -452.000
1629825660, +2.96, +23.220,  +1.15719, -148.000, +1031.000, -468.000
1629825720, +2.96, +23.211,  +1.23151, -148.000, +1043.000, -488.000
1629825780, +2.96, +23.228,  +1.14171, -141.000, +1084.000, -596.000
1629825840, +2.96, +23.228,  +1.19435, -144.000, +1075.000, -576.000
1629825900, +2.96, +23.245,  +1.10455, -152.000, +1004.000, -440.000
1629825960, +2.96, +23.228,  +1.15100, -152.000, +1004.000, -440.000
1629826020, +2.96, +23.261,  +1.19745, -148.000, +1040.000, -480.000
1629826080, +2.96, +23.236,  +1.24390, -146.000, +984.000, -426.000
1629826140, +2.96, +23.245,  +1.19745, -140.000, +1084.000, -605.000
1629826200, +2.96, +23.253,  +1.19126, -148.000, +1049.000, -504.000
1629826260, +2.96, +23.261,  +1.27796, -138.000, +1087.000, -608.000
1629826320, +2.96, +23.270,  +1.13552, -148.000, +1041.000, -480.000
1629826380, +2.96, +23.270,  +1.15100, -148.000, +1046.000, -493.000
1629826440, +2.96, +23.270,  +1.13552, -148.000, +1048.000, -496.000
1629826500, +2.96, +23.303,  +1.22841, -148.000, +1039.000, -477.000
1629826560, +2.96, +23.286,  +1.18816, -152.000, +1008.000, -440.000
1629826620, +2.96, +23.286,  +1.18816, -153.000, +1016.000, -452.000
1629826680, +2.96, +23.312,  +1.15410, -152.000, +1008.000, -440.000
1629826740, +2.96, +23.312,  +1.30273, -148.000, +1020.000, -456.000
1629826800, +2.96, +23.320,  +1.14171, -144.000, +1076.000, -576.000
1629826860, +2.96, +23.328,  +1.17887, -144.000, +1072.000, -564.000
1629826920, +2.96, +23.303,  +1.16339, -144.000, +1046.000, -490.000
1629826980, +2.96, +23.337,  +1.09836, -141.000, +1084.000, -592.000
1629827040, +2.96, +23.328,  +1.19745, -148.000, +1024.000, -456.000
1629827100, +2.96, +23.345,  +1.11074, -152.000, +1015.000, -448.000
1629827160, +2.96, +23.328,  +1.18816, -148.000, +1043.000, -490.000
1629827220, +2.96, +23.353,  +1.10145, -151.000, +1033.000, -468.000
1629827280, +2.96, +23.362,  +1.07978, -144.000, +1068.000, -544.000
1629827340, +2.96, +23.337,  +1.11384, -148.000, +1046.000, -488.000
1629827400, +2.96, +23.370,  +1.04881, -152.000, +1020.000, -456.000
1629827460, +2.96, +23.378,  +1.04881, -148.000, +1049.000, -500.000
1629827520, +2.96, +23.378,  +1.01165, -144.000, +1075.000, -574.000
1629827580, +2.96, +23.362,  +0.99307, -145.000, +983.000, -424.000
1629827640, +2.96, +23.387,  +1.07978, -146.000, +1032.000, -464.000
1629827700, +2.96, +23.387,  +1.01475, -148.000, +1032.000, -464.000
1629827760, +2.96, +23.395,  +1.05501, -148.000, +1039.000, -480.000
1629827820, +2.96, +23.420,  +1.10145, -152.000, +1016.000, -448.000
1629827880, +2.96, +23.437,  +0.96211, -148.000, +1049.000, -504.000
1629827940, +2.96, +23.420,  +1.03643, -148.000, +992.000, -434.000
1629828000, +2.96, +23.437,  +0.99927, -144.000, +1059.000, -524.000
1629828060, +2.96, +23.420,  +1.02094, -144.000, +1036.000, -480.000
1629828120, +2.96, +23.445,  +0.64316, -148.000, +1056.000, -512.000
1629828180, +2.96, +23.479,  +1.06120, -144.000, +1052.000, -508.000
1629828240, +2.96, +23.487,  +1.01165, -148.000, +1036.000, -472.000
1629828300, +2.96, +23.454,  +1.04262, -152.000, +992.000, -432.000
1629828360, +2.96, +23.545,  +1.01785, -148.000, +1043.000, -484.000
1629828420, +2.96, +23.545,  +1.06739, -148.000, +984.000, -432.000
1629828480, +2.96, +23.545,  +0.95282, -154.000, +1011.000, -444.000
1629828540, +2.96, +23.587,  +1.01165, -152.000, +1012.000, -448.000
1629828600, +2.96, +23.621,  +0.97449, -148.000, +1038.000, -480.000
1629828660, +2.96, +23.621,  +1.00236, -148.000, +982.000, -426.000
1629828720, +2.96, +23.679,  +0.95282, -128.000, +1059.000, -672.000
1629828780, +2.96, +23.712,  +0.95592, -144.000, +984.000, -426.000
1629828840, +2.96, +23.737,  +1.01785, -148.000, +988.000, -432.000
1629828900, +2.96, +23.771,  +0.84753, -128.000, +1059.000, -668.000
1629828960, +2.96, +23.796,  +0.58433, -145.000, +982.000, -424.000
1629829020, +2.96, +23.829,  +0.81038, -125.000, +1068.000, -672.000
1629829080, +2.96, +23.863,  +0.85373, -128.000, +1068.000, -668.000
1629829140, +2.96, +23.879,  +0.88160, -128.000, +1089.000, -669.000
1629829200, +2.96, +23.921,  +0.92805, -140.000, +1086.000, -612.000
1629829260, +2.96, +23.954,  +0.87540, -141.000, +1081.000, -600.000
1629829320, +2.96, +23.971,  +0.90637, -128.000, +1084.000, -672.000
1629829380, +2.96, +23.971,  +0.91566, -128.000, +1080.000, -672.000
1629829440, +2.96, +24.013,  +0.90018, -136.000, +1091.000, -640.000
1629829500, +2.96, +24.055,  +0.92185, -128.000, +1084.000, -672.000
1629829560, +2.96, +24.096,  +0.90637, -128.000, +1091.000, -652.000
1629829620, +2.96, +24.121,  +0.82896, -144.000, +1064.000, -544.000
1629829680, +2.96, +24.155,  +0.91876, -140.000, +1080.000, -588.000
1629829740, +2.96, +24.188,  +0.92805, -144.000, +1075.000, -580.000
1629829800, +2.96, +24.196,  +0.88160, -148.000, +1055.000, -512.000
1629829860, +2.96, +24.221,  +0.82586, -140.000, +1080.000, -592.000
1629829920, +2.96, +24.263,  +0.88469, -144.000, +1059.000, -536.000
1629829980, +2.96, +24.271,  +0.88160, -144.000, +1068.000, -544.000
1629830040, +2.96, +24.305,  +0.91566, -148.000, +1036.000, -474.000
1629830100, +2.96, +24.330,  +0.86302, -148.000, +1033.000, -472.000
1629830160, +2.96, +24.338,  +0.93114, -148.000, +1031.000, -472.000
1629830220, +2.96, +24.388,  +0.86921, -148.000, +1039.000, -480.000
1629830280, +2.96, +24.397,  +0.82586, -152.000, +1028.000, -464.000
1629830340, +2.96, +24.438,  +0.84134, -148.000, +1025.000, -464.000
1629830400, +2.96, +24.447,  +0.81347, -148.000, +1032.000, -472.000
1629830460, +2.96, +24.463,  +0.76702, -148.000, +992.000, -432.000
1629830520, +2.96, +24.488,  +0.66484, -152.000, +984.000, -430.000
1629830580, +2.96, +24.513,  +0.71438, -148.000, +987.000, -434.000
1629830640, +2.96, +24.555,  +0.75154, -151.000, +985.000, -432.000
1629830700, +2.96, +24.572,  +0.68651, -151.000, +984.000, -432.000
1629830760, +2.96, +24.588,  +0.74844, -127.000, +1031.000, -609.000
1629830820, +2.96, +24.630,  +0.70200, -151.000, +984.000, -432.000
1629830880, +2.96, +24.655,  +0.71129, -148.000, +983.000, -429.000
1629830940, +2.96, +24.688,  +0.70509, -148.000, +1027.000, -464.000
1629831000, +2.96, +24.705,  +0.71438, -128.000, +1056.000, -671.000
1629831060, +2.96, +24.680,  +0.65864, -146.000, +984.000, -432.000
1629831120, +2.96, +24.738,  +0.61839, -128.000, +1087.000, -670.000
1629831180, +2.96, +24.788,  +0.72986, -148.000, +983.000, -432.000
1629831240, +2.96, +24.788,  +0.67722, -146.000, +983.000, -432.000
1629831300, +2.96, +24.813,  +0.64935, -128.000, +1089.000, -664.000
1629831360, +2.96, +24.830,  +0.64006, -128.000, +1075.000, -672.000
1629831420, +2.96, +24.871,  +0.64626, -146.000, +984.000, -432.000
1629831480, +2.96, +24.913,  +0.79489, -148.000, +984.000, -434.000
1629831540, +2.96, +24.938,  +0.68032, -128.000, +1088.000, -666.000
1629831600, +2.96, +24.963,  +0.74225, -144.000, +982.000, -423.000
1629831660, +2.96, +24.980,  +0.72677, -146.000, +979.000, -428.000
1629831720, +2.96, +25.013,  +0.64006, -128.000, +1089.000, -666.000
1629831780, +2.96, +25.030,  +0.68032, -128.000, +1088.000, -666.000
1629831840, +2.96, +25.021,  +0.71129, -136.000, +1091.000, -640.000
1629831900, +2.96, +25.071,  +0.68961, -136.000, +1088.000, -640.000
1629831960, +2.96, +25.104,  +0.66793, -142.000, +1081.000, -601.000
1629832020, +2.96, +25.113,  +0.69890, -144.000, +1073.000, -570.000
1629832080, +2.96, +25.129,  +0.66793, -144.000, +1070.000, -564.000
1629832140, +2.96, +25.163,  +0.63387, -140.000, +1086.000, -624.000
1629832200, +2.96, +25.179,  +0.67103, -144.000, +1072.000, -576.000
1629832260, +2.96, +25.179,  +0.69890, -126.000, +1084.000, -672.000
1629832320, +2.96, +25.213,  +0.67413, -144.000, +1057.000, -528.000
1629832380, +2.96, +25.246,  +0.65555, -148.000, +1048.000, -504.000
1629832440, +2.96, +25.263,  +0.71438, -144.000, +1080.000, -589.000
1629832500, +2.96, +25.287,  +0.65864, -152.000, +1008.000, -448.000
1629832560, +2.96, +25.312,  +0.61839, -144.000, +1068.000, -560.000
1629832620, +2.96, +25.321,  +0.67103, -144.000, +1056.000, -526.000
1629832680, +2.96, +25.346,  +0.64935, -148.000, +999.000, -442.000
1629832740, +2.96, +25.387,  +0.72057, -151.000, +1036.000, -480.000
1629832800, +2.96, +25.404,  +0.68342, -144.000, +1080.000, -588.000
1629832860, +2.96, +25.437,  +0.67103, -148.000, +1025.000, -464.000
1629832920, +2.96, +25.470,  +0.65864, -144.000, +1072.000, -572.000
1629832980, +2.96, +25.470,  +0.65245, -148.000, +1008.000, -448.000
1629833040, +2.96, +25.479,  +0.59981, -152.000, +1009.000, -448.000
1629833100, +2.96, +25.520,  +0.63387, -144.000, +1057.000, -528.000
1629833160, +2.96, +25.545,  +0.67413, -148.000, +1008.000, -448.000
1629833220, +2.96, +25.587,  +0.61529, -148.000, +1041.000, -496.000
1629833280, +2.96, +25.612,  +0.63387, -148.000, +983.000, -434.000
1629833340, +2.96, +25.628,  +0.77322, -152.000, +984.000, -432.000
1629833400, +2.96, +25.653,  +0.61839, -152.000, +1003.000, -442.000
1629833460, +2.96, +25.678,  +0.68961, -146.000, +983.000, -432.000
1629833520, +2.96, +25.686,  +0.59671, -148.000, +1022.000, -456.000
1629833580, +2.96, +25.695,  +0.63077, -148.000, +984.000, -434.000
1629833640, +2.96, +25.703,  +0.58742, -144.000, +984.000, -434.000
1629833700, +2.96, +25.761,  +0.64006, -146.000, +979.000, -424.000
1629833760, +2.96, +25.778,  +0.58433, -145.000, +979.000, -432.000
1629833820, +2.96, +25.794,  +0.64626, -145.000, +977.000, -428.000
1629833880, +2.96, +25.828,  +0.64935, -146.000, +982.000, -425.000
1629833940, +2.96, +25.852,  +0.51930, -145.000, +979.000, -428.000
1629834000, +2.96, +25.869,  +0.63387, -146.000, +979.000, -424.000
1629834060, +2.96, +25.894,  +0.66484, -128.000, +1065.000, -668.000
1629834120, +2.96, +25.902,  +0.66174, -128.000, +1048.000, -636.000
1629834180, +2.96, +25.944,  +0.63697, -125.000, +1072.000, -669.000
1629834240, +2.96, +25.935,  +0.61529, -125.000, +1080.000, -672.000
1629834300, +2.96, +25.969,  +0.55336, -128.000, +1075.000, -672.000
1629834360, +2.96, +25.994,  +0.55336, -128.000, +1048.000, -647.000
1629834420, +2.96, +26.018,  +0.64626, -144.000, +1076.000, -584.000
1629834480, +2.96, +26.035,  +0.58123, -144.000, +1065.000, -548.000
1629834540, +2.96, +26.077,  +0.64316, -144.000, +1068.000, -560.000
1629834600, +2.96, +26.093,  +0.67722, -140.000, +1081.000, -616.000
1629834660, +2.96, +26.110,  +0.75154, -128.000, +1043.000, -609.000
1629834720, +2.96, +26.126,  +0.58123, -141.000, +1078.000, -584.000
1629834780, +2.96, +26.143,  +0.67103, -144.000, +1067.000, -557.000
1629834840, +2.96, +26.184,  +0.70200, -140.000, +1084.000, -616.000
1629834900, +2.96, +26.201,  +0.60600, -128.000, +1080.000, -672.000
1629834960, +2.96, +26.226,  +0.69271, -144.000, +1063.000, -544.000
1629835020, +2.96, +26.251,  +0.60910, -144.000, +1072.000, -572.000
1629835080, +2.96, +26.284,  +0.64006, -144.000, +1065.000, -552.000
1629835140, +2.96, +26.317,  +0.55955, -148.000, +1046.000, -500.000
1629835200, +2.96, +26.333,  +0.56265, -148.000, +1052.000, -512.000
1629835260, +2.96, +26.367,  +0.68342, -148.000, +1048.000, -512.000
1629835320, +2.96, +26.367,  +0.59671, -144.000, +1070.000, -568.000
1629835380, +2.96, +26.408,  +0.73296, -144.000, +1064.000, -544.000
1629835440, +2.96, +26.441,  +0.65555, -144.000, +1063.000, -544.000
1629835500, +2.96, +26.458,  +0.63387, -148.000, +1048.000, -508.000
1629835560, +2.96, +26.483,  +0.66174, -144.000, +1048.000, -520.000
1629835620, +2.96, +26.524,  +0.57813, -144.000, +1049.000, -512.000
1629835680, +2.96, +26.499,  +0.69890, -152.000, +1006.000, -442.000
1629835740, +2.96, +26.565,  +0.58742, -152.000, +1008.000, -448.000
1629835800, +2.96, +26.565,  +0.65245, -146.000, +979.000, -426.000
1629835860, +2.96, +26.615,  +0.51620, -148.000, +980.000, -432.000
1629835920, +2.96, +26.640,  +0.66484, -152.000, +1014.000, -450.000
1629835980, +2.96, +26.648,  +0.66174, -145.000, +979.000, -429.000
1629836040, +2.96, +26.673,  +0.67103, -145.000, +977.000, -429.000
1629836100, +2.96, +26.714,  +0.63077, -144.000, +976.000, -424.000
1629836160, +2.96, +26.739,  +0.64626, -146.000, +976.000, -428.000
1629836220, +2.96, +26.756,  +0.66484, -128.000, +1073.000, -672.000
1629836280, +2.96, +26.780,  +0.64316, -146.000, +979.000, -429.000
1629836340, +2.96, +26.805,  +0.67413, -146.000, +977.000, -424.000
1629836400, +2.96, +26.830,  +0.58742, -145.000, +975.000, -423.000
1629836460, +2.96, +26.880,  +0.65864, -126.000, +1067.000, -668.000
1629836520, +2.96, +26.888,  +0.80109, -128.000, +1067.000, -668.000
1629836580, +2.96, +26.896,  +0.77631, -128.000, +1040.000, -647.000
1629836640, +2.96, +26.946,  +0.77941, -128.000, +1081.000, -668.000
1629836700, +2.96, +26.954,  +0.73606, -136.000, +1087.000, -656.000
1629836760, +2.96, +26.987,  +0.77631, -136.000, +1088.000, -656.000
1629836820, +2.96, +26.987,  +0.75464, -145.000, +979.000, -424.000
1629836880, +2.96, +27.020,  +0.76702, -136.000, +1086.000, -632.000
1629836940, +2.96, +27.045,  +0.72367, -128.000, +1087.000, -660.000
1629837000, +2.96, +27.061,  +0.71748, -125.000, +1070.000, -669.000
1629837060, +2.96, +27.070,  +0.81347, -128.000, +1088.000, -656.000
1629837120, +2.96, +27.094,  +0.80109, -136.000, +1084.000, -616.000
1629837180, +2.96, +27.103,  +0.74844, -141.000, +1079.000, -596.000
1629837240, +2.96, +27.111,  +0.72677, -144.000, +1075.000, -580.000
1629837300, +2.96, +27.119,  +0.75773, -141.000, +1079.000, -600.000
1629837360, +2.96, +27.144,  +0.79799, -144.000, +1075.000, -576.000
1629837420, +2.96, +27.136,  +0.77941, -140.000, +1075.000, -584.000
1629837480, +2.96, +27.152,  +0.80728, -144.000, +1070.000, -560.000
1629837540, +2.96, +27.152,  +0.82276, -144.000, +1068.000, -560.000
1629837600, +2.96, +27.152,  +0.86611, -144.000, +1078.000, -586.000
1629837660, +2.96, +27.152,  +0.75773, -136.000, +1080.000, -600.000
1629837720, +2.96, +27.161,  +0.74844, -128.000, +1088.000, -656.000
1629837780, +2.96, +27.144,  +0.72057, -144.000, +1075.000, -584.000
1629837840, +2.96, +27.185,  +0.84753, -144.000, +1070.000, -560.000
1629837900, +2.96, +27.177,  +0.86921, -144.000, +1070.000, -564.000
1629837960, +2.96, +27.169,  +0.89708, -144.000, +1062.000, -544.000
1629838020, +2.96, +27.169,  +0.78870, -142.000, +1075.000, -580.000
1629838080, +2.96, +27.169,  +0.86921, -136.000, +1088.000, -634.000
1629838140, +2.96, +27.169,  +0.83205, -143.000, +1084.000, -602.000
1629838200, +2.96, +27.152,  +0.87231, -128.000, +1084.000, -668.000
1629838260, +2.96, +27.128,  +0.83825, -128.000, +1084.000, -670.000
1629838320, +2.96, +27.144,  +0.89089, -141.000, +1080.000, -596.000
1629838380, +2.96, +27.119,  +0.89398, -136.000, +1091.000, -632.000
1629838440, +2.96, +27.111,  +0.81967, -136.000, +1087.000, -624.000
1629838500, +2.96, +27.086,  +0.87540, -143.000, +1073.000, -576.000
1629838560, +2.96, +27.086,  +0.85992, -128.000, +1048.000, -650.000
1629838620, +2.96, +27.061,  +0.87231, -141.000, +1072.000, -576.000
1629838680, +2.96, +27.045,  +0.92805, -128.000, +1047.000, -609.000
1629838740, +2.96, +27.020,  +0.99927, -128.000, +1080.000, -672.000
1629838800, +2.96, +27.028,  +0.90637, -145.000, +982.000, -423.000
1629838860, +2.96, +26.995,  +0.88779, -126.000, +1083.000, -672.000
1629838920, +2.96, +26.979,  +0.90327, -125.000, +1073.000, -666.000
1629838980, +2.96, +26.979,  +0.94972, -128.000, +1044.000, -644.000
1629839040, +2.96, +26.962,  +0.92185, -128.000, +1087.000, -664.000
1629839100, +2.96, +26.954,  +0.90018, -146.000, +980.000, -420.000
1629839160, +2.96, +26.954,  +0.91876, -128.000, +1056.000, -671.000
1629839220, +2.96, +26.946,  +0.98998, -146.000, +984.000, -425.000
1629839280, +2.96, +26.946,  +0.94043, -136.000, +1086.000, -616.000
1629839340, +2.96, +26.946,  +0.94972, -145.000, +982.000, -423.000
1629839400, +2.96, +26.904,  +0.91256, -128.000, +1044.000, -637.000
1629839460, +2.96, +26.921,  +0.99617, -146.000, +979.000, -424.000
1629839520, +2.96, +26.921,  +1.09526, -136.000, +1088.000, -640.000
1629839580, +2.96, +26.938,  +0.96830, -140.000, +1084.000, -608.000
1629839640, +2.96, +26.921,  +0.89398, -128.000, +1080.000, -672.000
1629839700, +2.96, +26.929,  +0.90637, -128.000, +1086.000, -666.000
1629839760, +2.96, +26.929,  +0.94663, -144.000, +982.000, -424.000
1629839820, +2.96, +26.913,  +0.94663, -148.000, +982.000, -426.000
1629839880, +2.96, +26.904,  +0.94663, -145.000, +982.000, -426.000
1629839940, +2.96, +26.904,  +1.02094, -146.000, +984.000, -423.000
1629840000, +2.96, +26.896,  +0.98378, -148.000, +982.000, -423.000
1629840060, +2.96, +26.888,  +1.03023, -146.000, +980.000, -424.000
1629840120, +2.96, +26.871,  +0.97449, -148.000, +982.000, -426.000
1629840180, +2.96, +26.855,  +1.02714, -146.000, +982.000, -426.000
1629840240, +2.96, +26.822,  +1.03333, -144.000, +982.000, -423.000
1629840300, +2.96, +26.797,  +1.08288, -149.000, +982.000, -424.000
1629840360, +2.96, +26.805,  +1.03643, -146.000, +984.000, -424.000
1629840420, +2.96, +26.805,  +1.08288, -149.000, +985.000, -432.000
1629840480, +2.96, +26.789,  +1.14790, -152.000, +985.000, -432.000
1629840540, +2.96, +26.772,  +1.05810, -146.000, +984.000, -424.000
1629840600, +2.96, +26.747,  +1.10145, -148.000, +984.000, -432.000
1629840660, +2.96, +26.747,  +1.12623, -148.000, +988.000, -432.000
1629840720, +2.96, +26.747,  +1.09216, -148.000, +1041.000, -490.000
1629840780, +2.96, +26.723,  +1.21293, -128.000, +1043.000, -613.000
1629840840, +2.96, +26.714,  +1.15410, -145.000, +983.000, -424.000
1629840900, +2.96, +26.689,  +1.22841, -153.000, +999.000, -436.000
1629840960, +2.96, +26.681,  +1.19745, -152.000, +1019.000, -448.000
1629841020, +2.96, +26.673,  +1.25628, -144.000, +982.000, -424.000
1629841080, +2.96, +26.640,  +1.18816, -152.000, +1009.000, -448.000
1629841140, +2.96, +26.640,  +1.20055, -152.000, +1016.000, -448.000
1629841200, +2.96, +26.640,  +1.28415, -145.000, +982.000, -424.000
1629841260, +2.96, +26.615,  +1.17577, -148.000, +1048.000, -498.000
1629841320, +2.96, +26.598,  +1.26248, -152.000, +1011.000, -446.000
1629841380, +2.96, +26.582,  +1.28725, -148.000, +1016.000, -448.000
1629841440, +2.96, +26.557,  +1.28415, -144.000, +1072.000, -552.000
1629841500, +2.96, +26.574,  +1.32441, -146.000, +982.000, -426.000
1629841560, +2.96, +26.532,  +1.31202, -144.000, +1070.000, -557.000
1629841620, +2.96, +26.565,  +1.27796, -144.000, +1055.000, -512.000
1629841680, +2.96, +26.549,  +1.31202, -152.000, +1008.000, -444.000
1629841740, +2.96, +26.541,  +1.37086, -152.000, +1016.000, -448.000
1629841800, +2.96, +26.532,  +1.31512, -148.000, +1030.000, -464.000
1629841860, +2.96, +26.549,  +1.37086, -148.000, +1047.000, -496.000
1629841920, +2.96, +26.532,  +0.82896, -146.000, +1054.000, -500.000
1629841980, +2.96, +26.565,  +1.32441, -148.000, +1054.000, -504.000
1629842040, +2.96, +26.541,  +1.28415, -148.000, +1048.000, -490.000
1629842100, +2.96, +26.557,  +1.45756, -144.000, +1072.000, -542.000
1629842160, +2.96, +26.565,  +1.41421, -148.000, +1043.000, -480.000
1629842220, +2.96, +26.574,  +1.45447, -148.000, +992.000, -432.000
