7530-428102
OS REV: 1.05 Sensor Cal: 1572940800
Time (sec),  Bat (Volts),   T (deg C),  PAR (umol/(s m^2))  Ax (g), Ay (g), Az (g)
1629842280, +2.96, +26.582,  +1.49162, -152.000, +1052.000, -496.000
1629842340, +2.96, +26.574,  +1.47924, -152.000, +1016.000, -445.000
1629842400, +2.96, +26.582,  +1.48233, -148.000, +990.000, -432.000
1629842460, +2.96, +26.565,  +1.46066, -146.000, +988.000, -423.000
1629842520, +2.96, +26.590,  +1.50711, -148.000, +1044.000, -484.000
1629842580, +2.96, +26.574,  +1.62478, -148.000, +988.000, -426.000
1629842640, +2.96, +26.557,  +1.64336, -152.000, +1014.000, -445.000
1629842700, +2.96, +26.557,  +1.67432, -144.000, +1056.000, -508.000
1629842760, +2.96, +26.565,  +1.60620, -148.000, +1052.000, -500.000
1629842820, +2.96, +26.541,  +1.65265, -152.000, +1022.000, -448.000
1629842880, +2.96, +26.549,  +1.67432, -152.000, +1048.000, -488.000
1629842940, +2.96, +26.541,  +1.63716, -152.000, +1032.000, -461.000
1629843000, +2.96, +26.532,  +1.76412, -144.000, +1072.000, -544.000
1629843060, +2.96, +26.507,  +1.71767, -152.000, +1016.000, -448.000
1629843120, +2.96, +26.532,  +1.68361, -144.000, +1080.000, -575.000
1629843180, +2.96, +26.491,  +1.75793, -148.000, +1056.000, -508.000
1629843240, +2.96, +26.507,  +1.68361, -154.000, +1052.000, -496.000
1629843300, +2.96, +26.516,  +1.74864, -152.000, +995.000, -432.000
1629843360, +2.96, +26.516,  +1.74864, -144.000, +1056.000, -500.000
1629843420, +2.96, +26.507,  +1.77961, -148.000, +992.000, -432.000
1629843480, +2.96, +26.507,  +1.76103, -146.000, +1056.000, -504.000
1629843540, +2.96, +26.491,  +1.75793, -152.000, +1016.000, -448.000
1629843600, +2.96, +26.474,  +1.83225, -144.000, +1064.000, -528.000
1629843660, +2.96, +26.474,  +1.87250, -152.000, +1024.000, -448.000
1629843720, +2.96, +26.449,  +1.83844, -152.000, +1027.000, -456.000
1629843780, +2.96, +26.458,  +1.83225, -152.000, +1048.000, -488.000
1629843840, +2.96, +26.441,  +1.85392, -144.000, +1065.000, -528.000
1629843900, +2.96, +26.425,  +1.97159, -148.000, +1054.000, -506.000
1629843960, +2.96, +26.433,  +1.91276, -140.000, +1088.000, -605.000
1629844020, +2.96, +26.416,  +1.89418, -148.000, +1075.000, -560.000
1629844080, +2.96, +26.416,  +1.92205, -141.000, +1088.000, -602.000
1629844140, +2.96, +26.408,  +1.96230, -128.000, +1094.000, -656.000
1629844200, +2.96, +26.400,  +2.05211, -153.000, +1027.000, -456.000
1629844260, +2.96, +26.367,  +1.97779, -152.000, +1016.000, -444.000
1629844320, +2.96, +26.367,  +2.00875, -144.000, +1057.000, -506.000
1629844380, +2.96, +26.358,  +1.88179, -138.000, +1089.000, -616.000
1629844440, +2.96, +26.358,  +1.87250, -148.000, +1049.000, -492.000
1629844500, +2.96, +26.358,  +1.82606, -148.000, +1056.000, -505.000
1629844560, +2.96, +26.333,  +1.80438, -144.000, +1075.000, -556.000
1629844620, +2.96, +26.325,  +1.74245, -128.000, +1094.000, -656.000
1629844680, +2.96, +26.309,  +2.05520, -128.000, +1095.000, -640.000
1629844740, +2.96, +26.317,  +2.06449, -128.000, +1087.000, -666.000
1629844800, +2.96, +26.309,  +2.04901, -144.000, +1078.000, -570.000
1629844860, +2.96, +26.300,  +2.05830, -141.000, +1086.000, -596.000
1629844920, +2.96, +26.292,  +2.16978, -136.000, +1095.000, -628.000
1629844980, +2.96, +26.267,  +2.07069, -141.000, +1080.000, -589.000
1629845040, +2.96, +26.267,  +2.19455, -136.000, +1094.000, -632.000
1629845100, +2.96, +26.259,  +2.20384, -128.000, +1086.000, -666.000
1629845160, +2.96, +26.251,  +2.23480, -145.000, +984.000, -420.000
1629845220, +2.96, +26.242,  +2.20694, -136.000, +1091.000, -624.000
1629845280, +2.96, +26.242,  +2.21932, -128.000, +1081.000, -666.000
1629845340, +2.96, +26.234,  +2.18526, -128.000, +1091.000, -656.000
1629845400, +2.96, +26.201,  +2.20384, -125.000, +1078.000, -666.000
1629845460, +2.96, +26.209,  +2.19455, -136.000, +1094.000, -628.000
1629845520, +2.96, +26.184,  +2.25338, -144.000, +1087.000, -592.000
1629845580, +2.96, +26.209,  +2.19765, -128.000, +1084.000, -666.000
1629845640, +2.96, +26.201,  +2.29054, -136.000, +1089.000, -608.000
1629845700, +2.96, +26.184,  +2.29983, -136.000, +1094.000, -616.000
1629845760, +2.96, +26.176,  +2.21622, -136.000, +1095.000, -640.000
1629845820, +2.96, +26.184,  +2.34628, -128.000, +1091.000, -648.000
1629845880, +2.96, +26.184,  +2.30293, -136.000, +1094.000, -640.000
1629845940, +2.96, +26.176,  +2.34318, -128.000, +1094.000, -656.000
1629846000, +2.96, +26.193,  +2.35867, -125.000, +1073.000, -664.000
1629846060, +2.96, +26.193,  +2.31532, -128.000, +1088.000, -664.000
1629846120, +2.96, +26.217,  +2.35247, -128.000, +1094.000, -656.000
1629846180, +2.96, +26.217,  +2.33389, -136.000, +1092.000, -640.000
1629846240, +2.96, +26.226,  +2.34009, -144.000, +1084.000, -576.000
1629846300, +2.96, +26.242,  +2.25648, -140.000, +1089.000, -608.000
1629846360, +2.96, +26.251,  +2.17907, -144.000, +1080.000, -572.000
1629846420, +2.96, +26.267,  +2.32770, -144.000, +1080.000, -570.000
1629846480, +2.96, +26.292,  +2.12333, -144.000, +1056.000, -506.000
1629846540, +2.96, +26.300,  +2.21622, -142.000, +1086.000, -592.000
1629846600, +2.96, +26.309,  +2.22242, -144.000, +1072.000, -552.000
1629846660, +2.96, +26.333,  +2.20384, -144.000, +1072.000, -544.000
1629846720, +2.96, +26.309,  +2.29364, -144.000, +1080.000, -576.000
1629846780, +2.96, +26.350,  +2.19145, -156.000, +1088.000, -604.000
1629846840, +2.96, +26.350,  +2.15120, -144.000, +1075.000, -567.000
1629846900, +2.96, +26.358,  +2.25648, -148.000, +1055.000, -500.000
1629846960, +2.96, +26.358,  +2.19455, -144.000, +1072.000, -548.000
1629847020, +2.96, +26.375,  +2.07688, -144.000, +1072.000, -548.000
1629847080, +2.96, +26.375,  +2.09855, -144.000, +1075.000, -557.000
1629847140, +2.96, +26.367,  +2.28745, -144.000, +1072.000, -544.000
1629847200, +2.96, +26.383,  +2.10475, -142.000, +1092.000, -612.000
1629847260, +2.96, +26.400,  +2.28435, -144.000, +1080.000, -572.000
1629847320, +2.96, +26.375,  +2.20384, -144.000, +1073.000, -556.000
1629847380, +2.96, +26.375,  +2.21313, -148.000, +1052.000, -492.000
1629847440, +2.96, +26.391,  +2.27196, -144.000, +1068.000, -541.000
1629847500, +2.96, +26.383,  +2.26267, -141.000, +1088.000, -612.000
1629847560, +2.96, +26.375,  +2.22242, -136.000, +1095.000, -640.000
1629847620, +2.96, +26.391,  +2.28125, -144.000, +1065.000, -532.000
1629847680, +2.96, +26.400,  +2.26887, -144.000, +1076.000, -562.000
1629847740, +2.96, +26.383,  +2.29983, -144.000, +1072.000, -548.000
1629847800, +2.96, +26.383,  +2.33389, -144.000, +1068.000, -536.000
1629847860, +2.96, +26.391,  +2.29364, -140.000, +1091.000, -612.000
1629847920, +2.96, +26.400,  +2.28125, -144.000, +1075.000, -557.000
1629847980, +2.96, +26.375,  +2.13262, -136.000, +1094.000, -624.000
1629848040, +2.96, +26.391,  +2.26577, -144.000, +1072.000, -544.000
1629848100, +2.96, +26.375,  +2.15120, -141.000, +1075.000, -568.000
1629848160, +2.96, +26.375,  +2.18216, -144.000, +1075.000, -552.000
1629848220, +2.96, +26.383,  +2.10784, -128.000, +1079.000, -666.000
1629848280, +2.96, +26.383,  +2.21003, -144.000, +1084.000, -584.000
1629848340, +2.96, +26.358,  +2.27816, -128.000, +1089.000, -666.000
1629848400, +2.96, +26.367,  +2.33080, -144.000, +1075.000, -556.000
1629848460, +2.96, +26.367,  +2.25338, -144.000, +1084.000, -589.000
1629848520, +2.96, +26.350,  +2.52588, -144.000, +1080.000, -568.000
1629848580, +2.96, +26.358,  +2.39583, -144.000, +1080.000, -568.000
1629848640, +2.96, +26.367,  +2.44537, -144.000, +1080.000, -572.000
1629848700, +2.96, +26.383,  +2.56924, -148.000, +1032.000, -460.000
1629848760, +2.96, +26.383,  +2.40512, -138.000, +1088.000, -608.000
1629848820, +2.96, +26.391,  +2.40821, -144.000, +1081.000, -572.000
1629848880, +2.96, +26.408,  +2.38963, -144.000, +1064.000, -528.000
1629848940, +2.96, +26.433,  +2.39273, -144.000, +1078.000, -560.000
1629849000, +2.96, +26.441,  +2.42060, -154.000, +1080.000, -560.000
1629849060, +2.96, +26.433,  +2.43918, -144.000, +1068.000, -538.000
1629849120, +2.96, +26.449,  +2.44537, -152.000, +1054.000, -498.000
1629849180, +2.96, +26.474,  +2.55995, -152.000, +1009.000, -440.000
1629849240, +2.96, +26.491,  +2.52279, -148.000, +1054.000, -496.000
1629849300, +2.96, +26.499,  +2.46085, -148.000, +1043.000, -480.000
1629849360, +2.96, +26.507,  +2.46085, -144.000, +1078.000, -568.000
1629849420, +2.96, +26.516,  +2.45776, -144.000, +1065.000, -528.000
1629849480, +2.96, +26.541,  +2.42989, -148.000, +1052.000, -496.000
1629849540, +2.96, +26.549,  +2.39273, -152.000, +1032.000, -464.000
1629849600, +2.96, +26.549,  +2.50421, -144.000, +1072.000, -541.000
1629849660, +2.96, +26.549,  +2.49492, -144.000, +1075.000, -552.000
1629849720, +2.96, +26.557,  +2.53827, -152.000, +1011.000, -436.000
1629849780, +2.96, +26.557,  +2.58781, -148.000, +1011.000, -440.000
1629849840, +2.96, +26.557,  +2.59401, -152.000, +1014.000, -440.000
1629849900, +2.96, +26.549,  +2.62188, -144.000, +1075.000, -552.000
1629849960, +2.96, +26.557,  +2.46705, -148.000, +1048.000, -496.000
1629850020, +2.96, +26.557,  +2.45776, -153.000, +992.000, -424.000
1629850080, +2.96, +26.549,  +2.60020, -148.000, +1070.000, -537.000
1629850140, +2.96, +26.549,  +2.49182, -148.000, +992.000, -426.000
1629850200, +2.96, +26.549,  +2.55375, -148.000, +1068.000, -528.000
1629850260, +2.96, +26.557,  +2.52588, -148.000, +1046.000, -480.000
1629850320, +2.96, +26.532,  +2.49492, -148.000, +1055.000, -500.000
1629850380, +2.96, +26.541,  +2.55995, -148.000, +1054.000, -496.000
1629850440, +2.96, +26.532,  +2.56304, -148.000, +1055.000, -496.000
1629850500, +2.96, +26.532,  +2.46395, -144.000, +1075.000, -568.000
1629850560, +2.96, +26.516,  +2.46705, -148.000, +1063.000, -525.000
1629850620, +2.96, +26.524,  +2.45157, -152.000, +995.000, -432.000
1629850680, +2.96, +26.499,  +2.48563, -152.000, +1048.000, -488.000
1629850740, +2.96, +26.516,  +2.46395, -148.000, +1033.000, -464.000
1629850800, +2.96, +26.507,  +2.38034, -152.000, +1016.000, -442.000
1629850860, +2.96, +26.499,  +2.42679, -148.000, +1055.000, -504.000
1629850920, +2.96, +26.491,  +2.35557, -144.000, +1076.000, -564.000
1629850980, +2.96, +26.466,  +2.41750, -144.000, +1075.000, -556.000
1629851040, +2.96, +26.474,  +2.26267, -148.000, +1043.000, -477.000
1629851100, +2.96, +26.466,  +2.37105, -144.000, +1072.000, -548.000
1629851160, +2.96, +26.466,  +2.39273, -148.000, +1068.000, -536.000
1629851220, +2.96, +26.433,  +2.36486, -144.000, +1056.000, -512.000
1629851280, +2.96, +26.433,  +2.32770, -146.000, +1052.000, -496.000
1629851340, +2.96, +26.433,  +2.38963, -144.000, +1068.000, -536.000
1629851400, +2.96, +26.416,  +2.35247, -148.000, +1056.000, -504.000
1629851460, +2.96, +26.408,  +2.31222, -144.000, +1056.000, -504.000
1629851520, +2.96, +26.400,  +2.21003, -144.000, +1078.000, -568.000
1629851580, +2.96, +26.400,  +2.32151, -152.000, +1008.000, -434.000
1629851640, +2.96, +26.416,  +2.30293, -144.000, +1075.000, -557.000
1629851700, +2.96, +26.391,  +2.30603, -153.000, +1024.000, -448.000
1629851760, +2.96, +26.400,  +2.29983, -152.000, +1027.000, -456.000
1629851820, +2.96, +26.408,  +2.26887, -148.000, +988.000, -416.000
1629851880, +2.96, +26.416,  +2.18216, -148.000, +993.000, -432.000
1629851940, +2.96, +26.416,  +2.18526, -144.000, +1056.000, -504.000
1629852000, +2.96, +26.391,  +2.18836, -148.000, +1059.000, -512.000
1629852060, +2.96, +26.433,  +2.15429, -144.000, +1078.000, -570.000
1629852120, +2.96, +26.433,  +2.22861, -140.000, +1088.000, -608.000
1629852180, +2.96, +26.425,  +2.24409, -144.000, +1070.000, -541.000
1629852240, +2.96, +26.425,  +2.23480, -148.000, +1041.000, -476.000
1629852300, +2.96, +26.416,  +2.17287, -144.000, +1073.000, -552.000
1629852360, +2.96, +26.433,  +2.21003, -144.000, +1072.000, -538.000
1629852420, +2.96, +26.433,  +2.20694, -148.000, +1040.000, -474.000
1629852480, +2.96, +26.425,  +2.17907, -148.000, +1056.000, -508.000
1629852540, +2.96, +26.400,  +2.20074, -144.000, +1075.000, -552.000
1629852600, +2.96, +26.408,  +2.20074, -144.000, +1072.000, -544.000
1629852660, +2.96, +26.383,  +2.10784, -144.000, +1072.000, -544.000
1629852720, +2.96, +26.383,  +2.16978, -144.000, +1068.000, -532.000
1629852780, +2.96, +26.383,  +2.05211, -151.000, +1054.000, -490.000
1629852840, +2.96, +26.375,  +2.13571, -144.000, +1068.000, -536.000
1629852900, +2.96, +26.358,  +2.01185, -144.000, +1073.000, -552.000
1629852960, +2.96, +26.358,  +1.97159, -144.000, +1075.000, -552.000
1629853020, +2.96, +26.367,  +1.99946, -138.000, +1089.000, -610.000
1629853080, +2.96, +26.325,  +2.04901, -144.000, +1075.000, -560.000
1629853140, +2.96, +26.309,  +2.04282, -136.000, +1087.000, -600.000
1629853200, +2.96, +26.309,  +2.04282, -136.000, +1089.000, -616.000
1629853260, +2.96, +26.300,  +1.94373, -144.000, +1080.000, -570.000
1629853320, +2.96, +26.300,  +1.86012, -127.000, +1080.000, -664.000
1629853380, +2.96, +26.292,  +2.03972, -140.000, +1089.000, -608.000
1629853440, +2.96, +26.259,  +2.01804, -144.000, +1072.000, -544.000
1629853500, +2.96, +26.259,  +1.96540, -128.000, +1087.000, -664.000
1629853560, +2.96, +26.267,  +1.61549, -136.000, +1095.000, -638.000
1629853620, +2.96, +26.226,  +2.07688, -128.000, +1088.000, -668.000
1629853680, +2.96, +26.226,  +2.01804, -128.000, +1087.000, -668.000
1629853740, +2.96, +26.217,  +1.94682, -128.000, +1091.000, -664.000
1629853800, +2.96, +26.176,  +1.91895, -141.000, +1087.000, -600.000
1629853860, +2.96, +26.193,  +1.86631, -128.000, +1088.000, -668.000
1629853920, +2.96, +26.184,  +1.84154, -128.000, +1095.000, -656.000
1629853980, +2.96, +26.168,  +1.81986, -144.000, +1079.000, -568.000
1629854040, +2.96, +26.176,  +1.79199, -128.000, +1086.000, -666.000
1629854100, +2.96, +26.184,  +1.88489, -128.000, +1051.000, -620.000
1629854160, +2.96, +26.184,  +1.76722, -128.000, +1075.000, -664.000
1629854220, +2.96, +26.184,  +1.80128, -128.000, +1088.000, -664.000
1629854280, +2.96, +26.193,  +1.82606, -126.000, +1084.000, -666.000
1629854340, +2.96, +26.184,  +1.80748, -128.000, +1088.000, -666.000
1629854400, +2.96, +26.176,  +1.71767, -141.000, +1087.000, -592.000
1629854460, +2.96, +26.176,  +1.73625, -128.000, +1079.000, -664.000
1629854520, +2.96, +26.159,  +1.76103, -128.000, +1089.000, -664.000
1629854580, +2.96, +26.151,  +1.72696, -128.000, +1095.000, -656.000
1629854640, +2.96, +26.151,  +1.71767, -128.000, +1095.000, -640.000
1629854700, +2.96, +26.159,  +1.67742, -144.000, +1088.000, -592.000
1629854760, +2.96, +26.126,  +1.71767, -125.000, +1084.000, -664.000
1629854820, +2.96, +26.143,  +1.70529, -145.000, +988.000, -418.000
1629854880, +2.96, +26.118,  +1.54736, -128.000, +1096.000, -653.000
1629854940, +2.96, +26.110,  +1.62168, -128.000, +1095.000, -656.000
1629855000, +2.96, +26.093,  +1.60620, -128.000, +1084.000, -668.000
1629855060, +2.96, +26.085,  +1.60620, -140.000, +1084.000, -592.000
1629855120, +2.96, +26.077,  +1.51330, -128.000, +1084.000, -664.000
1629855180, +2.96, +26.077,  +1.51949, -128.000, +1089.000, -664.000
1629855240, +2.96, +26.052,  +1.49782, -126.000, +1080.000, -666.000
1629855300, +2.96, +26.060,  +1.46066, -128.000, +1078.000, -664.000
1629855360, +2.96, +26.027,  +1.32131, -128.000, +1083.000, -666.000
1629855420, +2.96, +26.027,  +1.27486, -128.000, +1095.000, -656.000
1629855480, +2.96, +26.027,  +1.29964, -141.000, +1088.000, -600.000
1629855540, +2.96, +26.018,  +1.27796, -136.000, +1096.000, -640.000
1629855600, +2.96, +26.018,  +1.25319, -146.000, +987.000, -418.000
1629855660, +2.96, +26.002,  +1.20364, -125.000, +1080.000, -664.000
1629855720, +2.96, +26.010,  +1.11384, -128.000, +1084.000, -664.000
1629855780, +2.96, +26.027,  +1.05501, -128.000, +1073.000, -664.000
1629855840, +2.96, +26.010,  +1.03023, -140.000, +1094.000, -616.000
1629855900, +2.96, +26.018,  +0.94353, -128.000, +1084.000, -666.000
1629855960, +2.96, +26.010,  +1.00856, -128.000, +1073.000, -664.000
1629856020, +2.96, +26.027,  +0.83205, -146.000, +988.000, -418.000
1629856080, +2.96, +26.027,  +0.83205, -136.000, +1091.000, -624.000
1629856140, +2.96, +26.027,  +0.73606, -146.000, +988.000, -416.000
1629856200, +2.96, +26.010,  +0.74844, -128.000, +1080.000, -666.000
1629856260, +2.96, +26.010,  +0.69890, -128.000, +1095.000, -640.000
1629856320, +2.96, +25.994,  +0.58742, -148.000, +985.000, -420.000
1629856380, +2.96, +25.994,  +0.64626, -146.000, +985.000, -424.000
1629856440, +2.96, +25.969,  +0.55646, -128.000, +1064.000, -642.000
1629856500, +2.96, +25.969,  +0.54717, -128.000, +1048.000, -593.000
1629856560, +2.96, +25.944,  +0.53168, -136.000, +1095.000, -634.000
1629856620, +2.96, +25.927,  +0.50381, -124.000, +1057.000, -656.000
1629856680, +2.96, +25.902,  +0.55336, -128.000, +1080.000, -664.000
1629856740, +2.96, +25.902,  +0.55955, -128.000, +1054.000, -609.000
1629856800, +2.96, +25.902,  +0.44188, -128.000, +1052.000, -609.000
1629856860, +2.96, +25.886,  +0.47285, -152.000, +990.000, -424.000
1629856920, +2.96, +25.861,  +0.49143, -148.000, +1032.000, -461.000
1629856980, +2.96, +25.819,  +0.37376, -128.000, +1091.000, -664.000
1629857040, +2.96, +25.844,  +0.27157, -146.000, +984.000, -420.000
1629857100, +2.96, +25.828,  +0.30254, -148.000, +988.000, -420.000
1629857160, +2.96, +25.828,  +0.26228, -124.000, +1056.000, -637.000
1629857220, +2.96, +25.828,  +0.26228, -148.000, +984.000, -424.000
1629857280, +2.96, +25.828,  +0.31802, -146.000, +985.000, -424.000
1629857340, +2.96, +25.819,  +0.13842, -145.000, +988.000, -424.000
1629857400, +2.96, +25.836,  +0.24989, -128.000, +1072.000, -664.000
1629857460, +2.96, +25.819,  +0.24680, -146.000, +987.000, -416.000
1629857520, +2.96, +25.844,  +0.12603, -146.000, +988.000, -420.000
1629857580, +2.96, +25.836,  +0.09816, -145.000, +984.000, -420.000
1629857640, +2.96, +25.844,  +0.13222, -148.000, +984.000, -416.000
1629857700, +2.96, +25.819,  +0.11364, -146.000, +984.000, -416.000
1629857760, +2.96, +25.836,  +0.08578, -128.000, +1087.000, -668.000
1629857820, +2.96, +25.828,  +0.01765, -148.000, +984.000, -420.000
1629857880, +2.96, +25.836,  +0.04242, -128.000, +1039.000, -609.000
1629857940, +2.96, +25.836,  +0.08268, -152.000, +992.000, -429.000
1629858000, +2.96, +25.828,  +0.09197, -146.000, +988.000, -417.000
1629858060, +2.96, +25.819,  +0.04242, -146.000, +991.000, -424.000
1629858120, +2.96, +25.786,  +0.04862, -152.000, +996.000, -429.000
1629858180, +2.96, +25.786,  +0.06410, -146.000, +990.000, -424.000
1629858240, +2.96, +25.786,  +0.09507, -148.000, +988.000, -420.000
1629858300, +2.96, +25.761,  +0.05171, -148.000, +988.000, -424.000
1629858360, +2.96, +25.753,  -0.00093, -146.000, +988.000, -424.000
1629858420, +2.96, +25.736,  +0.10126, -154.000, +1004.000, -432.000
1629858480, +2.96, +25.728,  +0.01455, -152.000, +1008.000, -434.000
1629858540, +2.96, +25.720,  +0.00217, -148.000, +1004.000, -436.000
1629858600, +2.96, +25.703,  +0.07649, -145.000, +984.000, -420.000
1629858660, +2.96, +25.695,  +0.04242, -148.000, +991.000, -424.000
1629858720, +2.96, +25.703,  +0.01455, -151.000, +1024.000, -448.000
1629858780, +2.96, +25.686,  +0.01146, -144.000, +985.000, -424.000
1629858840, +2.96, +25.695,  +0.01455, -152.000, +1040.000, -472.000
1629858900, +2.96, +25.703,  +0.05791, -128.000, +1063.000, -647.000
1629858960, +2.96, +25.695,  +0.06100, -153.000, +1024.000, -448.000
1629859020, +2.96, +25.711,  +0.10126, -145.000, +988.000, -424.000
1629859080, +2.96, +25.728,  -0.03499, -148.000, +988.000, -424.000
1629859140, +2.96, +25.720,  +0.10745, -148.000, +993.000, -429.000
1629859200, +2.96, +25.720,  -0.00093, -145.000, +985.000, -420.000
1629859260, +2.96, +25.720,  +0.07029, -148.000, +992.000, -432.000
1629859320, +2.96, +25.753,  +0.02694, -148.000, +988.000, -424.000
1629859380, +2.96, +25.753,  +0.08887, -148.000, +988.000, -424.000
1629859440, +2.96, +25.769,  +0.00526, -125.000, +1035.000, -593.000
1629859500, +2.96, +25.778,  -0.01641, -152.000, +992.000, -429.000
1629859560, +2.96, +25.778,  +0.02075, -145.000, +985.000, -420.000
1629859620, +2.96, +25.778,  +0.06100, -128.000, +1095.000, -640.000
1629859680, +2.96, +25.778,  +0.11984, -148.000, +995.000, -432.000
1629859740, +2.96, +25.786,  +0.02694, -151.000, +988.000, -424.000
1629859800, +2.96, +25.778,  +0.04862, -146.000, +988.000, -420.000
1629859860, +2.96, +25.769,  +0.06100, -125.000, +1075.000, -664.000
1629859920, +2.96, +25.769,  -0.00093, -144.000, +985.000, -424.000
1629859980, +2.96, +25.769,  +0.01455, -148.000, +988.000, -426.000
1629860040, +2.96, +25.753,  +0.04552, -151.000, +992.000, -424.000
1629860100, +2.96, +25.753,  +0.04552, -146.000, +984.000, -420.000
1629860160, +2.96, +25.745,  +0.02075, -146.000, +985.000, -423.000
1629860220, +2.96, +25.745,  +0.00217, -146.000, +992.000, -426.000
1629860280, +2.96, +25.720,  +0.09816, -148.000, +988.000, -426.000
1629860340, +2.96, +25.695,  -0.05976, -152.000, +992.000, -426.000
1629860400, +2.96, +25.728,  +0.03933, -152.000, +999.000, -432.000
1629860460, +2.96, +25.720,  +0.12293, -153.000, +999.000, -432.000
1629860520, +2.96, +25.720,  +0.05481, -148.000, +1049.000, -493.000
1629860580, +2.96, +25.720,  +0.03313, -151.000, +988.000, -428.000
1629860640, +2.96, +25.728,  +0.04862, -152.000, +999.000, -432.000
1629860700, +2.96, +25.711,  -0.02570, -152.000, +1048.000, -482.000
1629860760, +2.96, +25.728,  -0.00712, -148.000, +984.000, -424.000
1629860820, +2.96, +25.720,  +0.01455, -148.000, +985.000, -424.000
1629860880, +2.96, +25.720,  +0.08268, -146.000, +985.000, -420.000
1629860940, +2.96, +25.728,  +0.04862, -144.000, +985.000, -418.000
1629861000, +2.96, +25.753,  +0.05171, -148.000, +1031.000, -456.000
1629861060, +2.96, +25.769,  +0.05171, -128.000, +1055.000, -627.000
1629861120, +2.96, +25.778,  -0.01332, -144.000, +988.000, -420.000
1629861180, +2.96, +25.778,  +0.12913, -146.000, +988.000, -424.000
1629861240, +2.96, +25.786,  +0.04242, -128.000, +1056.000, -639.000
1629861300, +2.96, +25.794,  -0.03189, -152.000, +988.000, -420.000
1629861360, +2.96, +25.828,  +0.02694, -146.000, +987.000, -421.000
1629861420, +2.96, +25.819,  +0.02694, -146.000, +985.000, -420.000
1629861480, +2.96, +25.844,  -0.03189, -146.000, +985.000, -424.000
1629861540, +2.96, +25.852,  +0.04552, -126.000, +1063.000, -644.000
1629861600, +2.96, +25.869,  +0.01455, -128.000, +1081.000, -666.000
1629861660, +2.96, +25.877,  -0.01951, -128.000, +1092.000, -656.000
1629861720, +2.96, +25.902,  +0.08268, -145.000, +985.000, -416.000
1629861780, +2.96, +25.911,  +0.06720, -128.000, +1064.000, -648.000
1629861840, +2.96, +25.902,  +0.01765, -128.000, +1094.000, -652.000
1629861900, +2.96, +25.927,  -0.01332, -128.000, +1092.000, -664.000
1629861960, +2.96, +25.927,  +0.01765, -124.000, +1059.000, -646.000
1629862020, +2.96, +25.935,  +0.05171, -148.000, +988.000, -424.000
1629862080, +2.96, +25.944,  -0.00093, -128.000, +1070.000, -660.000
1629862140, +2.96, +25.944,  +0.02694, -146.000, +984.000, -420.000
1629862200, +2.96, +25.977,  +0.02075, -125.000, +1035.000, -593.000
1629862260, +2.96, +25.969,  +0.04242, -128.000, +1091.000, -660.000
1629862320, +2.96, +25.985,  +0.10126, -146.000, +988.000, -420.000
1629862380, +2.96, +25.977,  +0.08887, -136.000, +1094.000, -632.000
1629862440, +2.96, +25.985,  +0.10435, -128.000, +1055.000, -639.000
1629862500, +2.96, +25.960,  +0.04552, -128.000, +1080.000, -664.000
1629862560, +2.96, +25.944,  -0.04428, -128.000, +1091.000, -666.000
1629862620, +2.96, +25.952,  +0.05481, -128.000, +1072.000, -656.000
1629862680, +2.96, +25.935,  +0.11984, -136.000, +1095.000, -636.000
1629862740, +2.96, +25.911,  +0.04552, -148.000, +984.000, -416.000
1629862800, +2.96, +25.927,  +0.03313, -125.000, +1072.000, -660.000
1629862860, +2.96, +25.886,  +0.10126, -144.000, +985.000, -420.000
1629862920, +2.96, +25.919,  +0.07958, -128.000, +1040.000, -601.000
1629862980, +2.96, +25.927,  +0.06410, -136.000, +1095.000, -634.000
1629863040, +2.96, +25.911,  -0.02880, -128.000, +1056.000, -640.000
1629863100, +2.96, +25.911,  +0.07958, -128.000, +1040.000, -601.000
1629863160, +2.96, +25.935,  -0.01641, -128.000, +1048.000, -617.000
1629863220, +2.96, +25.927,  +0.11674, -145.000, +985.000, -423.000
1629863280, +2.96, +25.927,  +0.07649, -128.000, +1084.000, -668.000
1629863340, +2.96, +25.935,  +0.10435, -144.000, +1086.000, -584.000
1629863400, +2.96, +25.952,  +0.05481, -128.000, +1072.000, -664.000
1629863460, +2.96, +25.927,  -0.02570, -128.000, +1094.000, -664.000
1629863520, +2.96, +25.960,  +0.02075, -128.000, +1073.000, -660.000
1629863580, +2.96, +25.985,  +0.01455, -146.000, +987.000, -420.000
1629863640, +2.96, +25.977,  +0.03004, -128.000, +1095.000, -656.000
1629863700, +2.96, +25.994,  -0.02261, -136.000, +1088.000, -608.000
1629863760, +2.96, +25.994,  +0.07339, -138.000, +1084.000, -596.000
1629863820, +2.96, +26.010,  +0.01765, -128.000, +1068.000, -656.000
1629863880, +2.96, +26.018,  -0.05047, -145.000, +984.000, -418.000
1629863940, +2.96, +26.043,  +0.02384, -128.000, +1076.000, -664.000
1629864000, +2.96, +26.060,  +0.06100, -136.000, +1095.000, -640.000
1629864060, +2.96, +26.052,  +0.02694, -128.000, +1091.000, -654.000
1629864120, +2.96, +26.077,  -0.03499, -144.000, +1080.000, -572.000
1629864180, +2.96, +26.085,  -0.01332, -136.000, +1094.000, -634.000
1629864240, +2.96, +26.085,  -0.12170, -136.000, +1089.000, -616.000
1629864300, +2.96, +26.101,  -0.05976, -144.000, +1080.000, -573.000
1629864360, +2.96, +26.101,  -0.02570, -138.000, +1086.000, -596.000
1629864420, +2.96, +26.118,  -0.01641, -144.000, +1080.000, -570.000
1629864480, +2.96, +26.135,  +0.07029, -144.000, +1080.000, -572.000
1629864540, +2.96, +26.143,  +0.03004, -144.000, +1080.000, -576.000
1629864600, +2.96, +26.151,  +0.06720, -128.000, +1091.000, -648.000
1629864660, +2.96, +26.159,  -0.01641, -144.000, +987.000, -417.000
1629864720, +2.96, +26.176,  -0.05047, -128.000, +1095.000, -640.000
1629864780, +2.96, +26.193,  -0.05357, -144.000, +1083.000, -576.000
1629864840, +2.96, +26.201,  -0.00093, -142.000, +1080.000, -576.000
1629864900, +2.96, +26.184,  -0.03809, -140.000, +1088.000, -596.000
1629864960, +2.96, +26.217,  -0.04428, -141.000, +1087.000, -608.000
1629865020, +2.96, +26.242,  +0.00836, -128.000, +1095.000, -656.000
1629865080, +2.96, +26.226,  -0.04118, -128.000, +1091.000, -660.000
1629865140, +2.96, +26.267,  +0.01146, -136.000, +1094.000, -624.000
1629865200, +2.96, +26.267,  -0.03189, -144.000, +1078.000, -564.000
1629865260, +2.96, +26.275,  -0.07525, -144.000, +1081.000, -576.000
1629865320, +2.96, +26.300,  +0.00217, -144.000, +1080.000, -569.000
1629865380, +2.96, +26.284,  +0.07958, -144.000, +1059.000, -512.000
1629865440, +2.96, +26.309,  -0.01332, -148.000, +1055.000, -498.000
1629865500, +2.96, +26.317,  -0.02261, -144.000, +1072.000, -552.000
1629865560, +2.96, +26.333,  -0.03499, -136.000, +1088.000, -605.000
1629865620, +2.96, +26.325,  +0.00217, -152.000, +1011.000, -440.000
1629865680, +2.96, +26.333,  +0.00526, -148.000, +1044.000, -476.000
1629865740, +2.96, +26.358,  -0.00093, -144.000, +1072.000, -548.000
1629865800, +2.96, +26.367,  -0.01641, -148.000, +1062.000, -512.000
1629865860, +2.96, +26.367,  -0.02880, -144.000, +1072.000, -544.000
1629865920, +2.96, +26.358,  +0.00836, -152.000, +1020.000, -445.000
1629865980, +2.96, +26.391,  -0.10312, -144.000, +1072.000, -544.000
1629866040, +2.96, +26.408,  -0.11860, -144.000, +1075.000, -560.000
1629866100, +2.96, +26.400,  +0.02384, -144.000, +1070.000, -542.000
1629866160, +2.96, +26.416,  -0.09073, -144.000, +1063.000, -528.000
1629866220, +2.96, +26.416,  -0.05357, -144.000, +1063.000, -524.000
1629866280, +2.96, +26.383,  +0.00217, -144.000, +1076.000, -560.000
1629866340, +2.96, +26.425,  +0.00217, -144.000, +1068.000, -532.000
1629866400, +2.96, +26.458,  +0.02384, -144.000, +1073.000, -552.000
1629866460, +2.96, +26.449,  -0.03809, -144.000, +1080.000, -570.000
1629866520, +2.96, +26.458,  -0.04738, -148.000, +1059.000, -508.000
1629866580, +2.96, +26.491,  -0.02570, -145.000, +984.000, -416.000
1629866640, +2.96, +26.483,  +0.00836, -144.000, +1071.000, -542.000
1629866700, +2.96, +26.483,  +0.04862, -152.000, +1039.000, -468.000
1629866760, +2.96, +26.516,  -0.06596, -144.000, +1079.000, -568.000
1629866820, +2.96, +26.491,  +0.02694, -144.000, +1080.000, -576.000
1629866880, +2.96, +26.516,  +0.00836, -152.000, +1008.000, -436.000
1629866940, +2.96, +26.507,  -0.05047, -152.000, +1006.000, -436.000
1629867000, +2.96, +26.532,  -0.11550, -148.000, +1033.000, -461.000
1629867060, +2.96, +26.532,  -0.15885, -148.000, +1054.000, -500.000
1629867120, +2.96, +26.549,  +0.00217, -148.000, +1030.000, -456.000
1629867180, +2.96, +26.549,  -0.05667, -152.000, +1009.000, -436.000
1629867240, +2.96, +26.541,  -0.01022, -152.000, +1011.000, -440.000
1629867300, +2.96, +26.541,  +0.03313, -152.000, +998.000, -432.000
1629867360, +2.96, +26.565,  +0.03313, -152.000, +1008.000, -440.000
1629867420, +2.96, +26.574,  -0.06286, -144.000, +1059.000, -506.000
1629867480, +2.96, +26.565,  +0.05481, -152.000, +998.000, -432.000
1629867540, +2.96, +26.574,  -0.05357, -148.000, +1024.000, -448.000
1629867600, +2.96, +26.574,  -0.10002, -146.000, +988.000, -424.000
1629867660, +2.96, +26.590,  -0.01951, -146.000, +988.000, -430.000
1629867720, +2.96, +26.598,  -0.07525, -152.000, +1025.000, -452.000
1629867780, +2.96, +26.582,  +0.02384, -144.000, +1049.000, -493.000
1629867840, +2.96, +26.590,  -0.05357, -148.000, +992.000, -428.000
1629867900, +2.96, +26.574,  -0.02880, -148.000, +1056.000, -498.000
1629867960, +2.96, +26.598,  -0.15266, -152.000, +1027.000, -456.000
1629868020, +2.96, +26.615,  -0.08454, -148.000, +1059.000, -512.000
1629868080, +2.96, +26.607,  +0.00836, -144.000, +1073.000, -552.000
1629868140, +2.96, +26.615,  -0.01022, -152.000, +1040.000, -472.000
1629868200, +2.96, +26.590,  -0.00093, -148.000, +990.000, -426.000
1629868260, +2.96, +26.632,  -0.01332, -152.000, +1008.000, -436.000
1629868320, +2.96, +26.623,  +0.03004, -152.000, +1024.000, -452.000
1629868380, +2.96, +26.607,  +0.01146, -152.000, +1011.000, -442.000
1629868440, +2.96, +26.648,  +0.03623, -152.000, +1006.000, -434.000
1629868500, +2.96, +26.640,  -0.06596, -152.000, +1008.000, -436.000
1629868560, +2.96, +26.648,  -0.09692, -148.000, +1024.000, -448.000
1629868620, +2.96, +26.640,  -0.05976, -152.000, +1008.000, -440.000
1629868680, +2.96, +26.648,  -0.06286, -152.000, +1008.000, -440.000
1629868740, +2.96, +26.648,  -0.06905, -148.000, +1032.000, -464.000
1629868800, +2.96, +26.656,  -0.03189, -148.000, +987.000, -428.000
1629868860, +2.96, +26.648,  -0.01951, -146.000, +988.000, -424.000
1629868920, +2.96, +26.656,  +0.00526, -148.000, +1016.000, -442.000
1629868980, +2.96, +26.665,  -0.02261, -148.000, +995.000, -432.000
1629869040, +2.96, +26.665,  -0.06905, -148.000, +992.000, -429.000
1629869100, +2.96, +26.656,  +0.07958, -148.000, +1036.000, -464.000
1629869160, +2.96, +26.681,  -0.03809, -148.000, +990.000, -426.000
1629869220, +2.96, +26.681,  +0.05171, -144.000, +1062.000, -512.000
1629869280, +2.96, +26.665,  -0.00712, -152.000, +1004.000, -436.000
1629869340, +2.96, +26.689,  +0.02075, -146.000, +984.000, -424.000
1629869400, +2.96, +26.689,  -0.02570, -152.000, +999.000, -432.000
1629869460, +2.96, +26.689,  -0.00712, -146.000, +984.000, -424.000
1629869520, +2.96, +26.689,  +0.00217, -146.000, +984.000, -424.000
1629869580, +2.96, +26.681,  -0.00712, -144.000, +984.000, -424.000
1629869640, +2.96, +26.698,  -0.07834, -148.000, +988.000, -429.000
1629869700, +2.96, +26.706,  -0.05976, -151.000, +1020.000, -448.000
1629869760, +2.96, +26.706,  +0.02384, -148.000, +1032.000, -464.000
1629869820, +2.96, +26.723,  -0.07215, -148.000, +995.000, -432.000
1629869880, +2.96, +26.714,  -0.04738, -152.000, +1020.000, -448.000
1629869940, +2.96, +26.706,  -0.03809, -148.000, +988.000, -428.000
1629870000, +2.96, +26.731,  -0.03809, -146.000, +984.000, -420.000
1629870060, +2.96, +26.714,  -0.03499, -148.000, +1039.000, -468.000
1629870120, +2.96, +26.714,  -0.06596, -145.000, +984.000, -420.000
1629870180, +2.96, +26.706,  -0.09383, -148.000, +988.000, -429.000
1629870240, +2.96, +26.723,  -0.02570, -152.000, +1011.000, -440.000
1629870300, +2.96, +26.731,  +0.01455, -146.000, +984.000, -418.000
1629870360, +2.96, +26.731,  +0.01765, -126.000, +1052.000, -625.000
1629870420, +2.96, +26.731,  -0.01641, -148.000, +984.000, -424.000
1629870480, +2.96, +26.739,  -0.05047, -152.000, +988.000, -424.000
1629870540, +2.96, +26.739,  -0.08763, -144.000, +984.000, -418.000
1629870600, +2.96, +26.747,  -0.03189, -152.000, +1031.000, -456.000
1629870660, +2.96, +26.731,  -0.04118, -152.000, +1011.000, -440.000
1629870720, +2.96, +26.731,  -0.04738, -148.000, +995.000, -432.000
1629870780, +2.96, +26.739,  -0.01641, -148.000, +993.000, -432.000
1629870840, +2.96, +26.739,  -0.06596, -126.000, +1056.000, -640.000
1629870900, +2.96, +26.739,  -0.08454, -152.000, +1016.000, -445.000
1629870960, +2.96, +26.756,  -0.03189, -148.000, +990.000, -430.000
1629871020, +2.96, +26.731,  +0.03004, -148.000, +990.000, -429.000
1629871080, +2.96, +26.747,  -0.01951, -154.000, +999.000, -432.000
1629871140, +2.96, +26.747,  -0.00093, -145.000, +988.000, -424.000
1629871200, +2.96, +26.739,  -0.02261, -148.000, +990.000, -429.000
1629871260, +2.96, +26.747,  -0.02570, -145.000, +985.000, -424.000
1629871320, +2.96, +26.739,  -0.10931, -148.000, +985.000, -420.000
1629871380, +2.96, +26.739,  +0.05171, -127.000, +1036.000, -601.000
1629871440, +2.96, +26.714,  +0.00836, -145.000, +985.000, -421.000
1629871500, +2.96, +26.739,  -0.03189, -146.000, +984.000, -423.000
1629871560, +2.96, +26.731,  -0.05667, -145.000, +984.000, -420.000
1629871620, +2.96, +26.739,  -0.05047, -148.000, +987.000, -426.000
1629871680, +2.96, +26.747,  -0.08144, -145.000, +984.000, -423.000
1629871740, +2.96, +26.739,  -0.00403, -148.000, +984.000, -424.000
1629871800, +2.96, +26.739,  +0.01455, -148.000, +991.000, -428.000
1629871860, +2.96, +26.739,  -0.01641, -148.000, +988.000, -428.000
1629871920, +2.96, +26.706,  +0.04862, -148.000, +990.000, -426.000
1629871980, +2.96, +26.731,  +0.01146, -148.000, +988.000, -424.000
1629872040, +2.96, +26.739,  -0.10002, -148.000, +1048.000, -484.000
1629872100, +2.96, +26.739,  +0.03933, -152.000, +991.000, -429.000
1629872160, +2.96, +26.731,  +0.00836, -146.000, +984.000, -418.000
1629872220, +2.96, +26.698,  +0.00217, -146.000, +984.000, -418.000
1629872280, +2.96, +26.706,  -0.07834, -128.000, +1057.000, -640.000
1629872340, +2.96, +26.731,  -0.06905, -148.000, +990.000, -426.000
1629872400, +2.96, +26.714,  -0.07525, -152.000, +1048.000, -484.000
1629872460, +2.96, +26.714,  -0.05976, -148.000, +992.000, -428.000
1629872520, +2.96, +26.706,  -0.04738, -148.000, +995.000, -428.000
1629872580, +2.96, +26.698,  +0.02384, -148.000, +984.000, -424.000
1629872640, +2.96, +26.723,  -0.02570, -145.000, +984.000, -424.000
1629872700, +2.96, +26.681,  -0.00712, -152.000, +1008.000, -440.000
1629872760, +2.96, +26.681,  +0.03313, -148.000, +985.000, -424.000
1629872820, +2.96, +26.714,  -0.01022, -152.000, +1008.000, -436.000
1629872880, +2.96, +26.681,  -0.03809, -152.000, +1020.000, -448.000
1629872940, +2.96, +26.681,  -0.02880, -152.000, +998.000, -432.000
1629873000, +2.96, +26.706,  +0.00836, -151.000, +1039.000, -473.000
1629873060, +2.96, +26.706,  -0.05047, -148.000, +1017.000, -448.000
1629873120, +2.96, +26.689,  +0.00217, -144.000, +984.000, -420.000
1629873180, +2.96, +26.681,  +0.06720, -145.000, +985.000, -421.000
1629873240, +2.96, +26.698,  +0.03004, -151.000, +991.000, -429.000
1629873300, +2.96, +26.689,  +0.04552, -124.000, +1043.000, -617.000
1629873360, +2.96, +26.698,  -0.02570, -148.000, +988.000, -429.000
1629873420, +2.96, +26.689,  -0.05357, -148.000, +1008.000, -436.000
1629873480, +2.96, +26.681,  -0.05667, -152.000, +998.000, -432.000
1629873540, +2.96, +26.673,  -0.06286, -148.000, +1030.000, -461.000
1629873600, +2.96, +26.673,  -0.01641, -152.000, +999.000, -434.000
1629873660, +2.96, +26.673,  -0.05976, -148.000, +1043.000, -473.000
1629873720, +2.96, +26.673,  -0.06905, -148.000, +990.000, -424.000
1629873780, +2.96, +26.665,  -0.06286, -148.000, +985.000, -424.000
1629873840, +2.96, +26.665,  -0.00093, -146.000, +988.000, -428.000
1629873900, +2.96, +26.656,  -0.01022, -148.000, +1044.000, -480.000
1629873960, +2.96, +26.673,  -0.01641, -152.000, +988.000, -429.000
1629874020, +2.96, +26.656,  +0.02384, -148.000, +1017.000, -445.000
1629874080, +2.96, +26.648,  -0.01022, -148.000, +990.000, -429.000
1629874140, +2.96, +26.656,  -0.05047, -148.000, +1033.000, -464.000
1629874200, +2.96, +26.648,  -0.00403, -148.000, +1039.000, -464.000
1629874260, +2.96, +26.648,  -0.05357, -146.000, +985.000, -420.000
1629874320, +2.96, +26.648,  +0.04242, -152.000, +1014.000, -442.000
1629874380, +2.96, +26.632,  -0.00712, -148.000, +990.000, -429.000
1629874440, +2.96, +26.648,  -0.01332, -148.000, +1039.000, -473.000
1629874500, +2.96, +26.632,  +0.02075, -152.000, +990.000, -424.000
1629874560, +2.96, +26.623,  +0.03623, -152.000, +1016.000, -440.000
1629874620, +2.96, +26.640,  -0.14028, -146.000, +984.000, -420.000
1629874680, +2.96, +26.632,  -0.06286, -148.000, +992.000, -429.000
1629874740, +2.96, +26.640,  -0.05357, -148.000, +1014.000, -440.000
1629874800, +2.96, +26.615,  -0.04428, -148.000, +993.000, -432.000
1629874860, +2.96, +26.615,  -0.03809, -152.000, +1031.000, -456.000
1629874920, +2.96, +26.615,  +0.01455, -151.000, +990.000, -428.000
1629874980, +2.96, +26.615,  -0.06905, -152.000, +1006.000, -434.000
1629875040, +2.96, +26.615,  +0.03313, -152.000, +1017.000, -444.000
1629875100, +2.96, +26.598,  -0.04118, -152.000, +995.000, -431.000
1629875160, +2.96, +26.607,  -0.01022, -145.000, +988.000, -420.000
1629875220, +2.96, +26.607,  -0.06905, -148.000, +1020.000, -448.000
1629875280, +2.96, +26.607,  +0.03313, -148.000, +1046.000, -484.000
1629875340, +2.96, +26.598,  -0.06905, -148.000, +1017.000, -448.000
1629875400, +2.96, +26.598,  +0.01146, -148.000, +1024.000, -448.000
1629875460, +2.96, +26.590,  +0.04552, -144.000, +1064.000, -528.000
1629875520, +2.96, +26.582,  -0.00093, -144.000, +1059.000, -510.000
1629875580, +2.96, +26.598,  +0.01146, -144.000, +984.000, -424.000
1629875640, +2.96, +26.590,  -0.01332, -144.000, +1070.000, -538.000
1629875700, +2.96, +26.557,  +0.01146, -148.000, +1036.000, -464.000
1629875760, +2.96, +26.598,  -0.01022, -148.000, +1039.000, -464.000
1629875820, +2.96, +26.557,  +0.01455, -144.000, +1059.000, -509.000
1629875880, +2.96, +26.574,  -0.05047, -152.000, +1031.000, -456.000
1629875940, +2.96, +26.582,  +0.02075, -152.000, +1036.000, -468.000
1629876000, +2.96, +26.565,  -0.04428, -144.000, +1062.000, -520.000
1629876060, +2.96, +26.574,  -0.00093, -152.000, +1009.000, -436.000
1629876120, +2.96, +26.574,  +0.00526, -148.000, +990.000, -426.000
1629876180, +2.96, +26.565,  -0.00403, -152.000, +1004.000, -432.000
1629876240, +2.96, +26.557,  -0.05357, -148.000, +1048.000, -488.000
1629876300, +2.96, +26.574,  +0.00526, -152.000, +1036.000, -464.000
1629876360, +2.96, +26.541,  -0.04118, -144.000, +1068.000, -528.000
1629876420, +2.96, +26.565,  -0.07215, -144.000, +988.000, -429.000
1629876480, +2.96, +26.557,  +0.03623, -152.000, +1004.000, -436.000
1629876540, +2.96, +26.557,  -0.04738, -148.000, +1038.000, -464.000
1629876600, +2.96, +26.557,  +0.01146, -144.000, +1070.000, -538.000
1629876660, +2.96, +26.541,  -0.04118, -148.000, +1031.000, -461.000
1629876720, +2.96, +26.557,  +0.03313, -148.000, +988.000, -429.000
1629876780, +2.96, +26.532,  -0.09692, -152.000, +1017.000, -444.000
1629876840, +2.96, +26.549,  +0.04242, -152.000, +1004.000, -434.000
1629876900, +2.96, +26.532,  -0.06286, -144.000, +1063.000, -528.000
1629876960, +2.96, +26.541,  -0.05047, -149.000, +992.000, -429.000
1629877020, +2.96, +26.524,  -0.02880, -148.000, +1015.000, -440.000
1629877080, +2.96, +26.541,  -0.10312, -148.000, +1016.000, -442.000
1629877140, +2.96, +26.524,  -0.05047, -148.000, +1030.000, -456.000
1629877200, +2.96, +26.524,  -0.03189, -148.000, +1048.000, -488.000
1629877260, +2.96, +26.524,  +0.02075, -144.000, +1073.000, -544.000
1629877320, +2.96, +26.516,  +0.04552, -151.000, +992.000, -428.000
1629877380, +2.96, +26.516,  -0.06596, -152.000, +1020.000, -448.000
1629877440, +2.96, +26.524,  -0.00403, -148.000, +1043.000, -480.000
1629877500, +2.96, +26.507,  -0.06286, -148.000, +985.000, -428.000
1629877560, +2.96, +26.516,  +0.03313, -148.000, +1046.000, -480.000
1629877620, +2.96, +26.516,  -0.05667, -144.000, +1064.000, -528.000
1629877680, +2.96, +26.516,  -0.05357, -148.000, +988.000, -420.000
1629877740, +2.96, +26.516,  -0.08454, -152.000, +1008.000, -436.000
1629877800, +2.96, +26.516,  -0.02880, -152.000, +1027.000, -452.000
1629877860, +2.96, +26.507,  -0.06596, -152.000, +1024.000, -450.000
1629877920, +2.96, +26.516,  -0.07525, -148.000, +1043.000, -477.000
1629877980, +2.96, +26.507,  -0.00403, -144.000, +1064.000, -532.000
1629878040, +2.96, +26.499,  -0.06286, -152.000, +1006.000, -432.000
1629878100, +2.96, +26.507,  -0.02261, -148.000, +1048.000, -488.000
1629878160, +2.96, +26.507,  -0.02880, -144.000, +1055.000, -504.000
1629878220, +2.96, +26.483,  -0.06286, -144.000, +1055.000, -504.000
1629878280, +2.96, +26.491,  -0.00403, -144.000, +1075.000, -557.000
1629878340, +2.96, +26.491,  -0.01022, -151.000, +1017.000, -442.000
1629878400, +2.96, +26.483,  +0.04862, -144.000, +1062.000, -520.000
1629878460, +2.96, +26.491,  -0.05357, -144.000, +1078.000, -568.000
1629878520, +2.96, +26.491,  -0.02261, -152.000, +1016.000, -440.000
1629878580, +2.96, +26.491,  -0.04118, -148.000, +1046.000, -480.000
1629878640, +2.96, +26.483,  +0.01146, -148.000, +1063.000, -528.000
1629878700, +2.96, +26.474,  +0.03933, -143.000, +1084.000, -584.000
1629878760, +2.96, +26.466,  -0.07215, -144.000, +1056.000, -504.000
1629878820, +2.96, +26.474,  +0.01455, -148.000, +1059.000, -512.000
1629878880, +2.96, +26.466,  -0.04428, -152.000, +1043.000, -480.000
1629878940, +2.96, +26.474,  -0.08763, -148.000, +1049.000, -488.000
1629879000, +2.96, +26.474,  +0.02694, -148.000, +1063.000, -512.000
1629879060, +2.96, +26.466,  +0.02694, -148.000, +1048.000, -484.000
1629879120, +2.96, +26.466,  -0.01022, -148.000, +1031.000, -460.000
1629879180, +2.96, +26.466,  +0.02075, -144.000, +1056.000, -504.000
1629879240, +2.96, +26.458,  -0.00712, -148.000, +1038.000, -464.000
1629879300, +2.96, +26.449,  +0.04552, -148.000, +988.000, -424.000
1629879360, +2.96, +26.458,  -0.02880, -144.000, +1059.000, -512.000
1629879420, +2.96, +26.433,  -0.02880, -152.000, +1028.000, -456.000
1629879480, +2.96, +26.449,  +0.02075, -144.000, +1056.000, -512.000
1629879540, +2.96, +26.449,  -0.14028, -148.000, +1048.000, -488.000
1629879600, +2.96, +26.441,  -0.02261, -148.000, +1048.000, -488.000
1629879660, +2.96, +26.425,  +0.06720, -145.000, +985.000, -420.000
1629879720, +2.96, +26.408,  -0.05357, -148.000, +1036.000, -464.000
1629879780, +2.96, +26.391,  +0.05171, -148.000, +1039.000, -468.000
1629879840, +2.96, +26.408,  -0.09073, -148.000, +1039.000, -464.000
1629879900, +2.96, +26.433,  -0.03809, -152.000, +1036.000, -464.000
1629879960, +2.96, +26.400,  -0.05976, -144.000, +1055.000, -504.000
1629880020, +2.96, +26.416,  -0.01641, -152.000, +998.000, -432.000
1629880080, +2.96, +26.408,  -0.04428, -148.000, +1041.000, -472.000
1629880140, +2.96, +26.400,  +0.04862, -144.000, +1075.000, -557.000
1629880200, +2.96, +26.383,  -0.00403, -148.000, +1019.000, -447.000
1629880260, +2.96, +26.375,  -0.04738, -144.000, +1068.000, -528.000
1629880320, +2.96, +26.391,  -0.09073, -152.000, +1038.000, -464.000
1629880380, +2.96, +26.391,  -0.07834, -144.000, +1062.000, -512.000
1629880440, +2.96, +26.391,  -0.01951, -136.000, +1088.000, -616.000
1629880500, +2.96, +26.367,  +0.01455, -144.000, +1075.000, -557.000
1629880560, +2.96, +26.383,  -0.04118, -144.000, +1064.000, -536.000
1629880620, +2.96, +26.375,  +0.00217, -148.000, +1031.000, -462.000
1629880680, +2.96, +26.342,  -0.08454, -148.000, +1064.000, -528.000
1629880740, +2.96, +26.358,  -0.02570, -144.000, +1072.000, -557.000
1629880800, +2.96, +26.350,  -0.04738, -138.000, +1088.000, -604.000
1629880860, +2.96, +26.358,  -0.00712, -148.000, +1065.000, -528.000
1629880920, +2.96, +26.350,  -0.02261, -141.000, +1073.000, -560.000
1629880980, +2.96, +26.342,  -0.04428, -144.000, +1070.000, -544.000
1629881040, +2.96, +26.342,  -0.01022, -152.000, +1004.000, -434.000
1629881100, +2.96, +26.342,  -0.00403, -144.000, +1060.000, -520.000
1629881160, +2.96, +26.333,  -0.06286, -144.000, +1072.000, -544.000
1629881220, +2.96, +26.317,  -0.00093, -148.000, +1046.000, -484.000
1629881280, +2.96, +26.309,  +0.03004, -144.000, +1086.000, -589.000
1629881340, +2.96, +26.309,  -0.02570, -136.000, +1094.000, -638.000
1629881400, +2.96, +26.317,  +0.03933, -140.000, +1080.000, -576.000
1629881460, +2.96, +26.300,  -0.05357, -144.000, +1075.000, -560.000
1629881520, +2.96, +26.309,  -0.02570, -144.000, +1078.000, -560.000
1629881580, +2.96, +26.300,  +0.03313, -144.000, +1064.000, -528.000
1629881640, +2.96, +26.300,  -0.00093, -136.000, +1091.000, -628.000
1629881700, +2.96, +26.292,  -0.00712, -128.000, +1095.000, -648.000
1629881760, +2.96, +26.275,  -0.05976, -144.000, +1080.000, -576.000
1629881820, +2.96, +26.259,  +0.10126, -144.000, +1086.000, -584.000
1629881880, +2.96, +26.259,  -0.05047, -141.000, +1075.000, -557.000
1629881940, +2.96, +26.251,  +0.03933, -128.000, +1084.000, -668.000
1629882000, +2.96, +26.242,  -0.10002, -144.000, +1080.000, -584.000
1629882060, +2.96, +26.242,  +0.01146, -144.000, +1076.000, -560.000
1629882120, +2.96, +26.259,  -0.00093, -144.000, +1086.000, -584.000
1629882180, +2.96, +26.251,  +0.01146, -141.000, +1084.000, -592.000
1629882240, +2.96, +26.234,  +0.01765, -144.000, +1084.000, -592.000
1629882300, +2.96, +26.226,  -0.02880, -144.000, +1080.000, -568.000
1629882360, +2.96, +26.234,  -0.05976, -124.000, +1076.000, -664.000
1629882420, +2.96, +26.234,  -0.03809, -144.000, +1063.000, -520.000
1629882480, +2.96, +26.217,  +0.00526, -136.000, +1094.000, -624.000
1629882540, +2.96, +26.226,  -0.03499, -126.000, +1072.000, -666.000
1629882600, +2.96, +26.209,  -0.04118, -138.000, +1088.000, -602.000
1629882660, +2.96, +26.193,  -0.05357, -138.000, +1083.000, -589.000
1629882720, +2.96, +26.217,  -0.03499, -144.000, +1080.000, -572.000
1629882780, +2.96, +26.193,  +0.04552, -136.000, +1089.000, -616.000
1629882840, +2.96, +26.201,  -0.13099, -138.000, +1084.000, -596.000
1629882900, +2.96, +26.168,  +0.03933, -141.000, +1084.000, -584.000
1629882960, +2.96, +26.168,  -0.02880, -144.000, +1084.000, -580.000
1629883020, +2.96, +26.176,  -0.05357, -141.000, +1087.000, -600.000
1629883080, +2.96, +26.168,  -0.08144, -136.000, +1094.000, -636.000
1629883140, +2.96, +26.151,  -0.04118, -128.000, +1094.000, -656.000
1629883200, +2.96, +26.159,  +0.01146, -128.000, +1040.000, -609.000
1629883260, +2.96, +26.143,  -0.06596, -144.000, +1080.000, -576.000
1629883320, +2.96, +26.159,  -0.08144, -141.000, +1084.000, -584.000
1629883380, +2.96, +26.135,  -0.06596, -128.000, +1080.000, -664.000
1629883440, +2.96, +26.135,  -0.09692, -144.000, +1072.000, -552.000
1629883500, +2.96, +26.110,  -0.08763, -136.000, +1089.000, -624.000
1629883560, +2.96, +26.126,  -0.03189, -128.000, +1068.000, -653.000
1629883620, +2.96, +26.126,  -0.08763, -144.000, +1075.000, -552.000
1629883680, +2.96, +26.126,  +0.04552, -138.000, +1080.000, -576.000
1629883740, +2.96, +26.110,  +0.06720, -126.000, +1056.000, -640.000
1629883800, +2.96, +26.093,  -0.01951, -128.000, +1094.000, -660.000
1629883860, +2.96, +26.085,  +0.07029, -128.000, +1094.000, -660.000
1629883920, +2.96, +26.101,  -0.02570, -146.000, +988.000, -420.000
1629883980, +2.96, +26.093,  -0.01022, -136.000, +1088.000, -608.000
1629884040, +2.96, +26.068,  -0.03499, -136.000, +1094.000, -632.000
1629884100, +2.96, +26.068,  -0.05357, -124.000, +1081.000, -668.000
1629884160, +2.96, +26.085,  -0.03499, -128.000, +1092.000, -648.000
1629884220, +2.96, +26.060,  -0.04428, -128.000, +1063.000, -649.000
1629884280, +2.96, +26.068,  +0.02384, -146.000, +984.000, -417.000
1629884340, +2.96, +26.060,  -0.02570, -146.000, +984.000, -424.000
1629884400, +2.96, +26.052,  -0.04118, -136.000, +1095.000, -624.000
1629884460, +2.96, +26.027,  +0.01455, -136.000, +1092.000, -637.000
1629884520, +2.96, +26.027,  -0.01022, -125.000, +1080.000, -668.000
1629884580, +2.96, +26.027,  -0.03499, -128.000, +1095.000, -648.000
1629884640, +2.96, +26.035,  -0.02261, -146.000, +985.000, -424.000
1629884700, +2.96, +26.010,  -0.01022, -144.000, +1086.000, -592.000
1629884760, +2.96, +26.018,  -0.03499, -126.000, +1056.000, -640.000
1629884820, +2.96, +25.994,  -0.00403, -126.000, +1076.000, -660.000
1629884880, +2.96, +26.002,  +0.00217, -128.000, +1039.000, -612.000
1629884940, +2.96, +26.002,  +0.03004, -128.000, +1041.000, -612.000
1629885000, +2.96, +25.985,  -0.01641, -128.000, +1091.000, -660.000
1629885060, +2.96, +25.969,  -0.04738, -128.000, +1088.000, -666.000
1629885120, +2.96, +25.994,  -0.00093, -125.000, +1070.000, -656.000
1629885180, +2.96, +25.977,  -0.03499, -136.000, +1091.000, -616.000
1629885240, +2.96, +25.969,  +0.03004, -126.000, +1049.000, -621.000
1629885300, +2.96, +25.969,  +0.00836, -128.000, +1080.000, -666.000
1629885360, +2.96, +25.952,  -0.06286, -128.000, +1040.000, -609.000
1629885420, +2.96, +25.927,  +0.03313, -148.000, +988.000, -416.000
1629885480, +2.96, +25.944,  +0.03933, -128.000, +1038.000, -612.000
1629885540, +2.96, +25.919,  +0.00526, -128.000, +1089.000, -660.000
1629885600, +2.96, +25.927,  -0.10621, -128.000, +1052.000, -625.000
1629885660, +2.96, +25.927,  -0.10931, -148.000, +992.000, -429.000
1629885720, +2.96, +25.919,  +0.00217, -148.000, +990.000, -426.000
1629885780, +2.96, +25.935,  +0.03623, -128.000, +1036.000, -617.000
1629885840, +2.96, +25.919,  -0.01332, -146.000, +984.000, -418.000
1629885900, +2.96, +25.902,  +0.01765, -128.000, +1052.000, -625.000
1629885960, +2.96, +25.919,  -0.10002, -128.000, +1078.000, -664.000
1629886020, +2.96, +25.886,  +0.01146, -148.000, +985.000, -424.000
1629886080, +2.96, +25.894,  -0.01951, -144.000, +984.000, -424.000
1629886140, +2.96, +25.877,  -0.09692, -145.000, +984.000, -420.000
1629886200, +2.96, +25.852,  -0.05667, -128.000, +1039.000, -609.000
1629886260, +2.96, +25.869,  -0.07525, -128.000, +1095.000, -656.000
1629886320, +2.96, +25.869,  -0.07834, -126.000, +1057.000, -640.000
1629886380, +2.96, +25.861,  -0.05976, -146.000, +985.000, -423.000
1629886440, +2.96, +25.844,  -0.05357, -128.000, +1057.000, -640.000
1629886500, +2.96, +25.861,  -0.05047, -146.000, +985.000, -420.000
1629886560, +2.96, +25.811,  +0.06100, -145.000, +988.000, -423.000
1629886620, +2.96, +25.828,  +0.04862, -145.000, +988.000, -424.000
1629886680, +2.96, +25.828,  -0.03809, -148.000, +985.000, -424.000
1629886740, +2.96, +25.819,  +0.00836, -146.000, +988.000, -421.000
1629886800, +2.96, +25.811,  -0.01332, -146.000, +984.000, -424.000
1629886860, +2.96, +25.819,  -0.09383, -144.000, +984.000, -420.000
1629886920, +2.96, +25.803,  -0.05047, -148.000, +985.000, -424.000
1629886980, +2.96, +25.794,  -0.03499, -148.000, +988.000, -426.000
1629887040, +2.96, +25.786,  +0.02694, -125.000, +1055.000, -640.000
1629887100, +2.96, +25.778,  -0.03189, -127.000, +1054.000, -625.000
1629887160, +2.96, +25.778,  -0.04428, -145.000, +988.000, -417.000
1629887220, +2.96, +25.769,  +0.00836, -128.000, +1088.000, -666.000
1629887280, +2.96, +25.778,  +0.02384, -148.000, +984.000, -424.000
1629887340, +2.96, +25.778,  -0.04428, -148.000, +985.000, -426.000
1629887400, +2.96, +25.761,  -0.03499, -146.000, +990.000, -424.000
1629887460, +2.96, +25.753,  -0.00403, -148.000, +988.000, -418.000
1629887520, +2.96, +25.753,  -0.02261, -145.000, +985.000, -424.000
1629887580, +2.96, +25.745,  -0.06596, -146.000, +984.000, -421.000
1629887640, +2.96, +25.736,  -0.03499, -145.000, +984.000, -420.000
1629887700, +2.96, +25.720,  -0.03189, -146.000, +984.000, -424.000
1629887760, +2.96, +25.703,  -0.04118, -146.000, +985.000, -424.000
1629887820, +2.96, +25.711,  -0.01332, -126.000, +1057.000, -640.000
1629887880, +2.96, +25.720,  +0.02694, -128.000, +1048.000, -617.000
1629887940, +2.96, +25.720,  -0.08763, -148.000, +1004.000, -434.000
1629888000, +2.96, +25.703,  -0.02570, -145.000, +984.000, -424.000
1629888060, +2.96, +25.695,  -0.04118, -146.000, +988.000, -424.000
1629888120, +2.96, +25.703,  -0.05047, -146.000, +984.000, -423.000
1629888180, +2.96, +25.670,  +0.02075, -145.000, +988.000, -420.000
1629888240, +2.96, +25.678,  +0.02384, -146.000, +984.000, -424.000
1629888300, +2.96, +25.678,  -0.05357, -144.000, +988.000, -429.000
1629888360, +2.96, +25.661,  +0.09197, -152.000, +996.000, -432.000
1629888420, +2.96, +25.645,  -0.01641, -152.000, +1004.000, -432.000
1629888480, +2.96, +25.653,  -0.10931, -146.000, +988.000, -429.000
1629888540, +2.96, +25.645,  -0.05357, -152.000, +1014.000, -440.000
1629888600, +2.96, +25.645,  +0.00217, -152.000, +995.000, -432.000
1629888660, +2.96, +25.653,  -0.00093, -148.000, +990.000, -424.000
1629888720, +2.96, +25.620,  -0.11860, -146.000, +987.000, -424.000
1629888780, +2.96, +25.628,  -0.04118, -152.000, +996.000, -432.000
1629888840, +2.96, +25.620,  -0.13099, -152.000, +1024.000, -448.000
1629888900, +2.96, +25.587,  -0.04738, -152.000, +1016.000, -441.000
1629888960, +2.96, +25.612,  -0.03189, -152.000, +1004.000, -436.000
1629889020, +2.96, +25.587,  +0.08268, -144.000, +1062.000, -512.000
1629889080, +2.96, +25.587,  -0.05047, -152.000, +995.000, -432.000
1629889140, +2.96, +25.587,  +0.06410, -148.000, +1044.000, -488.000
1629889200, +2.96, +25.578,  +0.02384, -148.000, +1030.000, -456.000
1629889260, +2.96, +25.553,  -0.04118, -152.000, +1022.000, -448.000
1629889320, +2.96, +25.553,  +0.02384, -152.000, +992.000, -424.000
1629889380, +2.96, +25.570,  +0.03004, -151.000, +988.000, -429.000
1629889440, +2.96, +25.562,  +0.01146, -152.000, +999.000, -432.000
1629889500, +2.96, +25.553,  -0.01332, -152.000, +1001.000, -432.000
1629889560, +2.96, +25.537,  +0.03313, -148.000, +992.000, -432.000
1629889620, +2.96, +25.529,  -0.08454, -148.000, +991.000, -428.000
1629889680, +2.96, +25.537,  -0.05357, -148.000, +1052.000, -496.000
1629889740, +2.96, +25.512,  -0.00712, -144.000, +1064.000, -528.000
1629889800, +2.96, +25.520,  -0.03499, -152.000, +1006.000, -433.000
1629889860, +2.96, +25.520,  -0.06596, -152.000, +998.000, -432.000
1629889920, +2.96, +25.495,  -0.00712, -144.000, +1063.000, -525.000
1629889980, +2.96, +25.479,  +0.02384, -148.000, +988.000, -426.000
1629890040, +2.96, +25.495,  -0.09383, -148.000, +1052.000, -493.000
1629890100, +2.96, +25.487,  +0.01146, -152.000, +1017.000, -445.000
1629890160, +2.96, +25.495,  +0.02384, -151.000, +991.000, -426.000
1629890220, +2.96, +25.479,  -0.02261, -148.000, +1055.000, -504.000
1629890280, +2.96, +25.479,  -0.06286, -148.000, +995.000, -426.000
1629890340, +2.96, +25.454,  +0.02075, -152.000, +1014.000, -440.000
1629890400, +2.96, +25.462,  +0.03623, -152.000, +1027.000, -456.000
1629890460, +2.96, +25.454,  -0.07215, -152.000, +998.000, -432.000
1629890520, +2.96, +25.454,  +0.09507, -148.000, +1033.000, -464.000
1629890580, +2.96, +25.429,  +0.08578, -152.000, +1011.000, -440.000
1629890640, +2.96, +25.445,  -0.06905, -144.000, +1063.000, -512.000
1629890700, +2.96, +25.445,  +0.04242, -148.000, +1046.000, -480.000
1629890760, +2.96, +25.445,  -0.05667, -148.000, +1032.000, -458.000
1629890820, +2.96, +25.421,  -0.01641, -144.000, +1063.000, -512.000
1629890880, +2.96, +25.412,  -0.02570, -152.000, +1020.000, -448.000
1629890940, +2.96, +25.404,  +0.09197, -148.000, +1020.000, -448.000
1629891000, +2.96, +25.421,  +0.04862, -148.000, +1055.000, -500.000
1629891060, +2.96, +25.412,  -0.09383, -148.000, +1031.000, -456.000
1629891120, +2.96, +25.396,  -0.01332, -148.000, +1038.000, -464.000
1629891180, +2.96, +25.396,  +0.02384, -148.000, +1052.000, -493.000
1629891240, +2.96, +25.387,  -0.05357, -148.000, +1057.000, -506.000
1629891300, +2.96, +25.387,  +0.01146, -148.000, +1040.000, -474.000
1629891360, +2.96, +25.379,  -0.10312, -144.000, +1063.000, -525.000
1629891420, +2.96, +25.387,  -0.00403, -142.000, +1084.000, -584.000
1629891480, +2.96, +25.379,  -0.05047, -144.000, +1072.000, -544.000
1629891540, +2.96, +25.379,  -0.01022, -144.000, +1072.000, -544.000
1629891600, +2.96, +25.362,  +0.04862, -144.000, +1080.000, -576.000
1629891660, +2.96, +25.379,  -0.04118, -148.000, +1039.000, -472.000
1629891720, +2.96, +25.371,  -0.00093, -148.000, +1048.000, -488.000
1629891780, +2.96, +25.371,  -0.05976, -151.000, +1054.000, -496.000
1629891840, +2.96, +25.371,  -0.04118, -144.000, +1059.000, -520.000
1629891900, +2.96, +25.371,  -0.03809, -144.000, +1063.000, -528.000
1629891960, +2.96, +25.362,  +0.06100, -144.000, +1072.000, -544.000
1629892020, +2.96, +25.337,  +0.03004, -136.000, +1094.000, -624.000
1629892080, +2.96, +25.354,  -0.02880, -144.000, +1087.000, -586.000
1629892140, +2.96, +25.337,  -0.05047, -144.000, +1064.000, -536.000
1629892200, +2.96, +25.337,  +0.01455, -144.000, +1072.000, -538.000
1629892260, +2.96, +25.337,  +0.03933, -152.000, +1008.000, -436.000
1629892320, +2.96, +25.312,  +0.02075, -148.000, +1024.000, -452.000
1629892380, +2.96, +25.304,  +0.02694, -152.000, +1009.000, -440.000
1629892440, +2.96, +25.329,  -0.00403, -152.000, +1001.000, -432.000
1629892500, +2.96, +25.312,  -0.03809, -148.000, +1054.000, -500.000
1629892560, +2.96, +25.321,  +0.03004, -144.000, +1078.000, -568.000
1629892620, +2.96, +25.312,  -0.07525, -140.000, +1087.000, -589.000
1629892680, +2.96, +25.304,  +0.02075, -144.000, +1080.000, -573.000
1629892740, +2.96, +25.296,  -0.05667, -144.000, +1072.000, -552.000
1629892800, +2.96, +25.312,  -0.04738, -144.000, +1072.000, -548.000
1629892860, +2.96, +25.312,  +0.03313, -148.000, +1063.000, -512.000
1629892920, +2.96, +25.304,  -0.09383, -152.000, +1024.000, -448.000
1629892980, +2.96, +25.279,  -0.04428, -144.000, +1075.000, -560.000
1629893040, +2.96, +25.279,  -0.03189, -144.000, +1064.000, -528.000
1629893100, +2.96, +25.304,  -0.02261, -148.000, +1024.000, -452.000
1629893160, +2.96, +25.287,  +0.01146, -146.000, +1057.000, -512.000
1629893220, +2.96, +25.271,  -0.08454, -138.000, +1091.000, -608.000
1629893280, +2.96, +25.279,  -0.06596, -144.000, +1076.000, -562.000
1629893340, +2.96, +25.279,  +0.11055, -144.000, +1088.000, -596.000
1629893400, +2.96, +25.271,  +0.05481, -148.000, +1062.000, -520.000
1629893460, +2.96, +25.271,  -0.02880, -138.000, +1091.000, -616.000
1629893520, +2.96, +25.271,  -0.02570, -141.000, +1084.000, -592.000
1629893580, +2.96, +25.271,  -0.03499, -144.000, +1080.000, -576.000
1629893640, +2.96, +25.263,  +0.01455, -144.000, +1075.000, -560.000
1629893700, +2.96, +25.246,  -0.10931, -144.000, +1080.000, -576.000
1629893760, +2.96, +25.263,  +0.04242, -144.000, +1080.000, -568.000
1629893820, +2.96, +25.254,  -0.04428, -144.000, +1075.000, -552.000
1629893880, +2.96, +25.238,  -0.04428, -144.000, +1084.000, -576.000
1629893940, +2.96, +25.254,  -0.01332, -144.000, +1078.000, -564.000
1629894000, +2.96, +25.213,  +0.02384, -141.000, +1086.000, -592.000
1629894060, +2.96, +25.229,  -0.14028, -140.000, +1086.000, -592.000
1629894120, +2.96, +25.229,  -0.10931, -144.000, +1080.000, -576.000
1629894180, +2.96, +25.221,  -0.11860, -141.000, +1086.000, -584.000
1629894240, +2.96, +25.238,  -0.05667, -136.000, +1094.000, -624.000
1629894300, +2.96, +25.213,  -0.08454, -144.000, +1087.000, -584.000
1629894360, +2.96, +25.213,  +0.01455, -136.000, +1091.000, -616.000
1629894420, +2.96, +25.204,  -0.03809, -144.000, +1084.000, -576.000
1629894480, +2.96, +25.196,  +0.05791, -141.000, +1084.000, -584.000
1629894540, +2.96, +25.179,  -0.01641, -138.000, +1088.000, -608.000
1629894600, +2.96, +25.188,  -0.06905, -144.000, +1081.000, -584.000
1629894660, +2.96, +25.188,  -0.01332, -144.000, +1084.000, -580.000
1629894720, +2.96, +25.179,  -0.00093, -128.000, +1096.000, -640.000
1629894780, +2.96, +25.179,  -0.04118, -136.000, +1094.000, -632.000
1629894840, +2.96, +25.171,  -0.01641, -141.000, +1084.000, -586.000
1629894900, +2.96, +25.179,  +0.02694, -136.000, +1094.000, -624.000
1629894960, +2.96, +25.163,  -0.07215, -144.000, +1072.000, -541.000
1629895020, +2.96, +25.163,  -0.00093, -144.000, +1080.000, -576.000
1629895080, +2.96, +25.146,  -0.04118, -128.000, +1084.000, -672.000
1629895140, +2.96, +25.163,  +0.04242, -136.000, +1095.000, -652.000
1629895200, +2.96, +25.129,  +0.03623, -140.000, +1088.000, -592.000
1629895260, +2.96, +25.121,  -0.06286, -144.000, +1073.000, -552.000
1629895320, +2.96, +25.154,  -0.05357, -140.000, +1087.000, -592.000
1629895380, +2.96, +25.138,  +0.00526, -140.000, +1091.000, -616.000
1629895440, +2.96, +25.096,  -0.03499, -138.000, +1086.000, -596.000
1629895500, +2.96, +25.129,  +0.03933, -144.000, +1080.000, -562.000
1629895560, +2.96, +25.113,  -0.01022, -136.000, +1088.000, -608.000
1629895620, +2.96, +25.104,  +0.03313, -136.000, +1095.000, -624.000
1629895680, +2.96, +25.113,  -0.00712, -136.000, +1095.000, -640.000
1629895740, +2.96, +25.104,  +0.02384, -144.000, +1087.000, -588.000
1629895800, +2.96, +25.088,  -0.03809, -128.000, +1095.000, -656.000
1629895860, +2.96, +25.096,  +0.00217, -136.000, +1095.000, -640.000
1629895920, +2.96, +25.080,  +0.00526, -141.000, +1089.000, -608.000
1629895980, +2.96, +25.088,  +0.02694, -128.000, +1095.000, -648.000
1629896040, +2.96, +25.063,  +0.01146, -136.000, +1096.000, -640.000
1629896100, +2.96, +25.071,  -0.03499, -136.000, +1088.000, -600.000
1629896160, +2.96, +25.063,  -0.04738, -128.000, +1080.000, -666.000
1629896220, +2.96, +25.055,  -0.10312, -128.000, +1039.000, -609.000
1629896280, +2.96, +25.055,  +0.00526, -128.000, +1091.000, -664.000
1629896340, +2.96, +25.055,  +0.00526, -142.000, +1081.000, -576.000
1629896400, +2.96, +25.030,  +0.00836, -128.000, +1089.000, -669.000
1629896460, +2.96, +25.030,  -0.00093, -144.000, +1080.000, -576.000
1629896520, +2.96, +25.030,  -0.09073, -136.000, +1096.000, -640.000
1629896580, +2.96, +25.021,  -0.05047, -140.000, +1092.000, -616.000
1629896640, +2.96, +25.013,  -0.00712, -128.000, +1057.000, -633.000
1629896700, +2.96, +25.021,  -0.05047, -142.000, +1080.000, -573.000
1629896760, +2.96, +24.988,  -0.01332, -144.000, +1088.000, -590.000
1629896820, +2.96, +24.996,  -0.01332, -127.000, +1084.000, -668.000
1629896880, +2.96, +24.988,  -0.09073, -124.000, +1072.000, -664.000
1629896940, +2.96, +24.996,  -0.03809, -128.000, +1095.000, -656.000
1629897000, +2.96, +24.971,  -0.06905, -128.000, +1095.000, -656.000
1629897060, +2.96, +24.971,  -0.00712, -128.000, +1084.000, -664.000
1629897120, +2.96, +24.971,  -0.00712, -128.000, +1072.000, -664.000
1629897180, +2.96, +24.955,  -0.13718, -144.000, +1080.000, -576.000
1629897240, +2.96, +24.971,  -0.12789, -140.000, +1091.000, -616.000
1629897300, +2.96, +24.930,  -0.01641, -145.000, +984.000, -420.000
1629897360, +2.96, +24.955,  +0.04552, -128.000, +1043.000, -616.000
1629897420, +2.96, +24.938,  -0.05047, -128.000, +1096.000, -656.000
1629897480, +2.96, +24.896,  -0.08454, -125.000, +1036.000, -593.000
1629897540, +2.96, +24.930,  +0.00217, -146.000, +984.000, -420.000
1629897600, +2.96, +24.930,  -0.03809, -126.000, +1055.000, -633.000
1629897660, +2.96, +24.938,  -0.06905, -128.000, +1095.000, -652.000
1629897720, +2.96, +24.913,  -0.00093, -128.000, +1094.000, -668.000
1629897780, +2.96, +24.913,  -0.05976, -128.000, +1086.000, -666.000
1629897840, +2.96, +24.888,  +0.00217, -128.000, +1036.000, -609.000
1629897900, +2.96, +24.871,  -0.00093, -128.000, +1065.000, -650.000
1629897960, +2.96, +24.888,  -0.00403, -146.000, +988.000, -424.000
1629898020, +2.96, +24.905,  -0.07215, -148.000, +992.000, -432.000
1629898080, +2.96, +24.888,  +0.03313, -128.000, +1048.000, -609.000
1629898140, +2.96, +24.871,  -0.00403, -145.000, +984.000, -417.000
1629898200, +2.96, +24.871,  +0.05791, -128.000, +1038.000, -609.000
1629898260, +2.96, +24.855,  -0.01022, -126.000, +1070.000, -660.000
1629898320, +2.96, +24.855,  -0.08454, -128.000, +1076.000, -666.000
1629898380, +2.96, +24.855,  +0.11055, -146.000, +988.000, -417.000
1629898440, +2.96, +24.846,  +0.01765, -144.000, +985.000, -417.000
1629898500, +2.96, +24.821,  +0.06410, -148.000, +990.000, -424.000
1629898560, +2.96, +24.846,  -0.11860, -146.000, +992.000, -428.000
1629898620, +2.96, +24.813,  -0.07525, -126.000, +1046.000, -617.000
1629898680, +2.96, +24.830,  -0.04118, -128.000, +1091.000, -666.000
1629898740, +2.96, +24.821,  +0.05791, -148.000, +990.000, -424.000
1629898800, +2.96, +24.830,  -0.05667, -146.000, +984.000, -420.000
1629898860, +2.96, +24.805,  -0.10002, -144.000, +984.000, -424.000
1629898920, +2.96, +24.813,  +0.02384, -128.000, +1057.000, -640.000
1629898980, +2.96, +24.763,  +0.08578, -128.000, +1052.000, -632.000
1629899040, +2.96, +24.771,  -0.01641, -146.000, +984.000, -424.000
1629899100, +2.96, +24.796,  -0.00712, -148.000, +990.000, -429.000
1629899160, +2.96, +24.780,  -0.03809, -148.000, +990.000, -429.000
1629899220, +2.96, +24.771,  -0.01641, -145.000, +983.000, -420.000
1629899280, +2.96, +24.747,  -0.00712, -146.000, +984.000, -420.000
1629899340, +2.96, +24.747,  -0.06286, -144.000, +984.000, -424.000
1629899400, +2.96, +24.747,  -0.05047, -145.000, +985.000, -420.000
1629899460, +2.96, +24.755,  -0.05976, -148.000, +992.000, -432.000
1629899520, +2.96, +24.755,  -0.02880, -148.000, +984.000, -420.000
1629899580, +2.96, +24.738,  -0.06596, -128.000, +1048.000, -613.000
1629899640, +2.96, +24.713,  +0.02075, -148.000, +985.000, -424.000
1629899700, +2.96, +24.738,  -0.01332, -152.000, +1000.000, -432.000
1629899760, +2.96, +24.705,  -0.00093, -148.000, +992.000, -428.000
1629899820, +2.96, +24.722,  +0.00526, -148.000, +988.000, -428.000
1629899880, +2.96, +24.697,  +0.00217, -145.000, +988.000, -423.000
1629899940, +2.96, +24.688,  -0.01951, -148.000, +992.000, -429.000
1629900000, +2.96, +24.688,  -0.01641, -152.000, +991.000, -428.000
1629900060, +2.96, +24.697,  +0.02384, -148.000, +992.000, -429.000
1629900120, +2.96, +24.697,  +0.01765, -148.000, +990.000, -424.000
1629900180, +2.96, +24.663,  +0.00526, -146.000, +988.000, -420.000
1629900240, +2.96, +24.672,  +0.03623, -146.000, +985.000, -418.000
1629900300, +2.96, +24.655,  +0.05481, -148.000, +992.000, -432.000
1629900360, +2.96, +24.655,  -0.00403, -152.000, +993.000, -432.000
1629900420, +2.96, +24.655,  +0.08887, -148.000, +990.000, -428.000
1629900480, +2.96, +24.655,  -0.01641, -152.000, +998.000, -432.000
1629900540, +2.96, +24.655,  -0.04118, -146.000, +988.000, -424.000
1629900600, +2.96, +24.638,  -0.01641, -148.000, +992.000, -432.000
1629900660, +2.96, +24.630,  -0.03189, -148.000, +990.000, -424.000
1629900720, +2.96, +24.630,  -0.05047, -148.000, +996.000, -432.000
1629900780, +2.96, +24.613,  +0.01455, -148.000, +992.000, -429.000
1629900840, +2.96, +24.605,  +0.06720, -148.000, +988.000, -424.000
1629900900, +2.96, +24.613,  -0.07525, -148.000, +1060.000, -512.000
1629900960, +2.96, +24.588,  -0.03189, -148.000, +984.000, -420.000
1629901020, +2.96, +24.572,  -0.01022, -125.000, +1048.000, -618.000
1629901080, +2.96, +24.580,  +0.02384, -144.000, +988.000, -423.000
1629901140, +2.96, +24.588,  -0.01022, -128.000, +1056.000, -629.000
1629901200, +2.96, +24.588,  +0.03004, -148.000, +995.000, -432.000
1629901260, +2.96, +24.580,  -0.06286, -148.000, +1025.000, -452.000
1629901320, +2.96, +24.572,  +0.00217, -144.000, +1064.000, -536.000
1629901380, +2.96, +24.555,  -0.03499, -148.000, +1041.000, -474.000
1629901440, +2.96, +24.563,  +0.01146, -148.000, +992.000, -432.000
1629901500, +2.96, +24.563,  -0.01022, -152.000, +1007.000, -434.000
1629901560, +2.96, +24.513,  +0.02075, -153.000, +1030.000, -456.000
1629901620, +2.96, +24.547,  -0.02261, -148.000, +1038.000, -464.000
1629901680, +2.96, +24.538,  -0.03809, -148.000, +1049.000, -488.000
1629901740, +2.96, +24.538,  +0.00526, -144.000, +1068.000, -536.000
1629901800, +2.96, +24.530,  +0.01146, -152.000, +1027.000, -456.000
1629901860, +2.96, +24.530,  +0.01765, -148.000, +1043.000, -477.000
1629901920, +2.96, +24.522,  +0.01765, -148.000, +995.000, -429.000
1629901980, +2.96, +24.505,  -0.04738, -148.000, +1009.000, -440.000
1629902040, +2.96, +24.505,  +0.00836, -152.000, +1038.000, -468.000
1629902100, +2.96, +24.497,  -0.00093, -152.000, +1000.000, -432.000
1629902160, +2.96, +24.497,  +0.03623, -153.000, +1011.000, -440.000
1629902220, +2.96, +24.497,  +0.03933, -148.000, +992.000, -428.000
1629902280, +2.96, +24.480,  -0.01022, -148.000, +1040.000, -476.000
1629902340, +2.96, +24.488,  +0.02075, -148.000, +1048.000, -492.000
1629902400, +2.96, +24.480,  -0.06286, -148.000, +1040.000, -473.000
1629902460, +2.96, +24.455,  +0.04862, -148.000, +1036.000, -464.000
1629902520, +2.96, +24.463,  +0.02384, -144.000, +1068.000, -536.000
1629902580, +2.96, +24.455,  -0.02570, -152.000, +1033.000, -464.000
1629902640, +2.96, +24.422,  -0.01641, -144.000, +1071.000, -544.000
1629902700, +2.96, +24.447,  -0.05667, -151.000, +988.000, -429.000
1629902760, +2.96, +24.447,  +0.07339, -144.000, +1078.000, -564.000
1629902820, +2.96, +24.422,  -0.01641, -152.000, +992.000, -429.000
1629902880, +2.96, +24.438,  +0.09507, -144.000, +1064.000, -528.000
1629902940, +2.96, +24.422,  -0.03189, -148.000, +1056.000, -504.000
1629903000, +2.96, +24.430,  +0.04552, -144.000, +1041.000, -476.000
1629903060, +2.96, +24.438,  -0.04738, -144.000, +1063.000, -528.000
1629903120, +2.96, +24.405,  -0.01641, -152.000, +1031.000, -452.000
1629903180, +2.96, +24.413,  +0.01765, -152.000, +1048.000, -493.000
1629903240, +2.96, +24.388,  -0.00712, -144.000, +1059.000, -509.000
1629903300, +2.96, +24.397,  -0.04118, -148.000, +1039.000, -476.000
1629903360, +2.96, +24.397,  +0.01455, -144.000, +1072.000, -544.000
1629903420, +2.96, +24.380,  -0.01641, -144.000, +1072.000, -552.000
1629903480, +2.96, +24.380,  +0.04242, -152.000, +1016.000, -448.000
1629903540, +2.96, +24.355,  -0.02261, -148.000, +1056.000, -512.000
1629903600, +2.96, +24.372,  -0.05667, -142.000, +1080.000, -576.000
1629903660, +2.96, +24.380,  +0.01765, -148.000, +1059.000, -512.000
1629903720, +2.96, +24.363,  +0.01146, -144.000, +1049.000, -488.000
1629903780, +2.96, +24.363,  -0.00712, -144.000, +1072.000, -544.000
1629903840, +2.96, +24.338,  +0.01146, -136.000, +1095.000, -624.000
1629903900, +2.96, +24.355,  +0.04862, -141.000, +1080.000, -572.000
1629903960, +2.96, +24.347,  +0.06720, -144.000, +1072.000, -552.000
1629904020, +2.96, +24.313,  +0.03004, -148.000, +1051.000, -496.000
1629904080, +2.96, +24.330,  -0.01641, -148.000, +1040.000, -476.000
1629904140, +2.96, +24.338,  +0.00836, -144.000, +1064.000, -528.000
1629904200, +2.96, +24.322,  +0.07649, -144.000, +1062.000, -512.000
1629904260, +2.96, +24.313,  +0.07649, -148.000, +1055.000, -500.000
1629904320, +2.96, +24.313,  +0.07958, -144.000, +1056.000, -504.000
1629904380, +2.96, +24.296,  +0.03933, -148.000, +1039.000, -474.000
1629904440, +2.96, +24.288,  +0.02384, -141.000, +1091.000, -608.000
1629904500, +2.96, +24.305,  +0.09816, -148.000, +1040.000, -472.000
1629904560, +2.96, +24.296,  +0.01146, -144.000, +1059.000, -512.000
1629904620, +2.96, +24.288,  +0.07339, -144.000, +1048.000, -493.000
1629904680, +2.96, +24.288,  +0.02075, -152.000, +1040.000, -472.000
1629904740, +2.96, +24.271,  +0.04242, -144.000, +1080.000, -576.000
1629904800, +2.96, +24.271,  +0.08578, -141.000, +1088.000, -600.000
1629904860, +2.96, +24.296,  +0.07339, -144.000, +1063.000, -527.000
1629904920, +2.96, +24.288,  +0.02694, -148.000, +1059.000, -504.000
1629904980, +2.96, +24.271,  +0.07339, -144.000, +1080.000, -569.000
1629905040, +2.96, +24.271,  +0.13842, -144.000, +1075.000, -560.000
1629905100, +2.96, +24.255,  +0.04552, -144.000, +1073.000, -552.000
1629905160, +2.96, +24.255,  +0.03313, -144.000, +1080.000, -568.000
1629905220, +2.96, +24.263,  +0.10435, -128.000, +1096.000, -640.000
1629905280, +2.96, +24.255,  +0.06100, -148.000, +1039.000, -468.000
1629905340, +2.96, +24.246,  +0.07958, -144.000, +1072.000, -544.000
1629905400, +2.96, +24.246,  +0.07958, -152.000, +1046.000, -480.000
1629905460, +2.96, +24.238,  +0.07649, -144.000, +1068.000, -528.000
1629905520, +2.96, +24.238,  +0.05481, -144.000, +1072.000, -552.000
1629905580, +2.96, +24.246,  +0.03933, -141.000, +1086.000, -592.000
1629905640, +2.96, +24.255,  -0.01951, -144.000, +1076.000, -568.000
1629905700, +2.96, +24.238,  +0.07958, -144.000, +1080.000, -568.000
1629905760, +2.96, +24.230,  +0.05481, -144.000, +1081.000, -584.000
1629905820, +2.96, +24.238,  +0.04862, -148.000, +1054.000, -500.000
1629905880, +2.96, +24.238,  +0.00836, -144.000, +1081.000, -576.000
1629905940, +2.96, +24.221,  +0.03933, -152.000, +1024.000, -452.000
1629906000, +2.96, +24.221,  +0.04242, -148.000, +1008.000, -440.000
1629906060, +2.96, +24.213,  -0.04118, -144.000, +1072.000, -548.000
1629906120, +2.96, +24.213,  +0.07029, -148.000, +1057.000, -504.000
1629906180, +2.96, +24.221,  +0.14461, -128.000, +1096.000, -648.000
1629906240, +2.96, +24.221,  +0.03933, -152.000, +1031.000, -456.000
1629906300, +2.96, +24.221,  -0.00403, -144.000, +1072.000, -543.000
1629906360, +2.96, +24.221,  +0.08578, -144.000, +1075.000, -560.000
1629906420, +2.96, +24.221,  +0.06410, -144.000, +1063.000, -526.000
1629906480, +2.96, +24.205,  +0.01455, -140.000, +1087.000, -596.000
1629906540, +2.96, +24.230,  +0.07958, -128.000, +1096.000, -656.000
1629906600, +2.96, +24.230,  +0.10745, -144.000, +1083.000, -576.000
1629906660, +2.96, +24.221,  +0.04242, -144.000, +1075.000, -560.000
1629906720, +2.96, +24.205,  +0.09816, -138.000, +1086.000, -592.000
1629906780, +2.96, +24.221,  +0.00836, -144.000, +1072.000, -537.000
1629906840, +2.96, +24.213,  +0.08268, -148.000, +1039.000, -472.000
1629906900, +2.96, +24.213,  +0.12913, -144.000, +1073.000, -544.000
1629906960, +2.96, +24.205,  +0.09816, -142.000, +1087.000, -602.000
1629907020, +2.96, +24.230,  +0.06410, -143.000, +1078.000, -560.000
1629907080, +2.96, +24.221,  +0.00217, -128.000, +1100.000, -656.000
1629907140, +2.96, +24.230,  +0.09816, -144.000, +1084.000, -584.000
1629907200, +2.96, +24.213,  +0.05481, -144.000, +1080.000, -576.000
1629907260, +2.96, +24.246,  +0.02384, -148.000, +1039.000, -472.000
1629907320, +2.96, +24.230,  +0.06410, -144.000, +1072.000, -540.000
1629907380, +2.96, +24.221,  +0.06410, -152.000, +1047.000, -480.000
1629907440, +2.96, +24.230,  +0.14461, -144.000, +1079.000, -570.000
1629907500, +2.96, +24.246,  +0.08268, -144.000, +1068.000, -536.000
1629907560, +2.96, +24.230,  +0.10745, -140.000, +1084.000, -588.000
1629907620, +2.96, +24.221,  +0.11364, -148.000, +1052.000, -496.000
1629907680, +2.96, +24.230,  +0.07029, -144.000, +1064.000, -524.000
1629907740, +2.96, +24.238,  +0.12913, -144.000, +1068.000, -528.000
1629907800, +2.96, +24.246,  +0.10126, -141.000, +1080.000, -576.000
1629907860, +2.96, +24.238,  +0.05481, -144.000, +1088.000, -589.000
1629907920, +2.96, +24.238,  +0.09197, -144.000, +1072.000, -544.000
1629907980, +2.96, +24.246,  +0.08578, -148.000, +1008.000, -440.000
1629908040, +2.96, +24.230,  +0.06410, -148.000, +992.000, -429.000
1629908100, +2.96, +24.263,  +0.02384, -152.000, +1039.000, -468.000
1629908160, +2.96, +24.271,  +0.16319, -144.000, +1070.000, -541.000
1629908220, +2.96, +24.255,  +0.07339, -144.000, +1068.000, -528.000
1629908280, +2.96, +24.263,  +0.07029, -144.000, +1075.000, -560.000
1629908340, +2.96, +24.263,  +0.20035, -144.000, +1063.000, -512.000
1629908400, +2.96, +24.271,  +0.05791, -136.000, +1095.000, -632.000
1629908460, +2.96, +24.263,  +0.06410, -144.000, +1080.000, -568.000
1629908520, +2.96, +24.263,  +0.16009, -144.000, +1059.000, -509.000
1629908580, +2.96, +24.280,  +0.05481, -143.000, +1084.000, -584.000
1629908640, +2.96, +24.288,  +0.11055, -148.000, +1040.000, -474.000
1629908700, +2.96, +24.296,  +0.13842, -140.000, +1087.000, -591.000
1629908760, +2.96, +24.280,  +0.08268, -152.000, +1039.000, -472.000
1629908820, +2.96, +24.271,  +0.06410, -144.000, +1070.000, -540.000
1629908880, +2.96, +24.296,  +0.04862, -141.000, +1087.000, -602.000
1629908940, +2.96, +24.296,  +0.06100, -144.000, +1078.000, -562.000
1629909000, +2.96, +24.280,  +0.07029, -152.000, +1008.000, -436.000
1629909060, +2.96, +24.305,  +0.15080, -152.000, +1000.000, -434.000
1629909120, +2.96, +24.288,  +0.12913, -148.000, +1063.000, -524.000
1629909180, +2.96, +24.296,  +0.05171, -144.000, +1065.000, -528.000
1629909240, +2.96, +24.296,  +0.04862, -148.000, +1046.000, -480.000
1629909300, +2.96, +24.330,  +0.15080, -136.000, +1092.000, -624.000
1629909360, +2.96, +24.322,  +0.05791, -144.000, +1075.000, -552.000
1629909420, +2.96, +24.313,  +0.10126, -144.000, +1068.000, -536.000
1629909480, +2.96, +24.322,  +0.00217, -148.000, +1030.000, -456.000
1629909540, +2.96, +24.305,  +0.07029, -148.000, +1020.000, -447.000
1629909600, +2.96, +24.313,  +0.09507, -144.000, +1047.000, -480.000
1629909660, +2.96, +24.338,  +0.12293, -148.000, +1056.000, -506.000
1629909720, +2.96, +24.330,  +0.05481, -144.000, +1084.000, -584.000
1629909780, +2.96, +24.322,  +0.16009, -144.000, +1084.000, -590.000
1629909840, +2.96, +24.330,  +0.02075, -148.000, +1062.000, -512.000
1629909900, +2.96, +24.330,  +0.07958, -152.000, +1014.000, -441.000
1629909960, +2.96, +24.305,  +0.11674, -148.000, +991.000, -428.000
1629910020, +2.96, +24.355,  +0.07958, -144.000, +1071.000, -544.000
1629910080, +2.96, +24.347,  +0.14771, -148.000, +992.000, -432.000
1629910140, +2.96, +24.355,  +0.13222, -152.000, +1030.000, -456.000
1629910200, +2.96, +24.347,  +0.13842, -152.000, +1033.000, -464.000
1629910260, +2.96, +24.355,  +0.07029, -148.000, +1055.000, -500.000
1629910320, +2.96, +24.355,  +0.16938, -148.000, +1046.000, -480.000
1629910380, +2.96, +24.363,  +0.02384, -152.000, +1039.000, -472.000
1629910440, +2.96, +24.363,  +0.12293, -148.000, +1036.000, -464.000
1629910500, +2.96, +24.372,  +0.06410, -148.000, +1011.000, -440.000
1629910560, +2.96, +24.380,  +0.14151, -152.000, +1024.000, -448.000
1629910620, +2.96, +24.363,  +0.15390, -152.000, +995.000, -432.000
1629910680, +2.96, +24.380,  +0.07649, -152.000, +1024.000, -452.000
1629910740, +2.96, +24.380,  +0.12293, -144.000, +1052.000, -496.000
1629910800, +2.96, +24.405,  +0.12913, -148.000, +1052.000, -496.000
1629910860, +2.96, +24.397,  +0.13222, -148.000, +1052.000, -492.000
1629910920, +2.96, +24.388,  +0.06720, -152.000, +1039.000, -472.000
1629910980, +2.96, +24.363,  +0.11984, -148.000, +1052.000, -496.000
1629911040, +2.96, +24.397,  +0.11364, -148.000, +1070.000, -544.000
1629911100, +2.96, +24.413,  +0.11674, -148.000, +1039.000, -468.000
1629911160, +2.96, +24.430,  +0.11984, -152.000, +1033.000, -464.000
1629911220, +2.96, +24.438,  +0.15700, -152.000, +1031.000, -456.000
1629911280, +2.96, +24.422,  +0.10435, -148.000, +1040.000, -472.000
1629911340, +2.96, +24.438,  +0.12293, -152.000, +1038.000, -468.000
1629911400, +2.96, +24.438,  +0.07029, -148.000, +1031.000, -456.000
1629911460, +2.96, +24.455,  +0.12603, -148.000, +1036.000, -462.000
1629911520, +2.96, +24.463,  +0.06410, -144.000, +1076.000, -568.000
1629911580, +2.96, +24.455,  +0.16009, -148.000, +1032.000, -468.000
1629911640, +2.96, +24.463,  +0.11364, -152.000, +1009.000, -440.000
1629911700, +2.96, +24.472,  +0.10126, -148.000, +1038.000, -468.000
1629911760, +2.96, +24.480,  +0.09816, -148.000, +990.000, -426.000
1629911820, +2.96, +24.480,  +0.10435, -148.000, +984.000, -424.000
1629911880, +2.96, +24.472,  +0.11674, -148.000, +1036.000, -468.000
1629911940, +2.96, +24.463,  +0.07958, -152.000, +1033.000, -456.000
1629912000, +2.96, +24.505,  +0.21274, -152.000, +1024.000, -452.000
1629912060, +2.96, +24.505,  +0.12913, -148.000, +1036.000, -464.000
1629912120, +2.96, +24.488,  +0.16629, -153.000, +1008.000, -436.000
1629912180, +2.96, +24.530,  +0.11984, -153.000, +999.000, -432.000
1629912240, +2.96, +24.530,  +0.04862, -148.000, +1016.000, -442.000
1629912300, +2.96, +24.547,  +0.18487, -148.000, +1033.000, -464.000
1629912360, +2.96, +24.538,  +0.13842, -148.000, +992.000, -430.000
1629912420, +2.96, +24.555,  +0.35518, -148.000, +1025.000, -448.000
1629912480, +2.96, +24.555,  +0.35518, -148.000, +990.000, -428.000
1629912540, +2.96, +24.555,  +0.44808, -148.000, +988.000, -432.000
1629912600, +2.96, +24.555,  +0.67103, -148.000, +1036.000, -464.000
1629912660, +2.96, +24.597,  +0.71129, -148.000, +990.000, -428.000
1629912720, +2.96, +24.572,  +0.69890, -152.000, +1027.000, -452.000
1629912780, +2.96, +24.563,  +0.70819, -148.000, +992.000, -428.000
1629912840, +2.96, +24.588,  +0.68032, -149.000, +988.000, -426.000
1629912900, +2.96, +24.613,  +0.65555, -144.000, +1072.000, -544.000
1629912960, +2.96, +24.605,  +0.65555, -148.000, +1031.000, -464.000
1629913020, +2.96, +24.630,  +0.76393, -152.000, +988.000, -426.000
1629913080, +2.96, +24.630,  +0.73915, -151.000, +990.000, -428.000
1629913140, +2.96, +24.655,  +0.71748, -152.000, +1020.000, -448.000
1629913200, +2.96, +24.638,  +0.74844, -148.000, +988.000, -428.000
1629913260, +2.96, +24.647,  +0.68342, -148.000, +984.000, -430.000
1629913320, +2.96, +24.663,  +0.74844, -148.000, +992.000, -431.000
1629913380, +2.96, +24.672,  +0.68032, -145.000, +988.000, -426.000
1629913440, +2.96, +24.663,  +0.62768, -152.000, +1048.000, -484.000
1629913500, +2.96, +24.672,  +0.74844, -151.000, +990.000, -429.000
1629913560, +2.96, +24.697,  +0.65555, -148.000, +988.000, -429.000
1629913620, +2.96, +24.688,  +0.64626, -144.000, +988.000, -426.000
1629913680, +2.96, +24.697,  +0.62148, -146.000, +984.000, -420.000
1629913740, +2.96, +24.688,  +0.57504, -148.000, +988.000, -428.000
1629913800, +2.96, +24.730,  +0.61529, -146.000, +984.000, -424.000
1629913860, +2.96, +24.747,  +0.59671, -148.000, +988.000, -424.000
1629913920, +2.96, +24.747,  +0.49143, -146.000, +985.000, -424.000
1629913980, +2.96, +24.747,  +0.61839, -151.000, +988.000, -429.000
1629914040, +2.96, +24.755,  +0.57813, -152.000, +990.000, -429.000
1629914100, +2.96, +24.747,  +0.69271, -152.000, +1011.000, -442.000
1629914160, +2.96, +24.771,  +0.54407, -152.000, +1016.000, -440.000
1629914220, +2.96, +24.780,  +0.58123, -146.000, +988.000, -429.000
1629914280, +2.96, +24.780,  +0.64935, -152.000, +990.000, -429.000
1629914340, +2.96, +24.796,  +0.57813, -148.000, +988.000, -428.000
1629914400, +2.96, +24.813,  +0.53168, -144.000, +984.000, -424.000
1629914460, +2.96, +24.830,  +0.68032, -128.000, +1070.000, -664.000
1629914520, +2.96, +24.846,  +0.67413, -145.000, +988.000, -420.000
1629914580, +2.96, +24.838,  +0.68342, -145.000, +985.000, -420.000
1629914640, +2.96, +24.896,  +0.59052, -144.000, +985.000, -420.000
1629914700, +2.96, +24.921,  +0.57504, -138.000, +1094.000, -624.000
1629914760, +2.96, +24.946,  +0.67413, -128.000, +1094.000, -656.000
1629914820, +2.96, +24.955,  +0.48833, -136.000, +1094.000, -648.000
1629914880, +2.96, +24.988,  +0.66174, -140.000, +1091.000, -608.000
1629914940, +2.96, +25.013,  +0.59981, -142.000, +1084.000, -592.000
1629915000, +2.96, +25.030,  +0.58742, -136.000, +1095.000, -632.000
1629915060, +2.96, +25.063,  +0.57194, -128.000, +1091.000, -664.000
1629915120, +2.96, +25.113,  +0.58123, -136.000, +1094.000, -632.000
1629915180, +2.96, +25.146,  +0.55026, -136.000, +1095.000, -640.000
1629915240, +2.96, +25.129,  +0.50072, -128.000, +1095.000, -656.000
1629915300, +2.96, +25.196,  +0.47285, -144.000, +1081.000, -584.000
1629915360, +2.96, +25.204,  +0.55646, -144.000, +1075.000, -564.000
1629915420, +2.96, +25.229,  +0.55026, -144.000, +1075.000, -568.000
1629915480, +2.96, +25.279,  +0.48833, -148.000, +1049.000, -493.000
1629915540, +2.96, +25.304,  +0.56265, -148.000, +1038.000, -473.000
1629915600, +2.96, +25.329,  +0.52239, -144.000, +1072.000, -564.000
1629915660, +2.96, +25.362,  +0.53478, -148.000, +1036.000, -472.000
1629915720, +2.96, +25.387,  +0.55026, -148.000, +1049.000, -496.000
1629915780, +2.96, +25.396,  +0.54097, -144.000, +1064.000, -532.000
1629915840, +2.96, +25.454,  +0.59052, -148.000, +995.000, -432.000
1629915900, +2.96, +25.479,  +0.50381, -152.000, +1016.000, -442.000
1629915960, +2.96, +25.504,  +0.54407, -153.000, +1008.000, -436.000
1629916020, +2.96, +25.504,  +0.53168, -144.000, +1073.000, -560.000
1629916080, +2.96, +25.553,  +0.50072, -152.000, +1016.000, -448.000
1629916140, +2.96, +25.570,  +0.52239, -148.000, +990.000, -432.000
1629916200, +2.96, +25.595,  +0.40782, -148.000, +992.000, -432.000
1629916260, +2.96, +25.620,  +0.46975, -148.000, +1046.000, -488.000
1629916320, +2.96, +25.678,  +0.46975, -152.000, +1000.000, -436.000
1629916380, +2.96, +25.695,  +0.52239, -152.000, +990.000, -429.000
1629916440, +2.96, +25.720,  +0.43879, -146.000, +984.000, -426.000
1629916500, +2.96, +25.720,  +0.43879, -148.000, +984.000, -429.000
1629916560, +2.96, +25.761,  +0.45737, -146.000, +984.000, -424.000
1629916620, +2.96, +25.786,  +0.50691, -146.000, +984.000, -424.000
1629916680, +2.96, +25.803,  +0.50072, -152.000, +1030.000, -456.000
1629916740, +2.96, +25.844,  +0.38614, -148.000, +988.000, -432.000
1629916800, +2.96, +25.861,  +0.44808, -146.000, +984.000, -424.000
1629916860, +2.96, +25.894,  +0.54717, -151.000, +984.000, -423.000
1629916920, +2.96, +25.919,  +0.49143, -146.000, +984.000, -424.000
1629916980, +2.96, +25.927,  +0.43569, -128.000, +1089.000, -664.000
1629917040, +2.96, +25.960,  +0.44188, -144.000, +1073.000, -560.000
1629917100, +2.96, +25.977,  +0.40163, -128.000, +1091.000, -664.000
1629917160, +2.96, +26.010,  +0.41401, -128.000, +1068.000, -664.000
1629917220, +2.96, +26.027,  +0.45737, -128.000, +1084.000, -669.000
1629917280, +2.96, +26.060,  +0.41711, -128.000, +1091.000, -664.000
1629917340, +2.96, +26.068,  +0.44188, -128.000, +1089.000, -660.000
1629917400, +2.96, +26.101,  +0.52239, -136.000, +1087.000, -616.000
1629917460, +2.96, +26.126,  +0.38924, -141.000, +1084.000, -592.000
1629917520, +2.96, +26.159,  +0.36447, -128.000, +1095.000, -648.000
1629917580, +2.96, +26.159,  +0.32731, -128.000, +1091.000, -660.000
1629917640, +2.96, +26.184,  +0.42021, -144.000, +1080.000, -584.000
1629917700, +2.96, +26.226,  +0.31183, -144.000, +1080.000, -572.000
1629917760, +2.96, +26.251,  +0.44808, -144.000, +1075.000, -568.000
1629917820, +2.96, +26.259,  +0.39543, -144.000, +1072.000, -562.000
1629917880, +2.96, +26.292,  +0.36447, -144.000, +1070.000, -544.000
1629917940, +2.96, +26.325,  +0.37376, -144.000, +1070.000, -544.000
1629918000, +2.96, +26.325,  +0.43569, -144.000, +1072.000, -560.000
1629918060, +2.96, +26.350,  +0.46356, -153.000, +1008.000, -440.000
1629918120, +2.96, +26.383,  +0.39543, -148.000, +1014.000, -445.000
1629918180, +2.96, +26.408,  +0.63077, -148.000, +1049.000, -496.000
1629918240, +2.96, +26.433,  +0.70819, -148.000, +1054.000, -504.000
1629918300, +2.96, +26.449,  +0.74844, -152.000, +1038.000, -476.000
1629918360, +2.96, +26.474,  +0.67722, -148.000, +1056.000, -512.000
1629918420, +2.96, +26.499,  +0.77631, -151.000, +988.000, -428.000
1629918480, +2.96, +26.532,  +0.82276, -148.000, +1039.000, -472.000
1629918540, +2.96, +26.557,  +0.77941, -152.000, +984.000, -432.000
1629918600, +2.96, +26.582,  +0.77012, -148.000, +984.000, -432.000
1629918660, +2.96, +26.615,  +0.77631, -144.000, +984.000, -424.000
1629918720, +2.96, +26.632,  +0.72986, -148.000, +985.000, -432.000
1629918780, +2.96, +26.673,  +0.81038, -152.000, +1016.000, -448.000
1629918840, +2.96, +26.673,  +0.79489, -146.000, +983.000, -424.000
1629918900, +2.96, +26.698,  +0.77322, -152.000, +1006.000, -440.000
1629918960, +2.96, +26.739,  +0.81967, -152.000, +1008.000, -442.000
1629919020, +2.96, +26.739,  +0.81967, -148.000, +983.000, -424.000
1629919080, +2.96, +26.764,  +0.78560, -146.000, +984.000, -424.000
1629919140, +2.96, +26.814,  +0.78560, -145.000, +983.000, -420.000
1629919200, +2.96, +26.847,  +0.77322, -148.000, +985.000, -428.000
1629919260, +2.96, +26.855,  +0.75154, -128.000, +1065.000, -664.000
1629919320, +2.96, +26.896,  +0.73915, -145.000, +983.000, -423.000
1629919380, +2.96, +26.904,  +0.78870, -128.000, +1047.000, -625.000
1629919440, +2.96, +26.929,  +0.75464, -146.000, +985.000, -432.000
1629919500, +2.96, +26.946,  +0.81657, -128.000, +1047.000, -617.000
1629919560, +2.96, +26.995,  +0.78560, -136.000, +1088.000, -624.000
1629919620, +2.96, +26.987,  +0.74535, -144.000, +1064.000, -537.000
1629919680, +2.96, +27.037,  +0.78870, -126.000, +1072.000, -666.000
1629919740, +2.96, +27.070,  +0.72986, -144.000, +1072.000, -552.000
1629919800, +2.96, +27.094,  +0.78870, -144.000, +1072.000, -556.000
1629919860, +2.96, +27.103,  +0.74225, -141.000, +1081.000, -600.000
1629919920, +2.96, +27.136,  +0.73606, -144.000, +1072.000, -559.000
1629919980, +2.96, +27.169,  +0.73915, -144.000, +1068.000, -544.000
1629920040, +2.96, +27.185,  +0.72677, -149.000, +992.000, -432.000
1629920100, +2.96, +27.210,  +0.79799, -144.000, +1072.000, -562.000
1629920160, +2.96, +27.243,  +0.72677, -127.000, +1081.000, -668.000
1629920220, +2.96, +27.251,  +0.77012, -144.000, +1080.000, -576.000
1629920280, +2.96, +27.268,  +0.85063, -144.000, +1076.000, -568.000
1629920340, +2.96, +27.284,  +0.78560, -144.000, +1056.000, -512.000
1629920400, +2.96, +27.284,  +0.77012, -140.000, +1086.000, -608.000
1629920460, +2.96, +27.309,  +0.82896, -144.000, +1073.000, -568.000
1629920520, +2.96, +27.326,  +0.82586, -144.000, +1068.000, -544.000
1629920580, +2.96, +27.317,  +0.81657, -152.000, +1000.000, -434.000
1629920640, +2.96, +27.326,  +0.75773, -148.000, +1062.000, -528.000
1629920700, +2.96, +27.359,  +0.87540, -144.000, +1080.000, -572.000
1629920760, +2.96, +27.359,  +0.81967, -153.000, +992.000, -432.000
1629920820, +2.96, +27.359,  +0.79799, -146.000, +983.000, -424.000
1629920880, +2.96, +27.383,  +0.90018, -148.000, +984.000, -424.000
1629920940, +2.96, +27.367,  +0.84444, -148.000, +1056.000, -512.000
1629921000, +2.96, +27.375,  +0.83515, -148.000, +1046.000, -484.000
1629921060, +2.96, +27.383,  +0.80728, -148.000, +992.000, -432.000
1629921120, +2.96, +27.375,  +0.83205, -151.000, +1016.000, -448.000
1629921180, +2.96, +27.383,  +0.84753, -144.000, +1062.000, -524.000
1629921240, +2.96, +27.391,  +0.89089, -148.000, +1056.000, -508.000
1629921300, +2.96, +27.375,  +0.80109, -148.000, +1020.000, -452.000
1629921360, +2.96, +27.367,  +0.82276, -144.000, +1068.000, -544.000
1629921420, +2.96, +27.383,  +0.85373, -146.000, +1055.000, -500.000
1629921480, +2.96, +27.383,  +0.87540, -144.000, +1068.000, -541.000
1629921540, +2.96, +27.383,  +0.71438, -152.000, +1006.000, -436.000
1629921600, +2.96, +27.375,  +0.79489, -148.000, +1024.000, -452.000
1629921660, +2.96, +27.391,  +0.81038, -144.000, +1065.000, -528.000
1629921720, +2.96, +27.375,  +0.83825, -148.000, +1025.000, -456.000
1629921780, +2.96, +27.359,  +0.81347, -152.000, +1015.000, -440.000
1629921840, +2.96, +27.367,  +0.89708, -148.000, +1055.000, -504.000
1629921900, +2.96, +27.383,  +0.83515, -152.000, +1030.000, -456.000
1629921960, +2.96, +27.367,  +0.90637, -152.000, +1020.000, -448.000
1629922020, +2.96, +27.375,  +0.75773, -144.000, +984.000, -424.000
1629922080, +2.96, +27.367,  +0.87540, -144.000, +1070.000, -548.000
1629922140, +2.96, +27.367,  +0.85992, -144.000, +1072.000, -544.000
1629922200, +2.96, +27.367,  +0.77941, -144.000, +1072.000, -552.000
1629922260, +2.96, +27.359,  +0.96521, -148.000, +1056.000, -512.000
1629922320, +2.96, +27.367,  +0.95592, -144.000, +1065.000, -532.000
1629922380, +2.96, +27.350,  +0.91256, -144.000, +1075.000, -560.000
1629922440, +2.96, +27.359,  +0.97759, -148.000, +988.000, -426.000
1629922500, +2.96, +27.326,  +1.01475, -144.000, +1073.000, -552.000
1629922560, +2.96, +27.342,  +0.95901, -144.000, +1065.000, -528.000
1629922620, +2.96, +27.334,  +0.99307, -152.000, +1008.000, -436.000
1629922680, +2.96, +27.317,  +0.99617, -144.000, +1056.000, -512.000
1629922740, +2.96, +27.284,  +1.04881, -145.000, +985.000, -424.000
1629922800, +2.96, +27.276,  +0.81038, -144.000, +1052.000, -498.000
1629922860, +2.96, +27.276,  +1.04881, -144.000, +1080.000, -576.000
1629922920, +2.96, +27.218,  +0.91566, -144.000, +1064.000, -536.000
1629922980, +2.96, +27.218,  +0.74844, -152.000, +1025.000, -456.000
1629923040, +2.96, +27.218,  +0.93734, -144.000, +1063.000, -528.000
1629923100, +2.96, +27.218,  +1.07978, -144.000, +1086.000, -600.000
1629923160, +2.96, +27.202,  +1.00856, -144.000, +1075.000, -556.000
1629923220, +2.96, +27.177,  +1.16339, -144.000, +1079.000, -576.000
1629923280, +2.96, +27.185,  +1.12003, -136.000, +1096.000, -628.000
1629923340, +2.96, +27.177,  +1.10765, -144.000, +1079.000, -572.000
1629923400, +2.96, +27.152,  +0.82586, -141.000, +1087.000, -600.000
1629923460, +2.96, +27.169,  +1.05810, -136.000, +1089.000, -616.000
1629923520, +2.96, +27.169,  +1.19126, -128.000, +1088.000, -656.000
1629923580, +2.96, +27.161,  +1.31202, -148.000, +1048.000, -484.000
1629923640, +2.96, +27.152,  +1.06120, -128.000, +1044.000, -593.000
1629923700, +2.96, +27.161,  +0.84444, -142.000, +1084.000, -576.000
1629923760, +2.96, +27.169,  +1.20984, -144.000, +1075.000, -564.000
1629923820, +2.96, +27.144,  +1.21603, -143.000, +1078.000, -564.000
1629923880, +2.96, +27.169,  +1.34918, -136.000, +1091.000, -624.000
1629923940, +2.96, +27.152,  +1.06430, -144.000, +1081.000, -580.000
1629924000, +2.96, +27.161,  +0.85373, -152.000, +1046.000, -488.000
1629924060, +2.96, +27.152,  +1.37395, -144.000, +1068.000, -538.000
1629924120, +2.96, +27.152,  +1.37395, -140.000, +1087.000, -600.000
1629924180, +2.96, +27.144,  +0.79180, -144.000, +1078.000, -576.000
1629924240, +2.96, +27.136,  +0.78251, -128.000, +1048.000, -617.000
1629924300, +2.96, +27.144,  +0.78560, -141.000, +1088.000, -608.000
1629924360, +2.96, +27.111,  +1.45137, -136.000, +1088.000, -612.000
1629924420, +2.96, +27.111,  +1.17887, -144.000, +1068.000, -538.000
1629924480, +2.96, +27.086,  +0.96521, -128.000, +1081.000, -664.000
1629924540, +2.96, +27.086,  +1.10145, -136.000, +1086.000, -604.000
1629924600, +2.96, +27.078,  +1.31202, -125.000, +1080.000, -666.000
1629924660, +2.96, +27.053,  +1.46376, -128.000, +1092.000, -656.000
1629924720, +2.96, +27.028,  +1.21603, -128.000, +1088.000, -664.000
1629924780, +2.96, +27.020,  +1.46376, -144.000, +1072.000, -554.000
1629924840, +2.96, +27.004,  +1.63407, -128.000, +1088.000, -660.000
1629924900, +2.96, +27.004,  +1.33989, -144.000, +1080.000, -569.000
1629924960, +2.96, +26.954,  +1.54427, -148.000, +985.000, -420.000
1629925020, +2.96, +26.987,  +1.12932, -145.000, +985.000, -420.000
1629925080, +2.96, +26.954,  +1.68981, -146.000, +988.000, -423.000
1629925140, +2.96, +26.946,  +1.49162, -148.000, +984.000, -423.000
1629925200, +2.96, +26.946,  +1.53807, -146.000, +984.000, -420.000
1629925260, +2.96, +26.913,  +0.38614, -146.000, +984.000, -420.000
1629925320, +2.96, +26.880,  +0.94353, -128.000, +1052.000, -639.000
1629925380, +2.96, +26.896,  +1.04881, -146.000, +984.000, -424.000
1629925440, +2.96, +26.880,  +1.67432, -151.000, +984.000, -423.000
1629925500, +2.96, +26.863,  +1.34299, -146.000, +987.000, -423.000
1629925560, +2.96, +26.855,  +1.19745, -136.000, +1092.000, -616.000
1629925620, +2.96, +26.847,  +0.91876, -128.000, +1073.000, -660.000
1629925680, +2.96, +26.822,  +0.98688, -151.000, +990.000, -428.000
1629925740, +2.96, +26.814,  +1.78580, -151.000, +988.000, -428.000
1629925800, +2.96, +26.789,  +1.76103, -145.000, +984.000, -424.000
1629925860, +2.96, +26.780,  +1.69910, -144.000, +988.000, -420.000
1629925920, +2.96, +26.789,  +1.70839, -148.000, +995.000, -426.000
1629925980, +2.96, +26.772,  +1.77651, -145.000, +985.000, -424.000
1629926040, +2.96, +26.764,  +1.73625, -144.000, +988.000, -428.000
1629926100, +2.96, +26.747,  +1.79509, -148.000, +1008.000, -440.000
1629926160, +2.96, +26.739,  +1.81367, -148.000, +984.000, -424.000
1629926220, +2.96, +26.723,  +1.03952, -148.000, +985.000, -424.000
1629926280, +2.96, +26.706,  +1.17887, -152.000, +999.000, -434.000
1629926340, +2.96, +26.706,  +0.96830, -128.000, +1047.000, -617.000
1629926400, +2.96, +26.723,  +1.79199, -148.000, +985.000, -420.000
1629926460, +2.96, +26.689,  +1.01785, -151.000, +992.000, -428.000
1629926520, +2.96, +26.714,  +1.67432, -144.000, +984.000, -420.000
1629926580, +2.96, +26.731,  +1.74864, -148.000, +990.000, -428.000
1629926640, +2.96, +26.747,  +0.89089, -152.000, +988.000, -426.000
1629926700, +2.96, +26.739,  +0.83515, -148.000, +984.000, -417.000
1629926760, +2.96, +26.764,  +1.08907, -151.000, +992.000, -428.000
1629926820, +2.96, +26.780,  +1.96850, -145.000, +984.000, -420.000
1629926880, +2.96, +26.780,  +1.95921, -144.000, +985.000, -426.000
1629926940, +2.96, +26.805,  +1.60620, -145.000, +984.000, -424.000
1629927000, +2.96, +26.822,  +1.92824, -146.000, +984.000, -416.000
1629927060, +2.96, +26.830,  +1.93134, -145.000, +984.000, -420.000
1629927120, +2.96, +26.830,  +1.80438, -148.000, +984.000, -424.000
1629927180, +2.96, +26.838,  +1.95611, -128.000, +1048.000, -626.000
1629927240, +2.96, +26.863,  +2.04282, -128.000, +1048.000, -617.000
1629927300, +2.96, +26.863,  +2.00566, -146.000, +984.000, -420.000
1629927360, +2.96, +26.863,  +2.02424, -125.000, +1068.000, -656.000
1629927420, +2.96, +26.871,  +1.99327, -128.000, +1091.000, -656.000
1629927480, +2.96, +26.880,  +2.09546, -128.000, +1072.000, -656.000
1629927540, +2.96, +26.880,  +1.08907, -126.000, +1070.000, -656.000
1629927600, +2.96, +26.880,  +2.18526, -144.000, +984.000, -420.000
1629927660, +2.96, +26.863,  +2.02424, -140.000, +1091.000, -616.000
1629927720, +2.96, +26.880,  +1.94992, -128.000, +1073.000, -664.000
1629927780, +2.96, +26.838,  +2.12333, -145.000, +984.000, -420.000
1629927840, +2.96, +26.863,  +2.22551, -146.000, +985.000, -426.000
1629927900, +2.96, +26.847,  +2.10475, -146.000, +984.000, -424.000
1629927960, +2.96, +26.838,  +2.16978, -152.000, +988.000, -426.000
1629928020, +2.96, +26.830,  +2.17287, -146.000, +984.000, -424.000
1629928080, +2.96, +26.797,  +2.23171, -148.000, +988.000, -424.000
1629928140, +2.96, +26.805,  +2.25958, -153.000, +996.000, -432.000
1629928200, +2.96, +26.797,  +2.12952, -148.000, +990.000, -426.000
1629928260, +2.96, +26.805,  +2.18836, -148.000, +1054.000, -500.000
1629928320, +2.96, +26.780,  +2.33389, -148.000, +988.000, -426.000
1629928380, +2.96, +26.780,  +2.34628, -146.000, +988.000, -429.000
1629928440, +2.96, +26.756,  +2.34628, -148.000, +988.000, -428.000
1629928500, +2.96, +26.723,  +2.38034, -148.000, +990.000, -424.000
1629928560, +2.96, +26.714,  +2.44228, -148.000, +1020.000, -448.000
1629928620, +2.96, +26.723,  +2.39892, -151.000, +988.000, -424.000
