7530-428102
OS REV: 1.05 Sensor Cal: 1572940800
Time (sec),  Bat (Volts),   T (deg C),  PAR (umol/(s m^2))  Ax (g), Ay (g), Az (g)
1629410280, +2.99, +25.362,  -0.07215, -126.000, -64.000, +1336.000
1629410340, +2.99, +25.371,  -0.01641, -128.000, -45.000, +1329.000
1629410400, +2.99, +25.362,  -0.01022, -140.000, -50.000, +1367.000
1629410460, +2.99, +25.354,  -0.07215, -136.000, -47.000, +1343.000
1629410520, +2.99, +25.362,  -0.07834, -144.000, -58.000, +1395.000
1629410580, +2.99, +25.329,  -0.00093, -140.000, -48.000, +1369.000
1629410640, +2.99, +25.362,  +0.00526, -141.000, -56.000, +1384.000
1629410700, +2.99, +25.354,  -0.01332, -138.000, -50.000, +1372.000
1629410760, +2.99, +25.362,  -0.00403, -128.000, -44.000, +1336.000
1629410820, +2.99, +25.371,  +0.03313, -144.000, -52.000, +1384.000
1629410880, +2.99, +25.371,  -0.01022, -128.000, -48.000, +1328.000
1629410940, +2.99, +25.379,  -0.07834, -128.000, -48.000, +1343.000
1629411000, +2.99, +25.371,  -0.02261, -128.000, -48.000, +1331.000
1629411060, +2.99, +25.379,  -0.00712, -141.000, -52.000, +1377.000
1629411120, +2.99, +25.362,  +0.07029, -136.000, -48.000, +1352.000
1629411180, +2.99, +25.379,  -0.02570, -140.000, -55.000, +1383.000
1629411240, +2.99, +25.379,  -0.11241, -128.000, -48.000, +1328.000
1629411300, +2.99, +25.379,  -0.00712, -128.000, -48.000, +1328.000
1629411360, +2.99, +25.379,  -0.08763, -136.000, -48.000, +1353.000
1629411420, +2.99, +25.379,  -0.02261, -128.000, -48.000, +1331.000
1629411480, +2.99, +25.379,  +0.02384, -126.000, -57.000, +1328.000
1629411540, +2.99, +25.354,  -0.02880, -136.000, -52.000, +1372.000
1629411600, +2.99, +25.387,  -0.06286, -136.000, -48.000, +1361.000
1629411660, +2.99, +25.371,  -0.01022, -140.000, -52.000, +1374.000
1629411720, +2.99, +25.371,  -0.04428, -128.000, -44.000, +1340.000
1629411780, +2.99, +25.379,  -0.05357, -144.000, -52.000, +1377.000
1629411840, +2.99, +25.362,  -0.12170, -140.000, -52.000, +1374.000
1629411900, +2.99, +25.387,  +0.05481, -140.000, -52.000, +1388.000
1629411960, +2.99, +25.396,  +0.07958, -136.000, -48.000, +1359.000
1629412020, +2.99, +25.371,  -0.08454, -144.000, -50.000, +1374.000
1629412080, +2.99, +25.379,  -0.06286, -136.000, -45.000, +1337.000
1629412140, +2.99, +25.371,  -0.06286, -136.000, -48.000, +1368.000
1629412200, +2.99, +25.387,  -0.17434, -136.000, -48.000, +1359.000
1629412260, +2.99, +25.404,  -0.09073, -140.000, -48.000, +1359.000
1629412320, +2.99, +25.396,  +0.00217, -128.000, -45.000, +1340.000
1629412380, +2.99, +25.404,  -0.02261, -141.000, -52.000, +1372.000
1629412440, +2.99, +25.387,  -0.01332, -140.000, -52.000, +1379.000
1629412500, +2.99, +25.404,  -0.10312, -144.000, -72.000, +1433.000
1629412560, +2.99, +25.404,  +0.00526, -140.000, -56.000, +1383.000
1629412620, +2.99, +25.404,  +0.02384, -140.000, -52.000, +1377.000
1629412680, +2.99, +25.387,  -0.11550, -144.000, -56.000, +1407.000
1629412740, +2.99, +25.396,  -0.08454, -141.000, -57.000, +1387.000
1629412800, +2.99, +25.404,  -0.09073, -138.000, -50.000, +1366.000
1629412860, +2.99, +25.404,  +0.03623, -128.000, -45.000, +1340.000
1629412920, +2.99, +25.404,  +0.17558, -144.000, -56.000, +1391.000
1629412980, +2.99, +25.412,  -0.11241, -141.000, -56.000, +1374.000
1629413040, +2.99, +25.421,  +0.09507, -136.000, -56.000, +1383.000
1629413100, +2.99, +25.412,  -0.01951, -144.000, -61.000, +1400.000
1629413160, +2.99, +25.412,  -0.12479, -140.000, -56.000, +1390.000
1629413220, +2.99, +25.429,  -0.01332, -140.000, -56.000, +1387.000
1629413280, +2.99, +25.412,  -0.05667, -141.000, -58.000, +1398.000
1629413340, +2.99, +25.412,  -0.02880, -141.000, -56.000, +1382.000
1629413400, +2.99, +25.412,  -0.01951, -142.000, -56.000, +1388.000
1629413460, +2.99, +25.421,  -0.10621, -144.000, -56.000, +1393.000
1629413520, +2.99, +25.421,  -0.09073, -144.000, -64.000, +1409.000
1629413580, +2.99, +25.421,  -0.03499, -136.000, -50.000, +1359.000
1629413640, +2.99, +25.412,  +0.00836, -141.000, -58.000, +1384.000
1629413700, +2.99, +25.429,  -0.01951, -138.000, -52.000, +1379.000
1629413760, +2.99, +25.421,  -0.00403, -144.000, -56.000, +1385.000
1629413820, +2.99, +25.421,  -0.03809, -136.000, -48.000, +1340.000
1629413880, +2.99, +25.412,  -0.08763, -128.000, -48.000, +1329.000
1629413940, +2.99, +25.421,  -0.03809, -144.000, -68.000, +1424.000
1629414000, +2.99, +25.429,  -0.04118, -136.000, -52.000, +1366.000
1629414060, +2.99, +25.429,  -0.04738, -144.000, -64.000, +1404.000
1629414120, +2.99, +25.445,  -0.02570, -136.000, -52.000, +1372.000
1629414180, +2.99, +25.429,  -0.05976, -128.000, -48.000, +1331.000
1629414240, +2.99, +25.437,  -0.06286, -142.000, -56.000, +1384.000
1629414300, +2.99, +25.445,  -0.02880, -141.000, -56.000, +1384.000
1629414360, +2.99, +25.437,  +0.02694, -144.000, -61.000, +1400.000
1629414420, +2.99, +25.421,  -0.01951, -136.000, -50.000, +1363.000
1629414480, +2.99, +25.437,  -0.10931, -144.000, -58.000, +1392.000
1629414540, +2.99, +25.437,  -0.05357, -148.000, -80.000, +1432.000
1629414600, +2.99, +25.437,  -0.11241, -144.000, -64.000, +1409.000
1629414660, +2.99, +25.445,  -0.06286, -136.000, -50.000, +1368.000
1629414720, +2.99, +25.454,  -0.06286, -128.000, -48.000, +1328.000
1629414780, +2.99, +25.454,  -0.04428, -144.000, -56.000, +1372.000
1629414840, +2.99, +25.445,  -0.01641, -124.000, -60.000, +1396.000
1629414900, +2.99, +25.454,  +0.01146, -128.000, -57.000, +1415.000
1629414960, +2.99, +25.462,  +0.12603, -112.000, -44.000, +1419.000
1629415020, +2.99, +25.462,  -0.10312, -120.000, +16.000, +1432.000
1629415080, +2.99, +25.454,  -0.02570, -120.000, +24.000, +1420.000
1629415140, +2.99, +25.462,  -0.01951, -125.000,  +0.000, +1443.000
1629415200, +2.99, +25.454,  -0.04428, -116.000, +24.000, +1400.000
1629415260, +2.99, +25.462,  -0.18672, -122.000, +16.000, +1417.000
1629415320, +2.99, +25.470,  -0.08454, -98.000, -296.000, +1343.000
1629415380, +2.99, +25.479,  -0.04738, -474.000, +1425.000, +152.000
1629415440, +2.99, +25.470,  -0.09383, -474.000, +1393.000, +216.000
1629415500, +2.99, +25.479,  -0.05976, -472.000, +1404.000, +198.000
1629415560, +2.99, +25.479,  -0.03189, -476.000, +1416.000, +176.000
1629415620, +2.99, +25.470,  -0.12789, -474.000, +1416.000, +176.000
1629415680, +2.99, +25.487,  -0.05047, -476.000, +1416.000, +180.000
1629415740, +2.99, +25.512,  +0.04862, -474.000, +1395.000, +208.000
1629415800, +2.99, +25.470,  -0.04118, -472.000, +1393.000, +220.000
1629415860, +2.99, +25.512,  -0.09383, -472.000, +1422.000, +158.000
1629415920, +2.99, +25.504,  -0.01332, -464.000, +1340.000, +268.000
1629415980, +2.99, +25.504,  +0.01765, -464.000, +1321.000, +268.000
1629416040, +2.99, +25.512,  -0.00403, -474.000, +1383.000, +236.000
1629416100, +2.99, +25.529,  -0.00403, -474.000, +1414.000, +184.000
1629416160, +2.99, +25.529,  +0.04862, -472.000, +1383.000, +230.000
1629416220, +2.99, +25.504,  -0.01332, -464.000, +1331.000, +265.000
1629416280, +2.99, +25.529,  +0.02075, -474.000, +1408.000, +192.000
1629416340, +2.99, +25.545,  -0.06596, -474.000, +1392.000, +220.000
1629416400, +2.99, +25.545,  -0.06905, -474.000, +1417.000, +172.000
1629416460, +2.99, +25.562,  +0.01146, -474.000, +1392.000, +216.000
1629416520, +2.99, +25.545,  +0.07958, -474.000, +1392.000, +224.000
1629416580, +2.99, +25.553,  -0.02880, -472.000, +1427.000, +142.000
1629416640, +2.99, +25.562,  -0.07834, -472.000, +1379.000, +236.000
1629416700, +2.99, +25.562,  -0.03499, -472.000, +1424.000, +152.000
1629416760, +2.99, +25.578,  +0.03623, -474.000, +1420.000, +163.000
1629416820, +2.99, +25.553,  +0.01146, -472.000, +1420.000, +172.000
1629416880, +2.99, +25.587,  -0.09692, -474.000, +1414.000, +180.000
1629416940, +2.99, +25.595,  +0.00217, -468.000, +1359.000, +252.000
1629417000, +2.99, +25.587,  +0.00836, -472.000, +1404.000, +198.000
1629417060, +2.99, +25.595,  -0.08144, -472.000, +1388.000, +224.000
1629417120, +2.99, +25.603,  -0.01951, -468.000, +1376.000, +240.000
1629417180, +2.99, +25.612,  +0.01765, -474.000, +1411.000, +184.000
1629417240, +2.99, +25.620,  -0.03499, -474.000, +1395.000, +214.000
1629417300, +2.99, +25.620,  -0.06286, -472.000, +1400.000, +206.000
1629417360, +2.99, +25.628,  -0.00093, -472.000, +1379.000, +238.000
1629417420, +2.99, +25.603,  -0.04118, -464.000, +1388.000, +227.000
1629417480, +2.99, +25.637,  -0.06596, -461.000, +1351.000, +263.000
1629417540, +2.99, +25.612,  -0.03499, -468.000, +1383.000, +236.000
1629417600, +2.99, +25.637,  -0.01022, -464.000, +1379.000, +240.000
1629417660, +2.99, +25.661,  -0.01022, -468.000, +1411.000, +188.000
1629417720, +2.99, +25.653,  -0.00403, -461.000, +1328.000, +268.000
1629417780, +2.99, +25.645,  -0.00712, -464.000, +1390.000, +231.000
1629417840, +2.99, +25.678,  -0.01641, -452.000, +1311.000, +263.000
1629417900, +2.99, +25.637,  +0.07339, -461.000, +1331.000, +270.000
1629417960, +2.99, +25.653,  -0.07215, -464.000, +1353.000, +263.000
1629418020, +2.99, +25.670,  +0.04242, -464.000, +1382.000, +240.000
1629418080, +2.99, +25.678,  -0.05047, -460.000, +1331.000, +270.000
1629418140, +2.99, +25.670,  -0.06596, -472.000, +1411.000, +192.000
1629418200, +2.99, +25.670,  -0.02261, -464.000, +1366.000, +256.000
1629418260, +2.99, +25.686,  -0.06596, -468.000, +1407.000, +204.000
1629418320, +2.99, +25.703,  -0.00403, -464.000, +1376.000, +246.000
1629418380, +2.99, +25.678,  -0.05667, -464.000, +1406.000, +204.000
1629418440, +2.99, +25.695,  +0.00217, -464.000, +1379.000, +240.000
1629418500, +2.99, +25.736,  -0.00093, -455.000, +1311.000, +264.000
1629418560, +2.99, +25.703,  -0.04738, -464.000, +1353.000, +264.000
1629418620, +2.99, +25.728,  -0.05357, +1006.000, +296.000, -144.000
1629418680, +2.99, +25.711,  +0.04242, +974.000, +224.000, +24.000
1629418740, +2.99, +25.703,  -0.00403, +979.000, +227.000, +24.000
1629418800, +2.99, +25.728,  -0.09073, +284.000, +1315.000, +177.000
1629418860, +2.99, +25.720,  -0.03809, +129.000, +1848.000, -16.000
1629418920, +2.99, +25.728,  -0.06905, +323.000, -113.000, -148.000
1629418980, +2.99, +25.745,  -0.04738, -416.000, +1212.000, +355.000
1629419040, +2.99, +25.753,  -0.09692, -216.000, +480.000, +195.000
1629419100, +2.99, +25.745,  -0.03809, -304.000, +1392.000, +126.000
1629419160, +2.99, +25.761,  +0.01765, -296.000, +1404.000, +115.000
1629419220, +2.99, +25.753,  +0.04552, -296.000, +1364.000, +152.000
1629419280, +2.99, +25.786,  -0.03189, -292.000, +1328.000, +158.000
1629419340, +2.99, +25.778,  -0.02570, -218.000, +1191.000, +294.000
1629419400, +2.99, +25.778,  +0.09816, -264.000, +1371.000, +136.000
1629419460, +2.99, +25.769,  -0.05357, -272.000, +1324.000, +112.000
1629419520, +2.99, +25.786,  +0.04242, -317.000, +1393.000, +120.000
1629419580, +2.99, +25.769,  -0.01022, -304.000, +1427.000, +76.000
1629419640, +2.99, +25.819,  -0.03499, -304.000, +1404.000, +118.000
1629419700, +2.99, +25.836,  +0.02384, -304.000, +1379.000, +144.000
1629419760, +2.99, +25.811,  -0.05357, -301.000, +1438.000, +56.000
1629419820, +2.99, +25.811,  +0.03623, -304.000, +1351.000, +160.000
1629419880, +2.99, +25.836,  -0.07525, -304.000, +1343.000, +158.000
1629419940, +2.99, +25.836,  -0.01332, -304.000, +1343.000, +160.000
1629420000, +2.99, +25.844,  -0.00093, -304.000, +1398.000, +124.000
1629420060, +2.99, +25.819,  -0.01951, -300.000, +1339.000, +158.000
1629420120, +2.99, +25.852,  -0.06286, -304.000, +1379.000, +144.000
1629420180, +2.99, +25.828,  -0.10002, -297.000, +1326.000, +160.000
1629420240, +2.99, +25.844,  +0.04552, -304.000, +1422.000, +92.000
1629420300, +2.99, +25.844,  -0.00093, -296.000, +1324.000, +163.000
1629420360, +2.99, +25.852,  -0.05357, -304.000, +1388.000, +136.000
1629420420, +2.99, +25.869,  +0.02384, -296.000, +1320.000, +159.000
1629420480, +2.99, +25.852,  +0.00836, -288.000, +1408.000,  +0.000
1629420540, +2.99, +25.861,  +0.01146, -295.000, +1319.000, +159.000
1629420600, +2.99, +25.869,  +0.13532, -288.000, +1391.000, +25.000
1629420660, +2.99, +25.869,  -0.06596, -296.000, +1324.000, +156.000
1629420720, +2.99, +25.886,  +0.09507, -305.000, +1343.000, +160.000
1629420780, +2.99, +25.894,  -0.02880, -296.000, +1320.000, +160.000
1629420840, +2.99, +25.894,  -0.05667, -293.000, +1319.000, +159.000
1629420900, +2.99, +25.886,  -0.07834, -300.000, +1331.000, +160.000
1629420960, +2.99, +25.877,  -0.01641, -304.000, +1377.000, +144.000
1629421020, +2.99, +25.902,  -0.05047, -298.000, +1326.000, +160.000
1629421080, +2.99, +25.911,  +0.05791, -296.000, +1324.000, +160.000
1629421140, +2.99, +25.902,  -0.00712, -298.000, +1324.000, +158.000
1629421200, +2.99, +25.927,  -0.01022, -313.000, +1304.000, +160.000
1629421260, +2.99, +25.927,  -0.02570, -349.000, +1383.000, +112.000
1629421320, +2.99, +25.911,  -0.02570, -96.000, +1496.000, +128.000
1629421380, +2.99, +25.927,  -0.03809, -306.000, +1336.000, +168.000
1629421440, +2.99, +25.911,  -0.03499, -305.000, +1313.000, +172.000
1629421500, +2.99, +25.935,  -0.01332, -349.000, +1417.000, +99.000
1629421560, +2.99, +25.944,  -0.01022, -346.000, +1328.000, +310.000
1629421620, +2.99, +25.927,  -0.01332, -346.000, +1326.000, +304.000
1629421680, +2.99, +25.919,  -0.01332, -348.000, +1328.000, +307.000
1629421740, +2.99, +25.927,  -0.03189, -348.000, +1328.000, +307.000
1629421800, +2.99, +25.935,  +0.10126, -346.000, +1327.000, +319.000
1629421860, +2.99, +25.952,  -0.01951, -346.000, +1328.000, +312.000
1629421920, +2.99, +25.960,  -0.10931, -349.000, +1331.000, +312.000
1629421980, +2.99, +25.960,  -0.03189, -344.000, +1411.000, +177.000
1629422040, +2.99, +25.985,  -0.12479, -349.000, +1328.000, +311.000
1629422100, +2.99, +25.960,  -0.09383, -344.000, +1436.000, +144.000
1629422160, +2.99, +25.977,  -0.02880, -346.000, +1327.000, +312.000
1629422220, +2.99, +25.960,  +0.01765, -296.000, +1321.000, +312.000
1629422280, +2.99, +25.977,  -0.04118, -184.000, +1364.000, +182.000
1629422340, +2.99, +25.994,  +0.01765, -424.000, +1340.000, +281.000
1629422400, +2.99, +26.002,  -0.07525, -477.000, +1299.000, +384.000
1629422460, +2.99, +25.985,  -0.07525, -345.000, +1303.000, +278.000
1629422520, +2.99, +25.994,  -0.05047, -121.000, +1379.000, +159.000
1629422580, +2.99, +26.010,  -0.02570, -346.000, +1638.000, +455.000
1629422640, +2.99, +25.985,  +0.02384, -281.000, +1359.000, +328.000
1629422700, +2.99, +26.018,  +0.00836, -336.000, +1433.000, +312.000
1629422760, +2.99, +26.018,  -0.00093, -356.000, +1251.000, +304.000
1629422820, +2.99, +26.018,  +0.02384, -249.000, +1376.000, +321.000
1629422880, +2.99, +26.018,  +0.04242, -308.000, +1527.000, +337.000
1629422940, +2.99, +26.010,  -0.09692, -324.000, +1385.000, +294.000
1629423000, +2.99, +26.027,  -0.06596, -335.000, +1328.000, +287.000
1629423060, +2.99, +26.035,  -0.02880, -288.000, +1571.000, +216.000
1629423120, +2.99, +26.035,  -0.00403, -272.000, +1208.000, +312.000
1629423180, +2.99, +26.027,  +0.01455, -305.000, +1462.000, +296.000
1629423240, +2.99, +26.043,  -0.05667, -200.000, +1196.000, +238.000
1629423300, +2.99, +26.027,  +0.03004, -354.000, +1287.000, +252.000
1629423360, +2.99, +26.043,  -0.09383, -300.000, +1432.000, +254.000
1629423420, +2.99, +26.068,  -0.01022, -304.000, +1427.000, +158.000
1629423480, +2.99, +26.068,  -0.04738, -313.000, +1321.000, +312.000
1629423540, +2.99, +26.068,  -0.00093, -301.000, +1449.000, +136.000
1629423600, +2.99, +26.068,  -0.05976, +579.000, -141.000, -511.000
1629423660, +2.99, +26.068,  +0.00217, +536.000, -175.000, -529.000
1629423720, +2.99, +26.093,  -0.01641, +44.000, +839.000, -236.000
1629423780, +2.99, +26.085,  -0.07834, +83.000, +979.000, -400.000
1629423840, +2.99, +26.110,  -0.02570, -393.000, +1383.000, +43.000
1629423900, +2.99, +26.110,  +0.02694, -392.000, +1417.000,  +0.000
1629423960, +2.99, +26.110,  -0.07834, -392.000, +1311.000, +176.000
1629424020, +2.99, +26.118,  +0.05791, -408.000, +1313.000, +188.000
1629424080, +2.99, +26.118,  -0.01332, -400.000, +1408.000, +16.000
1629424140, +2.99, +26.143,  +0.04242, -400.000, +1308.000, +182.000
1629424200, +2.99, +26.135,  -0.00403, -400.000, +1403.000, +17.000
1629424260, +2.99, +26.126,  -0.03189, -400.000, +1409.000, +12.000
1629424320, +2.99, +26.143,  -0.03189, -413.000, +1319.000, +184.000
1629424380, +2.99, +26.143,  -0.03499, -408.000, +1432.000,  +6.000
1629424440, +2.99, +26.135,  +0.07339, -404.000, +1401.000, +23.000
1629424500, +2.99, +26.168,  -0.05047, -408.000, +1406.000, +20.000
1629424560, +2.99, +26.159,  +0.01765, -408.000, +1391.000, +49.000
1629424620, +2.99, +26.151,  +0.07649, -408.000, +1416.000, +12.000
1629424680, +2.99, +26.159,  -0.01022, -410.000, +1430.000,  +3.000
1629424740, +2.99, +26.159,  -0.03189, -409.000, +1311.000, +188.000
1629424800, +2.99, +26.176,  -0.01332, -416.000, +1432.000, +64.000
1629424860, +2.99, +26.184,  +0.01146, -416.000, +1436.000, +48.000
1629424920, +2.99, +26.159,  +0.16319, -413.000, +1439.000, +12.000
1629424980, +2.99, +26.184,  +0.02384, -409.000, +1308.000, +191.000
1629425040, +2.99, +26.201,  +0.03623, -432.000, +1438.000, +38.000
1629425100, +2.99, +26.176,  +0.00217, -424.000, +1392.000, +47.000
1629425160, +2.99, +26.193,  -0.00712, -434.000, +1295.000, +206.000
1629425220, +2.99, +26.209,  +0.02384, -400.000, +1411.000, +32.000
1629425280, +2.99, +26.226,  -0.07215, -404.000, +1439.000, +28.000
1629425340, +2.99, +26.209,  -0.00712, -402.000, +1318.000, +208.000
1629425400, +2.99, +26.193,  -0.02570, -413.000, +1438.000, +60.000
1629425460, +2.99, +26.242,  +0.02075, -408.000, +1428.000, +118.000
1629425520, +2.99, +26.242,  -0.02570, -392.000, +1454.000, +60.000
1629425580, +2.99, +26.251,  +0.02694, -416.000, +1427.000, +124.000
1629425640, +2.99, +26.242,  +0.07649, -400.000, +1452.000, +72.000
1629425700, +2.99, +26.226,  +0.09197, -392.000, +1372.000, +79.000
1629425760, +2.99, +26.251,  -0.03499, -408.000, +1457.000, +44.000
1629425820, +2.99, +26.275,  +0.06410, -424.000, +1515.000, +44.000
1629425880, +2.99, +26.217,  -0.05047, -397.000, +1344.000, +88.000
1629425940, +2.99, +26.275,  -0.05357, -413.000, +1447.000, +124.000
1629426000, +2.99, +26.267,  -0.04428, -404.000, +1459.000, +15.000
1629426060, +2.99, +26.284,  -0.01951, -400.000, +1360.000, +70.000
1629426120, +2.99, +26.275,  -0.05047, -382.000, +1456.000, +12.000
1629426180, +2.99, +26.284,  +0.03313, -397.000, +1279.000, +143.000
1629426240, +2.99, +26.300,  +0.04242, -376.000, +1456.000,  +0.000
1629426300, +2.99, +26.309,  +0.06410, -368.000, +1390.000, +24.000
1629426360, +2.99, +26.300,  -0.04118, -392.000, +1281.000, +140.000
1629426420, +2.99, +26.325,  -0.08763, -383.000, +1393.000, +152.000
1629426480, +2.99, +26.325,  +0.00217, -408.000, +1494.000, +24.000
1629426540, +2.99, +26.333,  +0.00217, -400.000, +1343.000, +112.000
1629426600, +2.99, +26.309,  +0.01765, -400.000, +1454.000, +64.000
1629426660, +2.99, +26.333,  -0.06596, -409.000, +1351.000, +207.000
1629426720, +2.99, +26.350,  -0.04118, -416.000, +1400.000, +135.000
1629426780, +2.99, +26.317,  -0.01022, -380.000, +1476.000, +30.000
1629426840, +2.99, +26.350,  -0.03189, -381.000, +1443.000, +28.000
1629426900, +2.99, +26.350,  -0.02261, -416.000, +1441.000, +96.000
1629426960, +2.99, +26.375,  +0.05791, -392.000, +1399.000, +56.000
1629427020, +2.99, +26.350,  +0.00836, -412.000, +1441.000, +51.000
1629427080, +2.99, +26.358,  +0.06720, -392.000, +1424.000, +65.000
1629427140, +2.99, +26.375,  -0.09383, -384.000, +1388.000, +32.000
1629427200, +2.99, +26.391,  -0.00093, -412.000, +1431.000, +92.000
1629427260, +2.99, +26.391,  -0.04428, -416.000, +1422.000, +144.000
1629427320, +2.99, +26.375,  -0.04118, -392.000, +1414.000, +144.000
1629427380, +2.99, +26.391,  -0.06286, -400.000, +1431.000, +24.000
1629427440, +2.99, +26.416,  -0.05667, -392.000, +1439.000, +128.000
1629427500, +2.99, +26.400,  -0.05667, -416.000, +1432.000, +80.000
1629427560, +2.99, +26.408,  +0.00526, -408.000, +1444.000, +56.000
1629427620, +2.99, +26.425,  -0.07834, -408.000, +1438.000, +72.000
1629427680, +2.99, +26.425,  -0.11860, -400.000, +1448.000, +44.000
1629427740, +2.99, +26.416,  +0.07958, -410.000, +1420.000, +113.000
1629427800, +2.99, +26.433,  -0.04738, -412.000, +1423.000, +103.000
1629427860, +2.99, +26.425,  -0.02880, -400.000, +1415.000, +41.000
1629427920, +2.99, +26.416,  -0.01332, -410.000, +1443.000, +51.000
1629427980, +2.99, +26.433,  -0.03499, -416.000, +1432.000, +96.000
1629428040, +2.99, +26.441,  +0.05791, -410.000, +1432.000, +96.000
1629428100, +2.99, +26.458,  +0.04552, -410.000, +1447.000, +56.000
1629428160, +2.99, +26.441,  -0.17434, -410.000, +1423.000, +110.000
1629428220, +2.99, +26.449,  -0.06905, -404.000, +1443.000, +44.000
1629428280, +2.99, +26.449,  -0.07215, -424.000, +1359.000, +200.000
1629428340, +2.99, +26.458,  +0.05481, -432.000, +1422.000, +144.000
1629428400, +2.99, +26.458,  -0.02570, -432.000, +1411.000, +156.000
1629428460, +2.99, +26.458,  -0.06286, +71.000, +1167.000, -458.000
1629428520, +2.99, +26.458,  -0.03499, +32.000, +1134.000, -456.000
1629428580, +2.99, +26.483,  -0.03189, +40.000, +884.000, -448.000
1629428640, +2.99, +26.483,  -0.04738, +505.000, -264.000, -688.000
1629428700, +2.99, +26.483,  -0.01641, +472.000, -280.000, -704.000
1629428760, +2.99, +26.491,  -0.06905, -440.000, +1422.000, +80.000
1629428820, +2.99, +26.499,  +0.08268, -400.000, +1368.000, +179.000
1629428880, +2.99, +26.499,  +0.05791, -368.000, +1432.000, +120.000
1629428940, +2.99, +26.507,  -0.03189, -400.000, +1441.000, +211.000
1629429000, +2.99, +26.499,  -0.03189, -480.000, +1520.000, +176.000
1629429060, +2.99, +26.507,  -0.04118, -352.000, +1447.000, +96.000
1629429120, +2.99, +26.507,  -0.03189, -536.000, +1497.000, +96.000
1629429180, +2.99, +26.507,  -0.06286, -285.000, +1430.000, +158.000
1629429240, +2.99, +26.516,  -0.01332, -448.000, +1372.000,  +8.000
1629429300, +2.99, +26.507,  -0.05667, -296.000, +1241.000,  +0.000
1629429360, +2.99, +26.516,  -0.01641, -388.000, +1452.000, +188.000
1629429420, +2.99, +26.524,  -0.05047, +472.000, -234.000, -621.000
1629429480, +2.99, +26.532,  +0.00526, +487.000, -236.000, -672.000
1629429540, +2.99, +26.532,  +0.02384, +483.000, -252.000, -704.000
1629429600, +2.99, +26.532,  +0.03313, +164.000, +1004.000, -520.000
1629429660, +2.99, +26.541,  -0.11550, +103.000, +983.000, -424.000
1629429720, +2.99, +26.532,  -0.05667, +78.000, +1136.000, -612.000
1629429780, +2.99, +26.541,  -0.03499, +489.000, -232.000, -680.000
1629429840, +2.99, +26.532,  -0.04738, +496.000, -232.000, -720.000
1629429900, +2.99, +26.557,  -0.00712, +515.000, -224.000, -808.000
1629429960, +2.99, +26.557,  -0.07215, +494.000, -237.000, -708.000
1629430020, +2.99, +26.549,  -0.04428, +486.000, -244.000, -668.000
1629430080, +2.99, +26.557,  -0.02570, +480.000, -249.000, -628.000
1629430140, +2.99, +26.557,  +0.02384, +499.000, -236.000, -728.000
1629430200, +2.99, +26.549,  -0.00712, +496.000, -236.000, -720.000
1629430260, +2.99, +26.557,  +0.03933, +488.000, -248.000, -668.000
1629430320, +2.99, +26.565,  -0.01641, +480.000, -248.000, -640.000
1629430380, +2.99, +26.557,  -0.05357, +488.000, -244.000, -676.000
1629430440, +2.99, +26.557,  -0.04738, +496.000, -240.000, -704.000
1629430500, +2.99, +26.574,  -0.02570, +496.000, -240.000, -720.000
1629430560, +2.99, +26.574,  +0.03623, +496.000, -240.000, -717.000
1629430620, +2.99, +26.582,  -0.05047, +496.000, -244.000, -698.000
1629430680, +2.99, +26.590,  -0.10002, +489.000, -248.000, -672.000
1629430740, +2.99, +26.582,  +0.03313, +494.000, -244.000, -690.000
1629430800, +2.99, +26.574,  +0.08887, +483.000, -248.000, -640.000
1629430860, +2.99, +26.565,  -0.04738, +496.000, -248.000, -701.000
1629430920, +2.99, +26.598,  -0.05357, +497.000, -240.000, -720.000
1629430980, +2.99, +26.590,  +0.05481, +496.000, -242.000, -716.000
1629431040, +2.99, +26.590,  -0.02570, +496.000, -248.000, -704.000
1629431100, +2.99, +26.607,  -0.08144, +494.000, -244.000, -696.000
1629431160, +2.99, +26.590,  -0.01332, +488.000, -248.000, -672.000
1629431220, +2.99, +26.590,  -0.04428, +497.000, -240.000, -728.000
1629431280, +2.99, +26.615,  -0.04118, +460.000, -256.000, -576.000
1629431340, +2.99, +26.615,  -0.02880, +460.000, -263.000, -584.000
1629431400, +2.99, +26.623,  +0.10435, +476.000, -256.000, -624.000
1629431460, +2.99, +26.632,  +0.03933, +499.000, -242.000, -720.000
1629431520, +2.99, +26.615,  +0.00217, +496.000, -244.000, -701.000
1629431580, +2.99, +26.623,  -0.05667, +512.000, -234.000, -792.000
1629431640, +2.99, +26.640,  -0.00403, +480.000, -256.000, -637.000
1629431700, +2.99, +26.607,  -0.02261, +484.000, -252.000, -656.000
1629431760, +2.99, +26.632,  -0.03499, +489.000, -248.000, -686.000
1629431820, +2.99, +26.648,  -0.06905, +486.000, -250.000, -660.000
1629431880, +2.99, +26.640,  +0.01455, +492.000, -248.000, -688.000
1629431940, +2.99, +26.656,  +0.06410, +488.000, -248.000, -684.000
1629432000, +2.99, +26.640,  +0.03933, +492.000, -252.000, -672.000
1629432060, +2.99, +26.648,  -0.04738, +476.000, -256.000, -621.000
1629432120, +2.99, +26.640,  -0.13408, +489.000, -252.000, -680.000
1629432180, +2.99, +26.665,  -0.01022, +496.000, -248.000, -708.000
1629432240, +2.99, +26.665,  -0.10931, +492.000, -253.000, -688.000
1629432300, +2.99, +26.665,  -0.09073, +481.000, -256.000, -648.000
1629432360, +2.99, +26.673,  -0.03809, +484.000, -256.000, -652.000
1629432420, +2.99, +26.673,  +0.04862, +456.000, -264.000, -576.000
1629432480, +2.99, +26.681,  +0.02075, +488.000, -256.000, -680.000
1629432540, +2.99, +26.681,  -0.05667, +472.000, -264.000, -602.000
1629432600, +2.99, +26.681,  -0.05047, +480.000, -256.000, -640.000
1629432660, +2.99, +26.681,  -0.00712, +488.000, -256.000, -666.000
1629432720, +2.99, +26.689,  -0.04428, +481.000, -256.000, -640.000
1629432780, +2.99, +26.698,  -0.00712, +476.000, -264.000, -612.000
1629432840, +2.99, +26.706,  -0.01641, +480.000, -256.000, -628.000
1629432900, +2.99, +26.698,  +0.01765, +464.000, -264.000, -592.000
1629432960, +2.99, +26.689,  -0.17743, +464.000, -264.000, -592.000
1629433020, +2.99, +26.673,  -0.02261, +492.000, -250.000, -688.000
1629433080, +2.99, +26.689,  -0.01022, +500.000, -248.000, -720.000
1629433140, +2.99, +26.706,  -0.03499, +472.000, -264.000, -608.000
1629433200, +2.99, +26.714,  -0.01951, +457.000, -264.000, -576.000
1629433260, +2.99, +26.714,  +0.02694, +464.000, -264.000, -596.000
1629433320, +2.99, +26.706,  -0.01022, +460.000, -264.000, -584.000
1629433380, +2.99, +26.723,  -0.09073, +456.000, -264.000, -576.000
1629433440, +2.99, +26.706,  -0.08144, +468.000, -264.000, -600.000
1629433500, +2.99, +26.731,  -0.02261, +473.000, -264.000, -616.000
1629433560, +2.99, +26.723,  +0.02075, +487.000, -256.000, -656.000
1629433620, +2.99, +26.723,  -0.03499, +476.000, -264.000, -608.000
1629433680, +2.99, +26.706,  -0.02570, +473.000, -264.000, -608.000
1629433740, +2.99, +26.739,  +0.00526, +456.000, -269.000, -584.000
1629433800, +2.99, +26.739,  -0.08763, +480.000, -264.000, -626.000
1629433860, +2.99, +26.747,  -0.07215, +480.000, -256.000, -640.000
1629433920, +2.99, +26.739,  -0.04738, +497.000, -248.000, -720.000
1629433980, +2.99, +26.747,  +0.01146, +489.000, -256.000, -680.000
1629434040, +2.99, +26.723,  +0.01146, +463.000, -264.000, -586.000
1629434100, +2.99, +26.739,  -0.02880, +472.000, -264.000, -620.000
1629434160, +2.99, +26.714,  -0.10621, +480.000, -264.000, -624.000
1629434220, +2.99, +26.747,  -0.05047, +472.000, -264.000, -608.000
1629434280, +2.99, +26.756,  -0.04738, +480.000, -264.000, -626.000
1629434340, +2.99, +26.772,  +0.02075, +492.000, -256.000, -692.000
1629434400, +2.99, +26.772,  -0.06286, +456.000, -269.000, -580.000
1629434460, +2.99, +26.772,  +0.03313, +472.000, -266.000, -602.000
1629434520, +2.99, +26.780,  -0.00403, +480.000, -266.000, -620.000
1629434580, +2.99, +26.772,  -0.03809, +456.000, -264.000, -570.000
1629434640, +2.99, +26.780,  -0.05667, +467.000, -276.000, -592.000
1629434700, +2.99, +26.789,  +0.07029, +455.000, -276.000, -576.000
1629434760, +2.99, +26.789,  +0.01455, +199.000, +704.000, -536.000
1629434820, +2.99, +26.789,  -0.09073, +80.000, +999.000, -440.000
1629434880, +2.99, +26.772,  +0.02384, +64.000, +839.000, -400.000
1629434940, +2.99, +26.780,  -0.04428, +144.000, +952.000, -494.000
1629435000, +2.99, +26.772,  +0.01455, +480.000, -276.000, -640.000
1629435060, +2.99, +26.789,  +0.00217, +464.000, -306.000, -592.000
1629435120, +2.99, +26.797,  +0.08268, +449.000, -280.000, -584.000
1629435180, +2.99, +26.805,  -0.10312, +446.000, -296.000, -576.000
1629435240, +2.99, +26.797,  -0.03809, +451.000, -298.000, -589.000
1629435300, +2.99, +26.789,  -0.01641, +464.000, -296.000, -624.000
1629435360, +2.99, +26.805,  -0.04738, +451.000, -301.000, -586.000
1629435420, +2.99, +26.780,  +0.03313, +455.000, -345.000, -552.000
1629435480, +2.99, +26.797,  -0.03809, +467.000, -346.000, -586.000
1629435540, +2.99, +26.805,  +0.05171, -444.000, +1324.000, +216.000
1629435600, +2.99, +26.814,  -0.04738, -352.000, +1344.000, +118.000
1629435660, +2.99, +26.814,  -0.05357, -858.000, +483.000, -522.000
1629435720, +2.99, +26.830,  -0.01951, -852.000, +540.000, -568.000
1629435780, +2.99, +26.830,  +0.02694, -846.000, +524.000, -528.000
1629435840, +2.99, +26.805,  -0.03189, -829.000, +504.000, -500.000
1629435900, +2.99, +26.822,  +0.04862, -828.000, +496.000, -496.000
1629435960, +2.99, +26.822,  -0.03189, -858.000, +550.000, -602.000
1629436020, +2.99, +26.814,  +0.00217, -821.000, +496.000, -488.000
1629436080, +2.99, +26.814,  -0.04118, -845.000, +520.000, -512.000
1629436140, +2.99, +26.838,  -0.00093, -829.000, +496.000, -492.000
1629436200, +2.99, +26.838,  -0.00712, -832.000, +502.000, -498.000
1629436260, +2.99, +26.838,  -0.06596, -840.000, +515.000, -510.000
1629436320, +2.99, +26.822,  +0.03623, -832.000, +504.000, -500.000
1629436380, +2.99, +26.847,  -0.00093, -844.000, +512.000, -508.000
1629436440, +2.99, +26.847,  -0.00712, -825.000, +495.000, -484.000
1629436500, +2.99, +26.847,  +0.01146, -848.000, +520.000, -532.000
1629436560, +2.99, +26.838,  -0.00403, -856.000, +551.000, -732.000
1629436620, +2.99, +26.847,  +0.00217, -824.000, +494.000, -484.000
1629436680, +2.99, +26.830,  +0.01455, -829.000, +495.000, -488.000
1629436740, +2.99, +26.847,  +0.03623, -836.000, +499.000, -496.000
1629436800, +2.99, +26.847,  -0.03189, -840.000, +504.000, -504.000
1629436860, +2.99, +26.855,  -0.14647, -826.000, +492.000, -484.000
1629436920, +2.99, +26.871,  -0.01951, -848.000, +519.000, -520.000
1629436980, +2.99, +26.847,  +0.03004, -829.000, +492.000, -488.000
1629437040, +2.99, +26.863,  -0.01641, -856.000, +527.000, -536.000
1629437100, +2.99, +26.838,  -0.02261, -852.000, +519.000, -527.000
1629437160, +2.99, +26.863,  -0.06905, -831.000, +494.000, -488.000
1629437220, +2.99, +26.863,  -0.00712, -832.000, +496.000, -492.000
1629437280, +2.99, +26.855,  -0.01022, -826.000, +496.000, -481.000
1629437340, +2.99, +26.863,  +0.03313, -840.000, +500.000, -496.000
1629437400, +2.99, +26.871,  -0.02570, -840.000, +499.000, -496.000
1629437460, +2.99, +26.863,  +0.00217, -864.000, +528.000, -544.000
1629437520, +2.99, +26.838,  -0.06905, -829.000, +492.000, -482.000
1629437580, +2.99, +26.871,  -0.00093, -848.000, +515.000, -512.000
1629437640, +2.99, +26.880,  +0.02384, -832.000, +496.000, -488.000
1629437700, +2.99, +26.863,  +0.04552, -832.000, +492.000, -488.000
1629437760, +2.99, +26.880,  +0.03623, -816.000, +572.000, -504.000
1629437820, +2.99, +26.880,  +0.03623, -813.000, +564.000, -493.000
1629437880, +2.99, +26.888,  -0.01951, -810.000, +568.000, -472.000
1629437940, +2.99, +26.871,  -0.06286, -832.000, +574.000, -488.000
1629438000, +2.99, +26.880,  +0.03623, -840.000, +592.000, -488.000
1629438060, +2.99, +26.888,  +0.01765, -826.000, +575.000, -468.000
1629438120, +2.99, +26.888,  +0.00217, -824.000, +572.000, -464.000
1629438180, +2.99, +26.830,  -0.09383, -820.000, +604.000, -433.000
1629438240, +2.99, +26.888,  -0.01332, -825.000, +569.000, -458.000
1629438300, +2.99, +26.888,  -0.04118, -824.000, +574.000, -456.000
1629438360, +2.99, +26.863,  +0.08578, -840.000, +588.000, -474.000
1629438420, +2.99, +26.896,  +0.01146, -821.000, +572.000, -456.000
1629438480, +2.99, +26.871,  -0.05976, -826.000, +572.000, -464.000
1629438540, +2.99, +26.896,  -0.02570, -823.000, +576.000, -455.000
1629438600, +2.99, +26.896,  +0.00526, -824.000, +575.000, -456.000
1629438660, +2.99, +26.904,  -0.00712, -820.000, +571.000, -458.000
1629438720, +2.99, +26.888,  +0.01765, -825.000, +572.000, -461.000
1629438780, +2.99, +26.896,  -0.02261, -828.000, +574.000, -464.000
1629438840, +2.99, +26.904,  -0.11241, -824.000, +574.000, -456.000
1629438900, +2.99, +26.880,  -0.08144, -888.000, +574.000, -512.000
1629438960, +2.99, +26.896,  +0.03313, -829.000, +563.000, -455.000
1629439020, +2.99, +26.888,  +0.00217, -836.000, +568.000, -461.000
1629439080, +2.99, +26.888,  +0.02075, -856.000, +593.000, -496.000
1629439140, +2.99, +26.904,  -0.00093, -829.000, +563.000, -456.000
1629439200, +2.99, +26.896,  -0.05357, -832.000, +568.000, -449.000
1629439260, +2.99, +26.904,  -0.01332, -872.000, +614.000, -653.000
1629439320, +2.99, +26.880,  -0.00712, -860.000, +632.000, -682.000
1629439380, +2.99, +26.896,  +0.04552, -825.000, +585.000, -445.000
1629439440, +2.99, +26.880,  -0.09383, -831.000, +588.000, -448.000
1629439500, +2.99, +26.896,  -0.01332, -829.000, +588.000, -448.000
1629439560, +2.99, +26.888,  -0.02570, -829.000, +588.000, -445.000
1629439620, +2.99, +26.888,  +0.01146, -829.000, +588.000, -442.000
1629439680, +2.99, +26.880,  -0.00403, -831.000, +593.000, -440.000
1629439740, +2.99, +26.888,  +0.03313, -840.000, +604.000, -445.000
1629439800, +2.99, +26.855,  -0.07834, -858.000, +624.000, -460.000
1629439860, +2.99, +26.896,  -0.02261, -848.000, +609.000, -442.000
1629439920, +2.99, +26.896,  -0.02880, -872.000, +643.000, -643.000
1629439980, +2.99, +26.880,  -0.01332, -848.000, +614.000, -448.000
1629440040, +2.99, +26.896,  -0.02261, -840.000, +604.000, -440.000
1629440100, +2.99, +26.904,  -0.00093, -834.000, +600.000, -436.000
1629440160, +2.99, +26.896,  -0.02261, -845.000, +606.000, -426.000
1629440220, +2.99, +26.888,  +0.05171, -844.000, +604.000, -424.000
1629440280, +2.99, +26.904,  -0.05667, -848.000, +608.000, -429.000
1629440340, +2.99, +26.888,  -0.04118, -845.000, +606.000, -423.000
1629440400, +2.99, +26.888,  -0.02880, -845.000, +606.000, -424.000
1629440460, +2.99, +26.896,  -0.00093, -845.000, +607.000, -423.000
1629440520, +2.99, +26.904,  -0.05667, -847.000, +604.000, -429.000
1629440580, +2.99, +26.904,  -0.02261, -860.000, +616.000, -436.000
1629440640, +2.99, +26.896,  -0.05667, -845.000, +606.000, -424.000
1629440700, +2.99, +26.888,  -0.00712, -861.000, +615.000, -440.000
1629440760, +2.99, +26.904,  -0.05357, -845.000, +606.000, -424.000
1629440820, +2.99, +26.888,  -0.01641, -856.000, +611.000, -432.000
1629440880, +2.99, +26.888,  -0.07834, -852.000, +609.000, -432.000
1629440940, +2.99, +26.896,  +0.03004, -850.000, +608.000, -431.000
1629441000, +2.99, +26.904,  -0.03499, -848.000, +606.000, -424.000
1629441060, +2.99, +26.896,  -0.04428, -884.000, +656.000, -648.000
1629441120, +2.99, +26.863,  +0.04242, -850.000, +609.000, -432.000
1629441180, +2.99, +26.896,  -0.04738, -864.000, +624.000, -445.000
1629441240, +2.99, +26.871,  +0.00526, -848.000, +608.000, -428.000
1629441300, +2.99, +26.871,  -0.03189, -848.000, +608.000, -428.000
1629441360, +2.99, +26.880,  -0.03189, -852.000, +608.000, -429.000
1629441420, +2.99, +26.855,  +0.01455, -880.000, +647.000, -480.000
1629441480, +2.99, +26.888,  -0.01951, -852.000, +608.000, -429.000
1629441540, +2.99, +26.880,  +0.00836, -848.000, +608.000, -424.000
1629441600, +2.99, +26.888,  -0.11241, -848.000, +608.000, -429.000
1629441660, +2.99, +26.896,  -0.06596, -848.000, +608.000, -429.000
1629441720, +2.99, +26.888,  -0.00712, -845.000, +606.000, -424.000
1629441780, +2.99, +26.880,  +0.02694, -872.000, +638.000, -461.000
1629441840, +2.99, +26.888,  -0.00712, -852.000, +611.000, -432.000
1629441900, +2.99, +26.888,  +0.01765, -848.000, +608.000, -428.000
1629441960, +2.99, +26.871,  -0.00712, -864.000, +628.000, -445.000
1629442020, +2.99, +26.888,  -0.00712, -856.000, +612.000, -429.000
1629442080, +2.99, +26.863,  -0.00712, -847.000, +608.000, -423.000
1629442140, +2.99, +26.888,  -0.05047, -845.000, +606.000, -424.000
1629442200, +2.99, +26.871,  +0.03933, -847.000, +608.000, -424.000
1629442260, +2.99, +26.888,  +0.09197, -872.000, +609.000, -413.000
1629442320, +2.99, +26.847,  -0.02880, -825.000, +627.000, -272.000
1629442380, +2.99, +26.880,  -0.04738, -825.000, +711.000, -424.000
1629442440, +2.99, +26.871,  -0.03499, -840.000, +582.000, -464.000
1629442500, +2.99, +26.880,  +0.03004, -879.000, +575.000, -410.000
1629442560, +2.99, +26.880,  +0.00526, -941.000, +551.000, -416.000
1629442620, +2.99, +26.871,  -0.03809, -905.000, +572.000, -388.000
1629442680, +2.99, +26.863,  +0.03313, -948.000, +615.000, -456.000
1629442740, +2.99, +26.880,  -0.03499, -904.000, +572.000, -384.000
1629442800, +2.99, +26.847,  -0.03499, -924.000, +580.000, -400.000
1629442860, +2.99, +26.830,  -0.06286, -953.000, +600.000, -561.000
1629442920, +2.99, +26.863,  -0.03809, -911.000, +575.000, -391.000
1629442980, +2.99, +26.838,  -0.03189, -928.000, +592.000, -412.000
1629443040, +2.99, +26.871,  -0.05976, -912.000, +572.000, -392.000
1629443100, +2.99, +26.847,  -0.05667, -924.000, +583.000, -400.000
1629443160, +2.99, +26.838,  -0.09383, -928.000, +590.000, -404.000
1629443220, +2.99, +26.855,  -0.04738, -912.000, +575.000, -392.000
1629443280, +2.99, +26.863,  +0.03933, -912.000, +579.000, -397.000
1629443340, +2.99, +26.855,  -0.00712, -952.000, +622.000, -473.000
1629443400, +2.99, +26.838,  -0.05357, -912.000, +574.000, -397.000
1629443460, +2.99, +26.863,  -0.13718, -906.000, +572.000, -388.000
1629443520, +2.99, +26.847,  -0.08454, -928.000, +588.000, -404.000
1629443580, +2.99, +26.847,  -0.07215, -909.000, +572.000, -388.000
1629443640, +2.99, +26.855,  -0.10931, -948.000, +612.000, -612.000
1629443700, +2.99, +26.847,  +0.02694, -912.000, +572.000, -392.000
1629443760, +2.99, +26.830,  -0.06596, -922.000, +579.000, -400.000
1629443820, +2.99, +26.847,  -0.05667, -909.000, +572.000, -388.000
1629443880, +2.99, +26.830,  +0.07029, -912.000, +572.000, -392.000
1629443940, +2.99, +26.838,  -0.02880, -912.000, +574.000, -394.000
1629444000, +2.99, +26.822,  +0.03623, -904.000, +575.000, -388.000
1629444060, +2.99, +26.830,  -0.10931, -914.000, +579.000, -397.000
1629444120, +2.99, +26.814,  -0.05667, -912.000, +575.000, -397.000
1629444180, +2.99, +26.814,  -0.04738, -914.000, +575.000, -392.000
1629444240, +2.99, +26.822,  -0.03809, -932.000, +595.000, -416.000
1629444300, +2.99, +26.830,  -0.01332, -928.000, +584.000, -400.000
1629444360, +2.99, +26.822,  +0.00217, -928.000, +591.000, -410.000
1629444420, +2.99, +26.822,  -0.08454, -936.000, +600.000, -416.000
1629444480, +2.99, +26.822,  -0.00712, -904.000, +584.000, -410.000
1629444540, +2.99, +26.822,  -0.00712, -897.000, +575.000, -392.000
1629444600, +2.99, +26.814,  +0.03313, -904.000, +593.000, -416.000
1629444660, +2.99, +26.822,  +0.06100, -910.000, +592.000, -400.000
1629444720, +2.99, +26.805,  +0.01146, -920.000, +608.000, -412.000
1629444780, +2.99, +26.805,  +0.01455, -904.000, +591.000, -397.000
1629444840, +2.99, +26.797,  -0.03499, -916.000, +600.000, -416.000
1629444900, +2.99, +26.814,  -0.06905, -936.000, +588.000, -424.000
1629444960, +2.99, +26.780,  -0.07215, -910.000, +566.000, -408.000
1629445020, +2.99, +26.797,  +0.01146, -888.000, +576.000, -384.000
1629445080, +2.99, +26.814,  -0.06905, -928.000, +584.000, -400.000
1629445140, +2.99, +26.772,  -0.06286, -881.000, +476.000, -401.000
1629445200, +2.99, +26.797,  +0.01455, -736.000, +416.000, -705.000
1629445260, +2.99, +26.756,  -0.02570, -700.000, +515.000, -557.000
1629445320, +2.99, +26.764,  +0.02694, -804.000, +494.000, -648.000
1629445380, +2.99, +26.805,  +0.06720, -816.000, +536.000, -648.000
1629445440, +2.99, +26.789,  -0.08454, -756.000, +496.000, -548.000
1629445500, +2.99, +26.797,  +0.05481, -784.000, +494.000, -525.000
1629445560, +2.99, +26.789,  -0.09073, -872.000, +596.000, -626.000
1629445620, +2.99, +26.789,  -0.01641, -804.000, +539.000, -480.000
1629445680, +2.99, +26.756,  -0.03809, -832.000, +536.000, -496.000
1629445740, +2.99, +26.772,  +0.06410, -817.000, +527.000, -461.000
1629445800, +2.99, +26.764,  +0.04242, -840.000, +552.000, -500.000
1629445860, +2.99, +26.764,  -0.09073, -832.000, +527.000, -464.000
1629445920, +2.99, +26.764,  -0.05976, -856.000, +574.000, -504.000
1629445980, +2.99, +26.772,  -0.06905, -882.000, +598.000, -570.000
1629446040, +2.99, +26.756,  -0.01022, -840.000, +515.000, -464.000
1629446100, +2.99, +26.739,  -0.07525, -864.000, +532.000, -472.000
1629446160, +2.99, +26.739,  -0.05976, -852.000, +544.000, -464.000
1629446220, +2.99, +26.756,  -0.00093, -868.000, +563.000, -500.000
1629446280, +2.99, +26.747,  -0.02261, -876.000, +568.000, -494.000
1629446340, +2.99, +26.739,  -0.01641, -845.000, +551.000, -464.000
1629446400, +2.99, +26.731,  -0.09383, -888.000, +574.000, -526.000
1629446460, +2.99, +26.739,  -0.02570, -840.000, +560.000, -452.000
1629446520, +2.99, +26.739,  -0.02570, -864.000, +536.000, -416.000
1629446580, +2.99, +26.723,  -0.07834, -912.000, +590.000, -552.000
1629446640, +2.99, +26.689,  +0.02694, -904.000, +608.000, -564.000
1629446700, +2.99, +26.689,  -0.09383, -868.000, +550.000, -436.000
1629446760, +2.99, +26.698,  -0.00093, -896.000, +583.000, -504.000
1629446820, +2.99, +26.714,  -0.07215, -877.000, +560.000, -440.000
1629446880, +2.99, +26.698,  -0.02261, -857.000, +553.000, -434.000
1629446940, +2.99, +26.698,  -0.07834, -857.000, +536.000, -428.000
1629447000, +2.99, +26.714,  +0.03933, -896.000, +604.000, -562.000
1629447060, +2.99, +26.689,  +0.02075, -866.000, +556.000, -440.000
1629447120, +2.99, +26.673,  -0.01022, -872.000, +547.000, -436.000
1629447180, +2.99, +26.681,  -0.06286, -896.000, +579.000, -488.000
1629447240, +2.99, +26.681,  +0.02384, -868.000, +544.000, -432.000
1629447300, +2.99, +26.681,  +0.00836, -893.000, +568.000, -480.000
1629447360, +2.99, +26.689,  -0.06286, -877.000, +542.000, -442.000
1629447420, +2.99, +26.665,  -0.01951, -896.000, +600.000, -528.000
1629447480, +2.99, +26.681,  -0.04738, -880.000, +563.000, -452.000
1629447540, +2.99, +26.665,  -0.08144, -893.000, +574.000, -496.000
1629447600, +2.99, +26.665,  +0.01146, -871.000, +560.000, -445.000
1629447660, +2.99, +26.665,  -0.01332, -872.000, +560.000, -442.000
1629447720, +2.99, +26.656,  +0.02075, -872.000, +548.000, -436.000
1629447780, +2.99, +26.623,  -0.13099, -888.000, +568.000, -460.000
1629447840, +2.99, +26.640,  +0.01146, -904.000, +577.000, -493.000
1629447900, +2.99, +26.656,  +0.02694, -896.000, +592.000, -504.000
1629447960, +2.99, +26.648,  -0.06905, -922.000, +576.000, -477.000
1629448020, +2.99, +26.632,  -0.03499, -910.000, +595.000, -560.000
1629448080, +2.99, +26.615,  -0.02880, -928.000, +620.000, -584.000
1629448140, +2.99, +26.648,  +0.02384, -888.000, +572.000, -472.000
1629448200, +2.99, +26.640,  -0.00403, -868.000, +568.000, -484.000
1629448260, +2.99, +26.615,  -0.03189, -872.000, +552.000, -464.000
1629448320, +2.99, +26.623,  +0.04552, -909.000, +604.000, -544.000
1629448380, +2.99, +26.598,  +0.02694, -876.000, +568.000, -452.000
1629448440, +2.99, +26.607,  -0.07834, -893.000, +593.000, -552.000
1629448500, +2.99, +26.598,  +0.01765, -896.000, +574.000, -528.000
1629448560, +2.99, +26.607,  -0.05047, -912.000, +609.000, -576.000
1629448620, +2.99, +26.598,  -0.06596, -912.000, +596.000, -560.000
1629448680, +2.99, +26.615,  +0.00526, -888.000, +550.000, -448.000
1629448740, +2.99, +26.607,  -0.15885, -877.000, +536.000, -442.000
1629448800, +2.99, +26.590,  -0.04118, -888.000, +560.000, -456.000
1629448860, +2.99, +26.582,  +0.04552, -884.000, +552.000, -448.000
1629448920, +2.99, +26.582,  +0.00217, -896.000, +592.000, -520.000
1629448980, +2.99, +26.565,  -0.02880, -896.000, +596.000, -552.000
1629449040, +2.99, +26.582,  -0.05976, -896.000, +584.000, -528.000
1629449100, +2.99, +26.557,  -0.03189, -896.000, +592.000, -509.000
1629449160, +2.99, +26.574,  -0.10002, -896.000, +568.000, -488.000
1629449220, +2.99, +26.549,  -0.02570, -896.000, +598.000, -536.000
1629449280, +2.99, +26.574,  -0.02261, -912.000, +590.000, -520.000
1629449340, +2.99, +26.565,  -0.05976, -896.000, +592.000, -512.000
1629449400, +2.99, +26.532,  -0.07525, -890.000, +579.000, -494.000
1629449460, +2.99, +26.557,  +0.00526, -896.000, +604.000, -576.000
1629449520, +2.99, +26.557,  -0.04428, -900.000, +592.000, -536.000
1629449580, +2.99, +26.516,  +0.04862, -904.000, +595.000, -544.000
1629449640, +2.99, +26.541,  -0.02261, -884.000, +591.000, -544.000
1629449700, +2.99, +26.532,  +0.01455, -904.000, +598.000, -544.000
1629449760, +2.99, +26.532,  -0.01332, -896.000, +614.000, -570.000
1629449820, +2.99, +26.541,  -0.00403, -868.000, +545.000, -448.000
1629449880, +2.99, +26.499,  -0.05047, -904.000, +604.000, -544.000
1629449940, +2.99, +26.507,  -0.05667, -896.000, +600.000, -560.000
1629450000, +2.99, +26.541,  -0.08144, -904.000, +592.000, -570.000
1629450060, +2.99, +26.507,  +0.00836, -904.000, +580.000, -552.000
1629450120, +2.99, +26.499,  -0.04118, -904.000, +615.000, -600.000
1629450180, +2.99, +26.507,  -0.00712, -904.000, +576.000, -496.000
1629450240, +2.99, +26.483,  +0.01455, -896.000, +592.000, -544.000
1629450300, +2.99, +26.499,  +0.12913, -904.000, +598.000, -576.000
1629450360, +2.99, +26.483,  -0.05976, -904.000, +611.000, -562.000
1629450420, +2.99, +26.491,  -0.03189, -912.000, +608.000, -589.000
1629450480, +2.99, +26.483,  -0.06286, -896.000, +600.000, -552.000
1629450540, +2.99, +26.474,  -0.02880, -912.000, +608.000, -584.000
1629450600, +2.99, +26.499,  -0.08144, -896.000, +600.000, -560.000
1629450660, +2.99, +26.458,  -0.07215, -912.000, +612.000, -605.000
1629450720, +2.99, +26.466,  +0.05481, -904.000, +609.000, -592.000
1629450780, +2.99, +26.474,  +0.06100, -904.000, +614.000, -564.000
1629450840, +2.99, +26.449,  +0.01455, -896.000, +608.000, -568.000
1629450900, +2.99, +26.466,  +0.01146, -904.000, +611.000, -584.000
1629450960, +2.99, +26.433,  -0.00712, -896.000, +608.000, -544.000
1629451020, +2.99, +26.458,  -0.09692, -904.000, +616.000, -648.000
1629451080, +2.99, +26.458,  -0.05357, -880.000, +536.000, -433.000
1629451140, +2.99, +26.441,  +0.02384, -896.000, +608.000, -537.000
1629451200, +2.99, +26.449,  -0.03499, -896.000, +579.000, -493.000
1629451260, +2.99, +26.425,  -0.10621, -904.000, +604.000, -600.000
1629451320, +2.99, +26.425,  -0.04738, -920.000, +611.000, -568.000
1629451380, +2.99, +26.433,  +0.02694, -896.000, +593.000, -588.000
1629451440, +2.99, +26.433,  -0.12479, -890.000, +616.000, -584.000
1629451500, +2.99, +26.416,  -0.01022, -904.000, +598.000, -608.000
1629451560, +2.99, +26.416,  -0.07834, -904.000, +620.000, -616.000
1629451620, +2.99, +26.416,  +0.01455, -924.000, +608.000, -592.000
1629451680, +2.99, +26.416,  +0.03623, -896.000, +604.000, -544.000
1629451740, +2.99, +26.408,  +0.00836, -936.000, +620.000, -702.000
1629451800, +2.99, +26.391,  -0.03809, -912.000, +620.000, -680.000
1629451860, +2.99, +26.400,  -0.01022, -928.000, +616.000, -704.000
1629451920, +2.99, +26.400,  -0.08144, -912.000, +608.000, -628.000
1629451980, +2.99, +26.375,  -0.07525, -884.000, +595.000, -527.000
1629452040, +2.99, +26.383,  +0.00217, -896.000, +575.000, -544.000
1629452100, +2.99, +26.375,  -0.03189, -904.000, +628.000, -640.000
1629452160, +2.99, +26.391,  -0.02570, -912.000, +620.000, -618.000
1629452220, +2.99, +26.358,  +0.04862, -904.000, +615.000, -596.000
1629452280, +2.99, +26.358,  +0.00217, -896.000, +620.000, -666.000
1629452340, +2.99, +26.350,  +0.01765, -916.000, +614.000, -648.000
1629452400, +2.99, +26.358,  -0.05667, -904.000, +609.000, -596.000
1629452460, +2.99, +26.342,  -0.13099, -904.000, +608.000, -573.000
1629452520, +2.99, +26.342,  -0.10002, -904.000, +598.000, -672.000
1629452580, +2.99, +26.358,  -0.00712, -896.000, +595.000, -671.000
1629452640, +2.99, +26.342,  -0.04428, -904.000, +604.000, -576.000
1629452700, +2.99, +26.342,  -0.05667, -904.000, +628.000, -640.000
1629452760, +2.99, +26.333,  +0.07029, -912.000, +624.000, -660.000
1629452820, +2.99, +26.333,  -0.03189, -894.000, +608.000, -640.000
1629452880, +2.99, +26.333,  -0.00403, -904.000, +615.000, -653.000
1629452940, +2.99, +26.317,  +0.10745, -908.000, +600.000, -576.000
1629453000, +2.99, +26.325,  +0.02075, -908.000, +625.000, -618.000
1629453060, +2.99, +26.300,  -0.05667, -910.000, +624.000, -608.000
1629453120, +2.99, +26.309,  -0.06596, -876.000, +582.000, -636.000
1629453180, +2.99, +26.292,  -0.01951, -904.000, +600.000, -670.000
1629453240, +2.99, +26.284,  +0.02384, -912.000, +624.000, -612.000
1629453300, +2.99, +26.275,  -0.10931, -912.000, +620.000, -648.000
1629453360, +2.99, +26.292,  -0.05357, -904.000, +616.000, -592.000
1629453420, +2.99, +26.284,  -0.01641, -904.000, +620.000, -664.000
1629453480, +2.99, +26.292,  -0.03499, -908.000, +592.000, -576.000
1629453540, +2.99, +26.275,  +0.03623, -912.000, +622.000, -640.000
1629453600, +2.99, +26.267,  -0.00093, -896.000, +624.000, -676.000
1629453660, +2.99, +26.259,  +0.03623, -904.000, +620.000, -620.000
1629453720, +2.99, +26.226,  +0.03004, -896.000, +600.000, -680.000
1629453780, +2.99, +26.251,  -0.01022, -912.000, +611.000, -616.000
1629453840, +2.99, +26.242,  -0.03499, -904.000, +624.000, -640.000
1629453900, +2.99, +26.217,  -0.01022, -896.000, +611.000, -664.000
1629453960, +2.99, +26.234,  -0.03809, -896.000, +615.000, -634.000
1629454020, +2.99, +26.226,  -0.10002, -912.000, +616.000, -634.000
1629454080, +2.99, +26.226,  -0.03189, -904.000, +615.000, -672.000
1629454140, +2.99, +26.209,  +0.02694, -912.000, +616.000, -636.000
1629454200, +2.99, +26.217,  +0.00526, -896.000, +608.000, -656.000
1629454260, +2.99, +26.201,  -0.03809, -896.000, +608.000, -648.000
1629454320, +2.99, +26.193,  -0.04738, -896.000, +615.000, -666.000
1629454380, +2.99, +26.193,  -0.00403, -908.000, +627.000, -668.000
1629454440, +2.99, +26.193,  -0.03189, -912.000, +612.000, -580.000
1629454500, +2.99, +26.176,  +0.03004, -904.000, +608.000, -672.000
1629454560, +2.99, +26.193,  +0.04242, -904.000, +575.000, -609.000
1629454620, +2.99, +26.176,  +0.00526, -912.000, +612.000, -680.000
1629454680, +2.99, +26.184,  -0.01641, -912.000, +644.000, -656.000
1629454740, +2.99, +26.168,  +0.01765, -890.000, +608.000, -666.000
1629454800, +2.99, +26.143,  -0.04738, -904.000, +622.000, -656.000
1629454860, +2.99, +26.143,  -0.02261, -896.000, +591.000, -650.000
1629454920, +2.99, +26.151,  -0.02880, -896.000, +576.000, -640.000
1629454980, +2.99, +26.135,  +0.03313, -892.000, +543.000, -445.000
1629455040, +2.99, +26.135,  -0.05667, -904.000, +580.000, -641.000
1629455100, +2.99, +26.110,  -0.03809, -896.000, +595.000, -669.000
1629455160, +2.99, +26.110,  -0.04118, -904.000, +612.000, -656.000
1629455220, +2.99, +26.101,  +0.05481, -896.000, +616.000, -672.000
1629455280, +2.99, +26.101,  -0.02880, -896.000, +616.000, -634.000
1629455340, +2.99, +26.110,  +0.04862, -868.000, +540.000, -432.000
1629455400, +2.99, +26.085,  -0.08763, -896.000, +600.000, -672.000
1629455460, +2.99, +26.085,  -0.01951, -904.000, +620.000, -676.000
1629455520, +2.99, +26.093,  -0.08454, -853.000, +542.000, -424.000
1629455580, +2.99, +26.060,  +0.13842, -896.000, +601.000, -680.000
1629455640, +2.99, +26.068,  +0.00217, -904.000, +582.000, -644.000
1629455700, +2.99, +26.060,  -0.01641, -913.000, +553.000, -617.000
1629455760, +2.99, +26.060,  -0.01022, -861.000, +551.000, -436.000
1629455820, +2.99, +26.060,  -0.01641, -926.000, +616.000, -686.000
1629455880, +2.99, +26.043,  -0.01022, -863.000, +544.000, -431.000
1629455940, +2.99, +26.027,  +0.01146, -894.000, +574.000, -625.000
1629456000, +2.99, +26.027,  -0.03189, -890.000, +598.000, -660.000
1629456060, +2.99, +26.010,  -0.01332, -881.000, +544.000, -442.000
1629456120, +2.99, +26.018,  -0.03189, -839.000, +553.000, -416.000
1629456180, +2.99, +26.002,  +0.04242, -868.000, +534.000, -440.000
1629456240, +2.99, +26.002,  +0.00217, -856.000, +536.000, -432.000
1629456300, +2.99, +25.994,  -0.04738, -871.000, +550.000, -445.000
1629456360, +2.99, +25.994,  -0.00093, -877.000, +536.000, -436.000
1629456420, +2.99, +25.952,  +0.00217, -861.000, +552.000, -424.000
1629456480, +2.99, +25.960,  -0.02570, -882.000, +552.000, -445.000
1629456540, +2.99, +25.985,  -0.00093, -861.000, +543.000, -424.000
1629456600, +2.99, +25.944,  -0.07215, -855.000, +529.000, -423.000
1629456660, +2.99, +25.952,  -0.03499, -865.000, +542.000, -426.000
1629456720, +2.99, +25.902,  -0.05976, -864.000, +547.000, -432.000
1629456780, +2.99, +25.944,  +0.03623, -863.000, +544.000, -432.000
1629456840, +2.99, +25.935,  +0.00836, -890.000, +553.000, -617.000
1629456900, +2.99, +25.911,  -0.00712, -864.000, +548.000, -432.000
1629456960, +2.99, +25.919,  -0.01951, -861.000, +553.000, -436.000
1629457020, +2.99, +25.902,  -0.00403, -871.000, +542.000, -440.000
1629457080, +2.99, +25.902,  +0.00217, -858.000, +543.000, -429.000
1629457140, +2.99, +25.886,  -0.05357, -865.000, +550.000, -436.000
1629457200, +2.99, +25.886,  -0.11241, -853.000, +537.000, -426.000
1629457260, +2.99, +25.861,  -0.08454, -861.000, +542.000, -434.000
1629457320, +2.99, +25.877,  -0.00712, -861.000, +544.000, -424.000
1629457380, +2.99, +25.844,  -0.09383, -857.000, +544.000, -423.000
1629457440, +2.99, +25.836,  -0.08144, -872.000, +556.000, -433.000
1629457500, +2.99, +25.836,  -0.14028, -882.000, +574.000, -464.000
1629457560, +2.99, +25.836,  -0.06286, -888.000, +584.000, -472.000
1629457620, +2.99, +25.828,  -0.00093, -863.000, +556.000, -426.000
1629457680, +2.99, +25.811,  -0.02880, -868.000, +547.000, -436.000
1629457740, +2.99, +25.803,  +0.04552, -864.000, +528.000, -436.000
1629457800, +2.99, +25.794,  -0.03189, -861.000, +548.000, -442.000
1629457860, +2.99, +25.769,  -0.01332, -857.000, +552.000, -434.000
1629457920, +2.99, +25.794,  -0.04738, -852.000, +524.000, -416.000
1629457980, +2.99, +25.769,  -0.05667, -876.000, +575.000, -452.000
1629458040, +2.99, +25.769,  +0.08268, -884.000, +550.000, -448.000
1629458100, +2.99, +25.753,  -0.13718, -877.000, +568.000, -452.000
1629458160, +2.99, +25.753,  -0.01951, -880.000, +561.000, -448.000
1629458220, +2.99, +25.736,  +0.03623, -880.000, +569.000, -448.000
1629458280, +2.99, +25.720,  -0.06596, -882.000, +560.000, -452.000
1629458340, +2.99, +25.728,  -0.04428, -888.000, +568.000, -452.000
1629458400, +2.99, +25.720,  -0.08454, -880.000, +560.000, -448.000
1629458460, +2.99, +25.711,  -0.11241, -864.000, +547.000, -440.000
1629458520, +2.99, +25.711,  +0.00217, -888.000, +568.000, -464.000
1629458580, +2.99, +25.695,  -0.03189, -890.000, +582.000, -472.000
1629458640, +2.99, +25.678,  -0.00093, -868.000, +543.000, -432.000
1629458700, +2.99, +25.661,  -0.06596, -850.000, +526.000, -429.000
1629458760, +2.99, +25.661,  -0.07525, -904.000, +588.000, -512.000
1629458820, +2.99, +25.653,  -0.10931, -872.000, +575.000, -464.000
1629458880, +2.99, +25.628,  +0.04242, -884.000, +568.000, -448.000
1629458940, +2.99, +25.628,  -0.14956, -879.000, +572.000, -452.000
1629459000, +2.99, +25.628,  -0.04428, -900.000, +583.000, -480.000
1629459060, +2.99, +25.612,  +0.04242, -912.000, +608.000, -592.000
1629459120, +2.99, +25.612,  -0.08454, -884.000, +574.000, -468.000
1629459180, +2.99, +25.595,  -0.05976, -896.000, +579.000, -524.000
1629459240, +2.99, +25.595,  -0.02261, -893.000, +577.000, -480.000
1629459300, +2.99, +25.587,  -0.01641, -894.000, +608.000, -532.000
1629459360, +2.99, +25.587,  -0.10621, -884.000, +572.000, -456.000
1629459420, +2.99, +25.545,  -0.01951, -896.000, +600.000, -527.000
1629459480, +2.99, +25.553,  -0.08763, -872.000, +544.000, -444.000
1629459540, +2.99, +25.529,  +0.03004, -880.000, +540.000, -444.000
1629459600, +2.99, +25.537,  -0.10931, -920.000, +615.000, -496.000
1629459660, +2.99, +25.529,  -0.07215, -888.000, +590.000, -496.000
1629459720, +2.99, +25.520,  +0.04242, -912.000, +620.000, -560.000
1629459780, +2.99, +25.504,  -0.06596, -904.000, +576.000, -512.000
1629459840, +2.99, +25.495,  -0.05047, -912.000, +608.000, -616.000
1629459900, +2.99, +25.487,  -0.08144, -817.000, +558.000, -424.000
1629459960, +2.99, +25.470,  -0.01951, -896.000, +608.000, -537.000
1629460020, +2.99, +25.454,  +0.05791, -896.000, +600.000, -560.000
1629460080, +2.99, +25.462,  -0.05047, -904.000, +600.000, -536.000
1629460140, +2.99, +25.429,  -0.00712, -904.000, +614.000, -600.000
1629460200, +2.99, +25.429,  -0.01022, -916.000, +640.000, -638.000
1629460260, +2.99, +25.421,  +0.02694, -880.000, +611.000, -560.000
1629460320, +2.99, +25.404,  -0.04738, -924.000, +636.000, -573.000
1629460380, +2.99, +25.404,  +0.01455, -904.000, +608.000, -584.000
1629460440, +2.99, +25.396,  -0.04738, -872.000, +534.000, -448.000
1629460500, +2.99, +25.387,  +0.00836, -928.000, +592.000, -544.000
1629460560, +2.99, +25.379,  +0.04242, -920.000, +632.000, -592.000
1629460620, +2.99, +25.387,  -0.06905, -877.000, +611.000, -592.000
1629460680, +2.99, +25.362,  +0.04552, -896.000, +604.000, -560.000
1629460740, +2.99, +25.337,  +0.00217, -904.000, +585.000, -512.000
1629460800, +2.99, +25.329,  -0.11550, -884.000, +596.000, -656.000
1629460860, +2.99, +25.321,  -0.01332, -890.000, +624.000, -664.000
1629460920, +2.99, +25.312,  -0.01641, -896.000, +600.000, -576.000
1629460980, +2.99, +25.279,  -0.06286, -912.000, +600.000, -560.000
1629461040, +2.99, +25.279,  -0.02261, -904.000, +624.000, -634.000
1629461100, +2.99, +25.279,  -0.04118, -896.000, +620.000, -632.000
1629461160, +2.99, +25.271,  +0.03623, -896.000, +620.000, -634.000
1629461220, +2.99, +25.246,  -0.02261, -896.000, +620.000, -656.000
1629461280, +2.99, +25.254,  -0.02261, -896.000, +611.000, -568.000
1629461340, +2.99, +25.229,  -0.03499, -896.000, +616.000, -666.000
1629461400, +2.99, +25.221,  -0.00712, -928.000, +595.000, -548.000
1629461460, +2.99, +25.221,  +0.05171, -884.000, +600.000, -584.000
1629461520, +2.99, +25.213,  +0.01765, -912.000, +598.000, -544.000
1629461580, +2.99, +25.196,  -0.03809, -896.000, +620.000, -576.000
1629461640, +2.99, +25.163,  +0.01455, -904.000, +622.000, -640.000
1629461700, +2.99, +25.163,  +0.00836, -896.000, +624.000, -684.000
1629461760, +2.99, +25.154,  -0.06596, -912.000, +540.000, -613.000
1629461820, +2.99, +25.154,  -0.00712, -936.000, +624.000, -698.000
1629461880, +2.99, +25.138,  -0.04738, -880.000, +604.000, -690.000
1629461940, +2.99, +25.121,  -0.04428, -922.000, +632.000, -696.000
1629462000, +2.99, +25.104,  +0.02075, -885.000, +553.000, -449.000
1629462060, +2.99, +25.104,  +0.00836, -880.000, +627.000, -602.000
1629462120, +2.99, +25.088,  +0.05791, -876.000, +609.000, -596.000
1629462180, +2.99, +25.071,  -0.09383, -872.000, +548.000, -428.000
1629462240, +2.99, +25.055,  -0.00403, -866.000, +548.000, -436.000
1629462300, +2.99, +25.046,  -0.01951, -888.000, +604.000, -640.000
1629462360, +2.99, +25.055,  -0.09383, -896.000, +608.000, -672.000
1629462420, +2.99, +25.046,  +0.02694, -896.000, +584.000, -660.000
1629462480, +2.99, +25.030,  +0.03623, -892.000, +577.000, -644.000
1629462540, +2.99, +24.996,  +0.01146, -896.000, +588.000, -653.000
1629462600, +2.99, +24.996,  -0.03499, -912.000, +572.000, -609.000
1629462660, +2.99, +24.980,  -0.06905, -864.000, +560.000, -432.000
1629462720, +2.99, +24.980,  +0.01765, -896.000, +580.000, -641.000
1629462780, +2.99, +24.963,  +0.01765, -857.000, +543.000, -433.000
1629462840, +2.99, +24.938,  -0.10312, -864.000, +552.000, -433.000
1629462900, +2.99, +24.930,  -0.01951, -896.000, +579.000, -657.000
1629462960, +2.99, +24.921,  -0.02880, -890.000, +604.000, -670.000
1629463020, +2.99, +24.905,  -0.04118, -861.000, +560.000, -436.000
1629463080, +2.99, +24.905,  -0.00712, -865.000, +558.000, -436.000
1629463140, +2.99, +24.855,  -0.03499, -858.000, +531.000, -424.000
1629463200, +2.99, +24.880,  -0.04428, -896.000, +576.000, -628.000
1629463260, +2.99, +24.888,  +0.00217, -872.000, +548.000, -442.000
1629463320, +2.99, +24.838,  +0.03933, -866.000, +552.000, -445.000
1629463380, +2.99, +24.838,  -0.07525, -856.000, +542.000, -424.000
1629463440, +2.99, +24.830,  -0.00712, -865.000, +560.000, -436.000
1629463500, +2.99, +24.821,  -0.12789, -876.000, +550.000, -441.000
1629463560, +2.99, +24.796,  -0.06286, -865.000, +551.000, -432.000
1629463620, +2.99, +24.780,  -0.05047, -860.000, +551.000, -436.000
1629463680, +2.99, +24.780,  -0.01951, -866.000, +551.000, -434.000
1629463740, +2.99, +24.771,  -0.02570, -848.000, +556.000, -429.000
1629463800, +2.99, +24.747,  +0.05791, -904.000, +608.000, -538.000
1629463860, +2.99, +24.738,  -0.07215, -888.000, +574.000, -472.000
1629463920, +2.99, +24.722,  +0.02384, -884.000, +582.000, -472.000
1629463980, +2.99, +24.697,  -0.04738, -861.000, +544.000, -429.000
1629464040, +2.99, +24.705,  -0.03809, -860.000, +544.000, -432.000
1629464100, +2.99, +24.680,  +0.01146, -871.000, +536.000, -431.000
1629464160, +2.99, +24.663,  -0.03809, -882.000, +566.000, -456.000
1629464220, +2.99, +24.672,  +0.01455, -857.000, +547.000, -433.000
1629464280, +2.99, +24.638,  +0.04552, -872.000, +560.000, -442.000
1629464340, +2.99, +24.655,  -0.05047, -868.000, +552.000, -436.000
1629464400, +2.99, +24.622,  +0.01455, -896.000, +582.000, -488.000
1629464460, +2.99, +24.622,  -0.07525, -888.000, +569.000, -468.000
1629464520, +2.99, +24.613,  -0.02880, -877.000, +563.000, -480.000
1629464580, +2.99, +24.588,  -0.01332, -880.000, +560.000, -448.000
1629464640, +2.99, +24.572,  -0.02880, -888.000, +547.000, -448.000
1629464700, +2.99, +24.572,  -0.03189, -864.000, +550.000, -441.000
1629464760, +2.99, +24.555,  -0.04118, -896.000, +588.000, -510.000
1629464820, +2.99, +24.538,  -0.10002, -880.000, +566.000, -450.000
1629464880, +2.99, +24.505,  -0.07834, -880.000, +582.000, -464.000
1629464940, +2.99, +24.513,  -0.01022, -896.000, +608.000, -552.000
1629465000, +2.99, +24.480,  -0.02880, -912.000, +598.000, -576.000
1629465060, +2.99, +24.455,  +0.03933, -896.000, +588.000, -500.000
1629465120, +2.99, +24.463,  -0.05976, -912.000, +614.000, -576.000
1629465180, +2.99, +24.463,  +0.00526, -904.000, +579.000, -506.000
1629465240, +2.99, +24.455,  -0.06905, -904.000, +604.000, -552.000
1629465300, +2.99, +24.430,  -0.10931, -868.000, +552.000, -432.000
1629465360, +2.99, +24.405,  -0.03189, -904.000, +620.000, -616.000
1629465420, +2.99, +24.397,  -0.06905, -896.000, +620.000, -612.000
1629465480, +2.99, +24.405,  +0.07649, -896.000, +611.000, -602.000
1629465540, +2.99, +24.388,  -0.03499, -904.000, +588.000, -520.000
1629465600, +2.99, +24.372,  +0.04242, -904.000, +608.000, -582.000
1629465660, +2.99, +24.355,  +0.02075, -904.000, +604.000, -576.000
1629465720, +2.99, +24.322,  -0.02570, -912.000, +608.000, -612.000
1629465780, +2.99, +24.322,  +0.07339, -904.000, +606.000, -556.000
1629465840, +2.99, +24.322,  -0.05047, -896.000, +588.000, -506.000
1629465900, +2.99, +24.296,  -0.01332, -908.000, +620.000, -608.000
1629465960, +2.99, +24.280,  -0.00093, -912.000, +616.000, -560.000
1629466020, +2.99, +24.263,  -0.01332, -912.000, +612.000, -616.000
1629466080, +2.99, +24.263,  -0.06286, -908.000, +600.000, -541.000
1629466140, +2.99, +24.246,  +0.00526, -896.000, +620.000, -612.000
1629466200, +2.99, +24.205,  -0.10621, -884.000, +590.000, -570.000
1629466260, +2.99, +24.230,  -0.04428, -904.000, +633.000, -634.000
1629466320, +2.99, +24.196,  -0.02570, -904.000, +604.000, -576.000
1629466380, +2.99, +24.180,  -0.05976, -904.000, +600.000, -537.000
1629466440, +2.99, +24.163,  -0.02261, -916.000, +590.000, -544.000
1629466500, +2.99, +24.163,  +0.03623, -896.000, +620.000, -628.000
1629466560, +2.99, +24.155,  -0.01022, -896.000, +628.000, -664.000
1629466620, +2.99, +24.146,  +0.00526, -904.000, +624.000, -620.000
1629466680, +2.99, +24.121,  -0.01951, -896.000, +612.000, -680.000
1629466740, +2.99, +24.105,  +0.03313, -912.000, +617.000, -636.000
1629466800, +2.99, +24.096,  +0.06720, -896.000, +604.000, -672.000
1629466860, +2.99, +24.096,  +0.03004, -880.000, +628.000, -656.000
1629466920, +2.99, +24.080,  -0.03189, -904.000, +632.000, -668.000
1629466980, +2.99, +24.080,  +0.02075, -904.000, +620.000, -672.000
1629467040, +2.99, +24.030,  -0.04428, -908.000, +638.000, -672.000
1629467100, +2.99, +24.021,  -0.02261, -912.000, +624.000, -634.000
1629467160, +2.99, +24.013,  -0.04738, -912.000, +595.000, -680.000
1629467220, +2.99, +24.005,  +0.01455, -916.000, +615.000, -632.000
1629467280, +2.99, +23.980,  -0.03189, -904.000, +620.000, -648.000
1629467340, +2.99, +23.980,  -0.04118, -888.000, +614.000, -680.000
1629467400, +2.99, +23.954,  -0.07215, -896.000, +595.000, -672.000
1629467460, +2.99, +23.929,  +0.04242, -896.000, +608.000, -672.000
1629467520, +2.99, +23.938,  -0.00403, -912.000, +598.000, -612.000
1629467580, +2.99, +23.913,  +0.00217, -864.000, +536.000, -426.000
1629467640, +2.99, +23.896,  +0.02384, -858.000, +542.000, -429.000
1629467700, +2.99, +23.871,  +0.01765, -856.000, +547.000, -421.000
1629467760, +2.99, +23.863,  -0.01951, -896.000, +579.000, -641.000
1629467820, +2.99, +23.846,  -0.00712, -861.000, +540.000, -432.000
1629467880, +2.99, +23.854,  +0.08887, -892.000, +567.000, -609.000
1629467940, +2.99, +23.821,  -0.01641, -863.000, +551.000, -441.000
1629468000, +2.99, +23.813,  +0.00526, -863.000, +545.000, -433.000
1629468060, +2.99, +23.796,  -0.08454, -861.000, +552.000, -432.000
1629468120, +2.99, +23.779,  -0.10312, -865.000, +544.000, -426.000
1629468180, +2.99, +23.754,  -0.13408, -861.000, +543.000, -431.000
1629468240, +2.99, +23.754,  -0.06905, -904.000, +624.000, -672.000
1629468300, +2.99, +23.737,  +0.07339, -866.000, +547.000, -440.000
1629468360, +2.99, +23.712,  +0.02075, -865.000, +547.000, -424.000
1629468420, +2.99, +23.704,  +0.05171, -864.000, +544.000, -436.000
1629468480, +2.99, +23.704,  +0.03313, -888.000, +568.000, -458.000
1629468540, +2.99, +23.687,  -0.06905, -864.000, +540.000, -432.000
1629468600, +2.99, +23.662,  -0.06596, -861.000, +543.000, -424.000
1629468660, +2.99, +23.679,  -0.07215, -872.000, +544.000, -436.000
1629468720, +2.99, +23.637,  -0.09383, -884.000, +556.000, -452.000
1629468780, +2.99, +23.587,  -0.05357, -882.000, +552.000, -445.000
1629468840, +2.99, +23.612,  -0.02570, -866.000, +560.000, -436.000
1629468900, +2.99, +23.596,  +0.05481, -864.000, +556.000, -445.000
1629468960, +2.99, +23.579,  -0.08454, -863.000, +551.000, -432.000
1629469020, +2.99, +23.579,  +0.02384, -866.000, +539.000, -436.000
1629469080, +2.99, +23.537,  +0.07958, -861.000, +542.000, -424.000
1629469140, +2.99, +23.520,  +0.07029, -868.000, +544.000, -440.000
1629469200, +2.99, +23.495,  -0.00093, -884.000, +558.000, -452.000
1629469260, +2.99, +23.504,  +0.00217, -884.000, +560.000, -461.000
1629469320, +2.99, +23.487,  +0.03933, -890.000, +569.000, -464.000
1629469380, +2.99, +23.470,  +0.04552, -896.000, +598.000, -512.000
1629469440, +2.99, +23.462,  -0.03809, -894.000, +588.000, -480.000
1629469500, +2.99, +23.429,  -0.02261, -896.000, +576.000, -472.000
1629469560, +2.99, +23.420,  +0.00217, -896.000, +595.000, -500.000
1629469620, +2.99, +23.412,  -0.03809, -880.000, +560.000, -448.000
1629469680, +2.99, +23.370,  -0.06596, -904.000, +588.000, -500.000
1629469740, +2.99, +23.378,  +0.03933, -904.000, +604.000, -512.000
1629469800, +2.99, +23.378,  -0.02570, -910.000, +616.000, -564.000
1629469860, +2.99, +23.353,  +0.11364, -890.000, +583.000, -480.000
1629469920, +2.99, +23.345,  +0.03623, -890.000, +563.000, -458.000
1629469980, +2.99, +23.303,  +0.00836, -904.000, +584.000, -498.000
1629470040, +2.99, +23.312,  -0.04118, -888.000, +576.000, -464.000
1629470100, +2.99, +23.295,  -0.01641, -896.000, +609.000, -612.000
1629470160, +2.99, +23.303,  -0.05047, -896.000, +580.000, -476.000
1629470220, +2.99, +23.278,  -0.10931, -868.000, +542.000, -436.000
1629470280, +2.99, +23.245,  -0.05667, -909.000, +616.000, -608.000
1629470340, +2.99, +23.220,  -0.01641, -904.000, +624.000, -605.000
1629470400, +2.99, +23.245,  -0.01951, -896.000, +588.000, -500.000
1629470460, +2.99, +23.203,  -0.05667, -896.000, +568.000, -488.000
1629470520, +2.99, +23.195,  +0.03933, -912.000, +624.000, -596.000
1629470580, +2.99, +23.161,  +0.03313, -904.000, +615.000, -592.000
1629470640, +2.99, +23.186,  +0.01765, -904.000, +616.000, -602.000
1629470700, +2.99, +23.144,  -0.01641, -916.000, +624.000, -602.000
1629470760, +2.99, +23.128,  -0.06286, -904.000, +593.000, -672.000
1629470820, +2.99, +23.103,  -0.05976, -912.000, +624.000, -624.000
1629470880, +2.99, +23.086,  -0.00712, -912.000, +624.000, -680.000
1629470940, +2.99, +23.086,  -0.00093, -904.000, +620.000, -616.000
1629471000, +2.99, +23.069,  -0.05047, -896.000, +608.000, -600.000
1629471060, +2.99, +23.052,  +0.04862, -944.000, +620.000, -640.000
1629471120, +2.99, +23.027,  -0.03189, -976.000, +659.000, -584.000
1629471180, +2.99, +23.019,  +0.02075, -952.000, +647.000, -576.000
1629471240, +2.99, +22.986,  +0.06100, -956.000, +652.000, -628.000
1629471300, +2.99, +22.994,  +0.05791, -960.000, +648.000, -600.000
1629471360, +2.99, +22.994,  -0.05976, -960.000, +640.000, -576.000
1629471420, +2.99, +22.952,  +0.02075, -959.000, +591.000, -559.000
1629471480, +2.99, +22.944,  -0.04118, -960.000, +624.000, -616.000
1629471540, +2.99, +22.927,  -0.04428, -956.000, +659.000, -612.000
1629471600, +2.99, +22.910,  -0.07525, -960.000, +640.000, -512.000
1629471660, +2.99, +22.869,  -0.02880, -960.000, +656.000, -602.000
1629471720, +2.99, +22.894,  -0.11241, -976.000, +670.000, -653.000
1629471780, +2.99, +22.877,  +0.11055, -896.000, +608.000, -672.000
1629471840, +2.99, +22.843,  +0.03933, -948.000, +656.000, -736.000
1629471900, +2.99, +22.835,  -0.04118, -944.000, +598.000, -617.000
1629471960, +2.99, +22.827,  +0.04242, -928.000, +624.000, -640.000
1629472020, +2.99, +22.818,  +0.00526, -960.000, +652.000, -660.000
1629472080, +2.99, +22.802,  +0.04242, -1040.000, +694.000, -712.000
1629472140, +2.99, +22.768,  +0.04552, -944.000, +643.000, -592.000
1629472200, +2.99, +22.760,  +0.00836, -942.000, +592.000, -609.000
1629472260, +2.99, +22.735,  -0.01951, -881.000, +563.000, -392.000
1629472320, +2.99, +22.743,  -0.07525, -872.000, +569.000, -416.000
1629472380, +2.99, +22.726,  -0.03499, -881.000, +552.000, -413.000
1629472440, +2.99, +22.710,  -0.02261, -884.000, +608.000, -449.000
1629472500, +2.99, +22.710,  +0.04862, -896.000, +580.000, -416.000
1629472560, +2.99, +22.676,  +0.00217, -896.000, +598.000, -697.000
1629472620, +2.99, +22.659,  +0.03313, -908.000, +576.000, -440.000
1629472680, +2.99, +22.651,  -0.00093, -906.000, +592.000, -404.000
1629472740, +2.99, +22.626,  -0.02880, -976.000, +624.000, -392.000
1629472800, +2.99, +22.618,  -0.05047, -912.000, +624.000, -680.000
1629472860, +2.99, +22.601,  -0.04118, -920.000, +583.000, -420.000
1629472920, +2.99, +22.576,  +0.00836, -922.000, +600.000, -381.000
1629472980, +2.99, +22.559,  +0.09507, -954.000, +608.000, -424.000
1629473040, +2.99, +22.542,  -0.00712, -912.000, +588.000, -474.000
1629473100, +2.99, +22.542,  -0.01951, -928.000, +600.000, -456.000
1629473160, +2.99, +22.526,  -0.04428, -872.000, +611.000, -408.000
1629473220, +2.99, +22.517,  -0.01951, -898.000, +526.000, -378.000
1629473280, +2.99, +22.501,  +0.00526, -912.000, +560.000, -428.000
1629473340, +2.99, +22.484,  +0.04552, -936.000, +591.000, -452.000
1629473400, +2.99, +22.459,  +0.01765, -944.000, +640.000, -584.000
1629473460, +2.99, +22.434,  +0.07649, -942.000, +638.000, -584.000
1629473520, +2.99, +22.425,  -0.02880, -940.000, +632.000, -570.000
1629473580, +2.99, +22.400,  +0.05791, -944.000, +632.000, -552.000
1629473640, +2.99, +22.375,  +0.05791, -942.000, +638.000, -586.000
1629473700, +2.99, +22.367,  -0.04118, -941.000, +640.000, -584.000
1629473760, +2.99, +22.375,  -0.04738, -901.000, +568.000, -416.000
1629473820, +2.99, +22.367,  -0.02570, -910.000, +579.000, -424.000
1629473880, +2.99, +22.342,  -0.03189, -928.000, +584.000, -441.000
1629473940, +2.99, +22.283,  +0.04242, -928.000, +647.000, -436.000
1629474000, +2.99, +22.300,  +0.02694, -910.000, +515.000, -429.000
1629474060, +2.99, +22.308,  -0.04738, -944.000, +536.000, -484.000
1629474120, +2.99, +22.283,  -0.13718, -960.000, +579.000, -596.000
1629474180, +2.99, +22.266,  -0.04118, -904.000, +374.000, -592.000
1629474240, +2.99, +22.216,  -0.04428, -1516.000, +528.000, -1072.000
1629474300, +2.99, +22.208,  -0.09383, -1136.000, +286.000, -660.000
1629474360, +2.99, +22.191,  +0.02075, -814.000, +750.000, -474.000
1629474420, +2.99, +22.191,  +0.00526, -948.000, +572.000, -600.000
1629474480, +2.99, +22.166,  +0.01455, -948.000, +574.000, -616.000
1629474540, +2.99, +22.157,  -0.01022, -952.000, +568.000, -604.000
1629474600, +2.99, +22.141,  -0.08144, -904.000, +561.000, -592.000
1629474660, +2.99, +22.107,  +0.02075, -948.000, +568.000, -634.000
1629474720, +2.99, +22.124,  +0.00836, -944.000, +568.000, -632.000
1629474780, +2.99, +22.099,  -0.02880, -944.000, +572.000, -624.000
1629474840, +2.99, +22.099,  -0.11241, -952.000, +576.000, -616.000
1629474900, +2.99, +22.074,  -0.02880, -948.000, +572.000, -624.000
1629474960, +2.99, +22.040,  -0.02880, -948.000, +576.000, -628.000
1629475020, +2.99, +22.015,  -0.01951, -936.000, +563.000, -596.000
1629475080, +2.99, +21.990,  +0.09507, -1280.000, +120.000, -304.000
1629475140, +2.99, +21.990,  -0.04118, -308.000, +1304.000, -538.000
1629475200, +2.99, +21.982,  +0.06100, -64.000, +1430.000, -58.000
1629475260, +2.99, +21.940,  -0.08454, -64.000, +1430.000, -88.000
1629475320, +2.99, +21.940,  -0.09073, -100.000, +1494.000, -176.000
1629475380, +2.99, +21.956,  +0.02075, -110.000, +1414.000, -126.000
1629475440, +2.99, +21.923,  -0.00403, -80.000, +1422.000, -122.000
1629475500, +2.99, +21.923,  +0.01455, -104.000, +1414.000, -128.000
1629475560, +2.99, +21.915,  +0.07029, -80.000, +1438.000, -196.000
1629475620, +2.99, +21.881,  -0.04738, -100.000, +1416.000, -144.000
1629475680, +2.99, +21.848,  +0.00217, -72.000, +1384.000, -148.000
1629475740, +2.99, +21.856,  -0.02261, -104.000, +1415.000, -180.000
1629475800, +2.99, +21.831,  -0.00403, -80.000, +1420.000, -144.000
1629475860, +2.99, +21.797,  -0.01332, -52.000, +1415.000, -188.000
1629475920, +2.99, +21.806,  +0.01455, -90.000, +1393.000, -180.000
1629475980, +2.99, +21.797,  +0.01765, -96.000, +1404.000, -196.000
1629476040, +2.99, +21.781,  +0.05791, -144.000, +1472.000, -120.000
1629476100, +2.99, +21.747,  -0.01951, +568.000, -616.000, -624.000
1629476160, +2.99, +21.739,  -0.01951, +256.000, +368.000, -868.000
1629476220, +2.99, +21.722,  -0.03499, +192.000, +448.000, -868.000
1629476280, +2.99, +21.722,  -0.04118, +152.000, +457.000, -636.000
1629476340, +2.99, +21.672,  -0.00403, +286.000, +428.000, -858.000
1629476400, +2.99, +21.688,  -0.03499, +528.000, -584.000, -670.000
1629476460, +2.99, +21.672,  -0.01951, +540.000, -532.000, -692.000
1629476520, +2.99, +21.646,  -0.05667, -232.000, +771.000, -848.000
1629476580, +2.99, +21.646,  +0.04242, -1086.000, -224.000, -526.000
1629476640, +2.99, +21.621,  -0.03189, -1152.000, -269.000, -480.000
1629476700, +2.99, +21.571,  -0.02261, -1088.000, -250.000, -560.000
1629476760, +2.99, +21.571,  -0.05667, -976.000, -208.000, -624.000
1629476820, +2.99, +21.579,  -0.01332, -1180.000, -232.000, -432.000
1629476880, +2.99, +21.563,  -0.00093, -1020.000, -280.000, -328.000
1629476940, +2.99, +21.521,  -0.03499, -1168.000, -252.000, -464.000
1629477000, +2.99, +21.546,  -0.07215, -1088.000, -240.000, -540.000
1629477060, +2.99, +21.512,  +0.07339, -969.000, -257.000, -394.000
1629477120, +2.99, +21.512,  -0.05976, -1022.000, -352.000, -512.000
1629477180, +2.99, +21.487,  -0.07525, -916.000, -168.000, -356.000
1629477240, +2.99, +21.479,  -0.00712, -1128.000, -152.000, -440.000
1629477300, +2.99, +21.454,  -0.03809, -1050.000, -221.000, -328.000
1629477360, +2.99, +21.429,  -0.07525, -1065.000, -111.000, -288.000
1629477420, +2.99, +21.420,  +0.01146, -1028.000, -188.000, -338.000
1629477480, +2.99, +21.412,  +0.03623, -272.000, -13.000, +300.000
1629477540, +2.99, +21.420,  +0.05171, -1140.000, -193.000, -272.000
1629477600, +2.99, +21.362,  -0.09692, -1032.000, -264.000, -365.000
1629477660, +2.99, +21.336,  -0.03499, -1096.000, -200.000, -352.000
1629477720, +2.99, +21.311,  -0.03499, -1008.000, -212.000, -352.000
1629477780, +2.99, +21.345,  -0.07215, -1070.000, -240.000, -216.000
1629477840, +2.99, +21.294,  +0.07958, -1036.000, -205.000, -408.000
1629477900, +2.99, +21.311,  +0.03623, -708.000, -32.000, -280.000
1629477960, +2.99, +21.269,  +0.04552, -1192.000, -189.000, -288.000
1629478020, +2.99, +21.269,  -0.02570, -954.000, -114.000, -160.000
1629478080, +2.99, +21.261,  +0.04242, -1248.000, -216.000, -400.000
1629478140, +2.99, +21.253,  -0.00403, -1348.000, -409.000, -537.000
1629478200, +2.99, +21.219,  +0.00526, -1224.000, -376.000, -524.000
1629478260, +2.99, +21.227,  -0.02570, -1108.000, -352.000, -388.000
1629478320, +2.99, +21.185,  +0.02075, -704.000, -216.000, -48.000
1629478380, +2.99, +21.211,  +0.03004, -1220.000, -272.000, -448.000
1629478440, +2.99, +21.152,  -0.03809, -1060.000, -269.000, -388.000
1629478500, +2.99, +21.135,  -0.05047, -1016.000, -208.000, -304.000
1629478560, +2.99, +21.135,  -0.01641, -1192.000, -192.000, -632.000
1629478620, +2.99, +21.135,  -0.07525, -920.000, -240.000, -408.000
1629478680, +2.99, +21.127,  -0.02261, -956.000,  +3.000, -356.000
1629478740, +2.99, +21.127,  -0.01332, -1268.000, -264.000, -576.000
1629478800, +2.99, +21.118,  -0.03499, -1168.000, -186.000, -570.000
1629478860, +2.99, +21.076,  -0.00403, -856.000, -192.000, -244.000
1629478920, +2.99, +21.051,  -0.03499, -1048.000, -224.000, -532.000
1629478980, +2.99, +21.068,  -0.04738, -1136.000, -84.000, -408.000
1629479040, +2.99, +21.051,  -0.03189, -1056.000, -196.000, -448.000
1629479100, +2.99, +21.051,  -0.01022, -1024.000, -296.000, -328.000
1629479160, +2.99, +21.034,  -0.04118, -928.000, -156.000, -840.000
1629479220, +2.99, +21.018,  -0.00712, -1056.000, -112.000, -480.000
1629479280, +2.99, +21.018,  +0.03004, -968.000, -272.000, -564.000
1629479340, +2.99, +20.993,  -0.02880, -1056.000, -200.000, -484.000
1629479400, +2.99, +20.993,  +0.03004, -968.000, -152.000, -442.000
1629479460, +2.99, +20.967,  -0.04738, -1214.000, -188.000, -256.000
1629479520, +2.99, +20.967,  +0.03623, -1040.000, -208.000, -512.000
1629479580, +2.99, +20.976,  -0.02570, -1050.000, -216.000, -420.000
1629479640, +2.99, +20.925,  +0.01765, -1056.000, -208.000, -472.000
1629479700, +2.99, +20.925,  -0.05357, -1040.000, -216.000, -400.000
1629479760, +2.99, +20.917,  -0.07525, -1068.000, -200.000, -544.000
1629479820, +2.99, +20.892,  -0.10931, -960.000, -218.000, -798.000
1629479880, +2.99, +20.892,  +0.00526, -1072.000, -176.000, -464.000
1629479940, +2.99, +20.909,  -0.05667, -1050.000, -176.000, -600.000
1629480000, +2.99, +20.892,  -0.09383, +600.000, -436.000, -720.000
1629480060, +2.99, +20.883,  -0.00403, +600.000, -448.000, -704.000
1629480120, +2.99, +20.850,  -0.09692, +584.000, -448.000, -656.000
1629480180, +2.99, +20.850,  -0.01022, +592.000, -446.000, -688.000
1629480240, +2.99, +20.842,  -0.01641, +584.000, -456.000, -648.000
1629480300, +2.99, +20.850,  +0.01146, +579.000, -460.000, -616.000
1629480360, +2.99, +20.833,  -0.04738, +590.000, -456.000, -672.000
1629480420, +2.99, +20.816,  +0.06100, +531.000, -464.000, -464.000
1629480480, +2.99, +20.808,  -0.10312, +601.000, -498.000, -661.000
1629480540, +2.99, +20.774,  -0.09383, +608.000, -505.000, -665.000
1629480600, +2.99, +20.816,  +0.02075, +600.000, -461.000, -720.000
1629480660, +2.99, +20.774,  -0.07525, +592.000, -460.000, -668.000
1629480720, +2.99, +20.783,  -0.05667, +608.000, -472.000, -718.000
1629480780, +2.99, +20.783,  -0.05976, +536.000, -464.000, -458.000
1629480840, +2.99, +20.808,  +0.00217, +556.000, -480.000, -496.000
1629480900, +2.99, +20.774,  -0.07834, +600.000, -458.000, -702.000
1629480960, +2.99, +20.783,  -0.05357, +604.000, -472.000, -720.000
1629481020, +2.99, +20.749,  +0.01455, +590.000, -464.000, -666.000
1629481080, +2.99, +20.766,  +0.07649, +534.000, -466.000, -457.000
1629481140, +2.99, +20.766,  +0.02075, +584.000, -464.000, -632.000
1629481200, +2.99, +20.741,  -0.00403, +534.000, -472.000, -461.000
1629481260, +2.99, +20.749,  +0.07339, +534.000, -471.000, -458.000
1629481320, +2.99, +20.749,  -0.03189, +600.000, -464.000, -704.000
1629481380, +2.99, +20.732,  +0.06720, +598.000, -462.000, -696.000
1629481440, +2.99, +20.758,  -0.01951, +608.000, -484.000, -714.000
1629481500, +2.99, +20.749,  -0.03809, +604.000, -488.000, -712.000
1629481560, +2.99, +20.724,  -0.01641, +529.000, -444.000, -477.000
1629481620, +2.99, +20.699,  -0.10312, +579.000, -440.000, -648.000
1629481680, +2.99, +20.749,  -0.02261, +600.000, -468.000, -700.000
1629481740, +2.99, +20.699,  -0.01022, +593.000, -436.000, -704.000
1629481800, +2.99, +20.707,  -0.07525, +600.000, -436.000, -720.000
1629481860, +2.99, +20.716,  +0.02384, +601.000, -440.000, -732.000
1629481920, +2.99, +20.707,  +0.06100, +600.000, -477.000, -665.000
1629481980, +2.99, +20.699,  +0.09197, +592.000, -436.000, -696.000
1629482040, +2.99, +20.732,  +0.03623, +588.000, -436.000, -684.000
1629482100, +2.99, +20.732,  -0.01951, +592.000, -436.000, -700.000
1629482160, +2.99, +20.741,  -0.02880, +592.000, -434.000, -704.000
1629482220, +2.99, +20.699,  -0.03499, +579.000, -447.000, -622.000
1629482280, +2.99, +20.716,  +0.01455, +600.000, -444.000, -728.000
1629482340, +2.99, +20.699,  -0.02880, +598.000, -436.000, -720.000
1629482400, +2.99, +20.724,  +0.04552, +595.000, -436.000, -712.000
1629482460, +2.99, +20.716,  -0.13099, +600.000, -442.000, -728.000
1629482520, +2.99, +20.724,  +0.04552, +593.000, -440.000, -708.000
1629482580, +2.99, +20.707,  -0.05047, +600.000, -482.000, -665.000
1629482640, +2.99, +20.699,  -0.02880, +598.000, -436.000, -708.000
1629482700, +2.99, +20.716,  +0.01455, +596.000, -440.000, -712.000
1629482760, +2.99, +20.699,  +0.06410, +600.000, -440.000, -720.000
1629482820, +2.99, +20.724,  +0.00526, +592.000, -436.000, -700.000
1629482880, +2.99, +20.699,  +0.03004, +531.000, -445.000, -466.000
1629482940, +2.99, +20.724,  -0.05047, +598.000, -440.000, -708.000
1629483000, +2.99, +20.732,  -0.01332, +531.000, -449.000, -468.000
1629483060, +2.99, +20.707,  -0.02570, +596.000, -436.000, -712.000
1629483120, +2.99, +20.724,  -0.11860, +600.000, -480.000, -676.000
1629483180, +2.99, +20.724,  +0.03313, +598.000, -440.000, -712.000
1629483240, +2.99, +20.699,  -0.04428, +592.000, -440.000, -696.000
1629483300, +2.99, +20.699,  -0.04118, +600.000, -440.000, -716.000
1629483360, +2.99, +20.707,  -0.00093, +583.000, -448.000, -632.000
1629483420, +2.99, +20.732,  -0.08454, +568.000, -452.000, -576.000
1629483480, +2.99, +20.741,  +0.00217, +592.000, -440.000, -696.000
1629483540, +2.99, +20.724,  -0.10312, +588.000, -440.000, -676.000
1629483600, +2.99, +20.749,  -0.07834, +588.000, -442.000, -676.000
1629483660, +2.99, +20.741,  -0.05667, +592.000, -440.000, -692.000
1629483720, +2.99, +20.741,  -0.05357, +596.000, -442.000, -704.000
1629483780, +2.99, +20.758,  +0.10435, +604.000, -448.000, -728.000
1629483840, +2.99, +20.732,  -0.03189, +584.000, -442.000, -648.000
1629483900, +2.99, +20.749,  +0.03933, +588.000, -442.000, -656.000
1629483960, +2.99, +20.758,  +0.01765, +576.000, -448.000, -608.000
1629484020, +2.99, +20.766,  +0.01455, +603.000, -484.000, -653.000
1629484080, +2.99, +20.758,  -0.01951, +596.000, -440.000, -712.000
1629484140, +2.99, +20.699,  -0.00712, +600.000, -482.000, -669.000
1629484200, +2.99, +20.783,  -0.03809, +596.000, -440.000, -712.000
1629484260, +2.99, +20.749,  +0.04242, +577.000, -448.000, -626.000
1629484320, +2.99, +20.783,  -0.06286, +595.000, -442.000, -692.000
1629484380, +2.99, +20.783,  -0.05047, +582.000, -448.000, -621.000
1629484440, +2.99, +20.783,  +0.08887, +598.000, -440.000, -712.000
1629484500, +2.99, +20.791,  -0.04738, +600.000, -448.000, -728.000
1629484560, +2.99, +20.791,  -0.00093, +600.000, -446.000, -724.000
1629484620, +2.99, +20.816,  -0.02570, +582.000, -448.000, -634.000
1629484680, +2.99, +20.808,  +0.03313, +576.000, -448.000, -608.000
1629484740, +2.99, +20.833,  -0.00093, +584.000, -444.000, -656.000
1629484800, +2.99, +20.833,  +0.01146, +600.000, -444.000, -720.000
1629484860, +2.99, +20.833,  -0.05667, +595.000, -442.000, -700.000
1629484920, +2.99, +20.825,  -0.01641, +592.000, -442.000, -682.000
1629484980, +2.99, +20.833,  -0.07834, +582.000, -448.000, -636.000
1629485040, +2.99, +20.850,  -0.03189, +600.000, -442.000, -716.000
1629485100, +2.99, +20.842,  -0.00093, +600.000, -442.000, -712.000
1629485160, +2.99, +20.850,  -0.02880, +568.000, -456.000, -564.000
1629485220, +2.99, +20.867,  +0.01146, +568.000, -456.000, -568.000
1629485280, +2.99, +20.867,  -0.01332, +592.000, -444.000, -688.000
1629485340, +2.99, +20.858,  -0.09073, +579.000, -448.000, -632.000
1629485400, +2.99, +20.892,  -0.03809, +584.000, -448.000, -648.000
1629485460, +2.99, +20.867,  -0.04118, +584.000, -448.000, -640.000
1629485520, +2.99, +20.883,  -0.00712, +583.000, -448.000, -637.000
1629485580, +2.99, +20.917,  -0.05047, +598.000, -440.000, -704.000
1629485640, +2.99, +20.917,  -0.03499, +563.000, -456.000, -548.000
1629485700, +2.99, +20.900,  -0.03809, +584.000, -448.000, -637.000
1629485760, +2.99, +20.909,  -0.02880, +583.000, -448.000, -648.000
1629485820, +2.99, +20.934,  -0.04118, +576.000, -452.000, -608.000
1629485880, +2.99, +20.909,  -0.01641, +588.000, -445.000, -676.000
1629485940, +2.99, +20.967,  -0.05047, +574.000, -452.000, -600.000
1629486000, +2.99, +20.967,  +0.01765, +579.000, -448.000, -634.000
1629486060, +2.99, +20.984,  -0.04428, +584.000, -448.000, -660.000
1629486120, +2.99, +20.967,  -0.06905, +590.000, -445.000, -672.000
1629486180, +2.99, +20.967,  -0.02261, +595.000, -442.000, -712.000
1629486240, +2.99, +20.984,  -0.01951, +592.000, -444.000, -692.000
1629486300, +2.99, +20.993,  -0.03499, +575.000, -456.000, -592.000
1629486360, +2.99, +21.009,  -0.01641, +572.000, -456.000, -576.000
1629486420, +2.99, +20.993,  -0.00712, +551.000, -464.000, -505.000
1629486480, +2.99, +21.034,  -0.04118, +572.000, -456.000, -576.000
1629486540, +2.99, +21.009,  -0.03189, +568.000, -458.000, -568.000
1629486600, +2.99, +21.051,  -0.03189, +583.000, -448.000, -640.000
1629486660, +2.99, +21.051,  -0.06905, +584.000, -448.000, -648.000
1629486720, +2.99, +21.068,  -0.01641, +547.000, -464.000, -500.000
1629486780, +2.99, +21.060,  +0.06100, +576.000, -452.000, -602.000
1629486840, +2.99, +21.068,  -0.01022, +579.000, -452.000, -621.000
1629486900, +2.99, +21.076,  -0.01332, +576.000, -452.000, -605.000
1629486960, +2.99, +21.093,  -0.08144, +579.000, -452.000, -620.000
1629487020, +2.99, +21.085,  +0.02384, +560.000, -464.000, -536.000
1629487080, +2.99, +21.102,  -0.09692, +534.000, -458.000, -477.000
1629487140, +2.99, +21.144,  -0.03809, +572.000, -456.000, -588.000
1629487200, +2.99, +21.135,  -0.04738, +560.000, -464.000, -524.000
1629487260, +2.99, +21.135,  -0.07525, +552.000, -464.000, -512.000
1629487320, +2.99, +21.144,  -0.00093, +548.000, -464.000, -500.000
1629487380, +2.99, +21.169,  -0.05976, +572.000, -456.000, -576.000
1629487440, +2.99, +21.177,  -0.00712, +574.000, -456.000, -592.000
1629487500, +2.99, +21.160,  +0.01765, +563.000, -463.000, -542.000
1629487560, +2.99, +21.169,  -0.06596, +544.000, -464.000, -496.000
1629487620, +2.99, +21.185,  -0.04118, +544.000, -464.000, -493.000
1629487680, +2.99, +21.236,  +0.03313, +532.000, -464.000, -480.000
1629487740, +2.99, +21.236,  -0.03189, +531.000, -460.000, -474.000
1629487800, +2.99, +21.227,  +0.03623, +531.000, -456.000, -473.000
1629487860, +2.99, +21.219,  -0.04738, +531.000, -456.000, -474.000
1629487920, +2.99, +21.286,  -0.06596, +531.000, -464.000, -480.000
1629487980, +2.99, +21.261,  +0.03623, +529.000, -452.000, -464.000
1629488040, +2.99, +21.278,  -0.01641, +534.000, -456.000, -468.000
1629488100, +2.99, +21.294,  +0.06410, +536.000, -464.000, -484.000
1629488160, +2.99, +21.303,  -0.01022, +550.000, -464.000, -504.000
1629488220, +2.99, +21.320,  -0.03499, +540.000, -463.000, -488.000
1629488280, +2.99, +21.311,  +0.01455, +534.000, -453.000, -464.000
1629488340, +2.99, +21.336,  -0.05667, +534.000, -453.000, -464.000
1629488400, +2.99, +21.353,  -0.10312, +534.000, -455.000, -466.000
1629488460, +2.99, +21.387,  -0.13408, +531.000, -452.000, -466.000
1629488520, +2.99, +21.387,  -0.03189, +542.000, -464.000, -488.000
1629488580, +2.99, +21.395,  +0.03623, +531.000, -456.000, -468.000
1629488640, +2.99, +21.403,  -0.06905, +596.000, -445.000, -704.000
1629488700, +2.99, +21.420,  -0.04738, +600.000, -456.000, -724.000
1629488760, +2.99, +21.420,  -0.08454, +531.000, -455.000, -466.000
1629488820, +2.99, +21.437,  -0.01951, +532.000, -452.000, -464.000
1629488880, +2.99, +21.420,  +0.00526, +593.000, -448.000, -700.000
1629488940, +2.99, +21.462,  -0.03189, +531.000, -450.000, -464.000
1629489000, +2.99, +21.479,  +0.05481, +600.000, -445.000, -712.000
1629489060, +2.99, +21.429,  -0.05047, +600.000, -448.000, -718.000
1629489120, +2.99, +21.504,  +0.01765, +531.000, -450.000, -464.000
1629489180, +2.99, +21.487,  -0.03499, +604.000, -480.000, -720.000
1629489240, +2.99, +21.521,  -0.09073, +596.000, -448.000, -692.000
1629489300, +2.99, +21.546,  +0.03313, +531.000, -455.000, -464.000
1629489360, +2.99, +21.546,  +0.03313, +595.000, -448.000, -698.000
1629489420, +2.99, +21.563,  -0.00403, +531.000, -464.000, -476.000
1629489480, +2.99, +21.571,  -0.11860, +596.000, -447.000, -692.000
1629489540, +2.99, +21.571,  +0.08268, +592.000, -445.000, -701.000
1629489600, +2.99, +21.613,  -0.04428, +596.000, -447.000, -698.000
1629489660, +2.99, +21.621,  -0.12479, +600.000, -448.000, -712.000
1629489720, +2.99, +21.630,  +0.00217, +592.000, -445.000, -696.000
1629489780, +2.99, +21.638,  -0.04738, +592.000, -446.000, -698.000
1629489840, +2.99, +21.655,  +0.02075, +534.000, -464.000, -474.000
1629489900, +2.99, +21.638,  +0.02075, +592.000, -448.000, -688.000
1629489960, +2.99, +21.672,  -0.04118, +531.000, -456.000, -464.000
1629490020, +2.99, +21.688,  +0.04552, +592.000, -448.000, -696.000
1629490080, +2.99, +21.680,  -0.03809, +531.000, -456.000, -464.000
1629490140, +2.99, +21.713,  -0.03189, +596.000, -448.000, -704.000
1629490200, +2.99, +21.722,  -0.04428, +531.000, -455.000, -464.000
1629490260, +2.99, +21.739,  -0.09692, +595.000, -448.000, -688.000
1629490320, +2.99, +21.755,  -0.05976, +592.000, -448.000, -672.000
1629490380, +2.99, +21.772,  +0.01765, +592.000, -448.000, -688.000
1629490440, +2.99, +21.781,  -0.02261, +595.000, -448.000, -696.000
1629490500, +2.99, +21.797,  -0.10002, +531.000, -456.000, -461.000
1629490560, +2.99, +21.806,  -0.00403, +531.000, -456.000, -464.000
1629490620, +2.99, +21.797,  +0.03933, +532.000, -456.000, -464.000
1629490680, +2.99, +21.831,  -0.00093, +592.000, -448.000, -688.000
1629490740, +2.99, +21.856,  -0.01332, +592.000, -448.000, -686.000
1629490800, +2.99, +21.856,  +0.03623, +592.000, -448.000, -688.000
1629490860, +2.99, +21.856,  -0.08763, +595.000, -448.000, -696.000
1629490920, +2.99, +21.864,  +0.05481, +590.000, -448.000, -676.000
1629490980, +2.99, +21.898,  -0.00093, +592.000, -448.000, -688.000
1629491040, +2.99, +21.915,  +0.00836, +592.000, -448.000, -688.000
1629491100, +2.99, +21.898,  +0.02075, +590.000, -448.000, -672.000
1629491160, +2.99, +21.931,  -0.05667, +592.000, -448.000, -688.000
1629491220, +2.99, +21.965,  +0.06100, +592.000, -448.000, -672.000
1629491280, +2.99, +21.956,  -0.00403, +591.000, -448.000, -680.000
1629491340, +2.99, +21.973,  -0.01332, +593.000, -448.000, -696.000
1629491400, +2.99, +21.990,  -0.01332, +590.000, -448.000, -680.000
1629491460, +2.99, +21.998,  -0.06596, +592.000, -448.000, -680.000
1629491520, +2.99, +22.007,  -0.00093, +588.000, -448.000, -666.000
1629491580, +2.99, +22.023,  -0.02880, +592.000, -448.000, -676.000
1629491640, +2.99, +22.049,  -0.05357, +592.000, -448.000, -685.000
1629491700, +2.99, +22.049,  -0.01332, +595.000, -448.000, -680.000
1629491760, +2.99, +22.099,  +0.06100, +590.000, -448.000, -668.000
1629491820, +2.99, +22.082,  -0.08763, +584.000, -456.000, -648.000
1629491880, +2.99, +22.090,  -0.07834, +590.000, -448.000, -672.000
1629491940, +2.99, +22.090,  +0.08268, +588.000, -448.000, -670.000
1629492000, +2.99, +22.124,  +0.02694, +592.000, -448.000, -672.000
1629492060, +2.99, +22.141,  +0.02384, +588.000, -448.000, -664.000
1629492120, +2.99, +22.149,  -0.06905, +588.000, -456.000, -656.000
1629492180, +2.99, +22.174,  -0.01641, +588.000, -448.000, -664.000
1629492240, +2.99, +22.191,  -0.00403, +588.000, -456.000, -656.000
1629492300, +2.99, +22.182,  +0.03623, +588.000, -452.000, -656.000
1629492360, +2.99, +22.199,  -0.07834, +585.000, -448.000, -656.000
1629492420, +2.99, +22.224,  -0.07215, +588.000, -448.000, -660.000
1629492480, +2.99, +22.216,  -0.05047, +590.000, -448.000, -669.000
1629492540, +2.99, +22.249,  -0.06596, +591.000, -448.000, -668.000
1629492600, +2.99, +22.266,  -0.00403, +588.000, -456.000, -660.000
1629492660, +2.99, +22.266,  -0.06286, +590.000, -448.000, -664.000
1629492720, +2.99, +22.291,  -0.02261, +588.000, -452.000, -656.000
1629492780, +2.99, +22.291,  +0.01765, +588.000, -452.000, -652.000
1629492840, +2.99, +22.316,  -0.07834, +584.000, -452.000, -640.000
1629492900, +2.99, +22.333,  +0.00836, +566.000, -464.000, -544.000
1629492960, +2.99, +22.333,  +0.08268, +584.000, -452.000, -656.000
1629493020, +2.99, +22.342,  -0.14028, +588.000, -452.000, -660.000
1629493080, +2.99, +22.358,  -0.07834, +585.000, -452.000, -654.000
1629493140, +2.99, +22.375,  +0.03313, +588.000, -448.000, -656.000
1629493200, +2.99, +22.400,  +0.05481, +590.000, -452.000, -656.000
1629493260, +2.99, +22.408,  -0.02570, +531.000, -456.000, -463.000
1629493320, +2.99, +22.434,  +0.04552, +532.000, -460.000, -472.000
1629493380, +2.99, +22.442,  -0.00403, +576.000, -456.000, -608.000
1629493440, +2.99, +22.459,  -0.00093, +583.000, -456.000, -624.000
1629493500, +2.99, +22.450,  -0.02261, +568.000, -464.000, -548.000
1629493560, +2.99, +22.484,  -0.02570, +542.000, -464.000, -488.000
1629493620, +2.99, +22.467,  +0.03933, +560.000, -468.000, -528.000
1629493680, +2.99, +22.501,  +0.01455, +560.000, -468.000, -536.000
1629493740, +2.99, +22.492,  -0.05976, +568.000, -464.000, -576.000
1629493800, +2.99, +22.534,  +0.03313, +560.000, -464.000, -528.000
1629493860, +2.99, +22.542,  -0.01951, +584.000, -456.000, -648.000
1629493920, +2.99, +22.559,  -0.02261, +528.000, -461.000, -472.000
1629493980, +2.99, +22.584,  -0.03189, +560.000, -464.000, -536.000
1629494040, +2.99, +22.584,  +0.00836, +556.000, -464.000, -512.000
1629494100, +2.99, +22.601,  +0.04242, +534.000, -458.000, -464.000
1629494160, +2.99, +22.601,  +0.00836, +600.000, -456.000, -720.000
1629494220, +2.99, +22.634,  +0.09507, +531.000, -456.000, -466.000
1629494280, +2.99, +22.643,  -0.13099, +560.000, -464.000, -520.000
1629494340, +2.99, +22.634,  -0.03189, +529.000, -463.000, -472.000
1629494400, +2.99, +22.676,  -0.07215, +536.000, -468.000, -478.000
1629494460, +2.99, +22.668,  +0.04552, +532.000, -464.000, -474.000
1629494520, +2.99, +22.659,  -0.06596, +531.000, -461.000, -472.000
1629494580, +2.99, +22.726,  -0.06286, +531.000, -463.000, -468.000
1629494640, +2.99, +22.718,  -0.00093, +531.000, -461.000, -468.000
1629494700, +2.99, +22.735,  -0.07834, +531.000, -460.000, -468.000
1629494760, +2.99, +22.743,  +0.01765, +532.000, -464.000, -468.000
1629494820, +2.99, +22.726,  -0.01332, +600.000, -474.000, -712.000
1629494880, +2.99, +22.777,  +0.05171, +531.000, -456.000, -468.000
1629494940, +2.99, +22.793,  -0.00093, +604.000, -468.000, -720.000
1629495000, +2.99, +22.777,  +0.00836, +531.000, -457.000, -458.000
1629495060, +2.99, +22.810,  -0.05667, +531.000, -458.000, -464.000
1629495120, +2.99, +22.810,  -0.00093, +534.000, -464.000, -472.000
1629495180, +2.99, +22.843,  -0.02570, +531.000, -463.000, -468.000
1629495240, +2.99, +22.852,  -0.00712, +600.000, -456.000, -718.000
1629495300, +2.99, +22.860,  -0.00712, +531.000, -464.000, -468.000
1629495360, +2.99, +22.877,  -0.04738, +532.000, -456.000, -464.000
1629495420, +2.99, +22.902,  +0.03933, +588.000, -456.000, -660.000
1629495480, +2.99, +22.919,  -0.00093, +588.000, -456.000, -650.000
1629495540, +2.99, +22.877,  -0.03809, +588.000, -456.000, -655.000
1629495600, +2.99, +22.935,  -0.00093, +604.000, -484.000, -720.000
1629495660, +2.99, +22.969,  -0.03189, +600.000, -456.000, -718.000
1629495720, +2.99, +22.952,  +0.01455, +604.000, -488.000, -673.000
1629495780, +2.99, +23.002,  +0.00836, +600.000, -490.000, -665.000
1629495840, +2.99, +23.011,  -0.06596, +596.000, -452.000, -704.000
1629495900, +2.99, +23.027,  -0.05357, +591.000, -456.000, -670.000
1629495960, +2.99, +23.036,  -0.07525, +592.000, -452.000, -680.000
1629496020, +2.99, +23.027,  -0.05976, +590.000, -452.000, -670.000
1629496080, +2.99, +23.036,  -0.01332, +600.000, -456.000, -718.000
1629496140, +2.98, +23.061,  -0.05667, +584.000, -456.000, -640.000
1629496200, +2.98, +23.044,  -0.08454, +588.000, -456.000, -656.000
1629496260, +2.98, +23.103,  +0.02694, +600.000, -456.000, -712.000
1629496320, +2.99, +23.119,  +0.05171, +595.000, -448.000, -688.000
1629496380, +2.99, +23.111,  -0.07834, +588.000, -456.000, -664.000
1629496440, +2.99, +23.144,  -0.00403, +593.000, -448.000, -684.000
1629496500, +2.98, +23.136,  -0.01022, +584.000, -456.000, -640.000
1629496560, +2.98, +23.169,  -0.04118, +588.000, -452.000, -664.000
1629496620, +2.99, +23.186,  +0.03313, +582.000, -461.000, -628.000
