7530-428102
OS REV: 1.05 Sensor Cal: 1572940800
Time (sec),  Bat (Volts),   T (deg C),  PAR (umol/(s m^2))  Ax (g), Ay (g), Az (g)
1621843680, +3.16, +24.055,  +0.86302, +1062.000, +44.000, +280.000
1621843740, +3.16, +24.280,  +0.51310, +1014.000,  +3.000, +300.000
1621843800, +3.16, +24.397,  +0.51620, +1113.000, +16.000, +191.000
1621843860, +3.16, +24.472,  +0.97759, +1000.000, +83.000, +236.000
1621843920, +3.16, +24.547,  +1.07978, +999.000, +83.000, +232.000
1621843980, +3.16, +24.588,  +1.12313, +1000.000, +83.000, +232.000
1621844040, +3.16, +24.572,  +1.13552, +1001.000, +87.000, +232.000
1621844100, +3.16, +24.605,  +1.04572, +999.000, +83.000, +232.000
1621844160, +3.16, +24.638,  +1.05810, +999.000, +83.000, +232.000
1621844220, +3.16, +24.622,  +1.07978, +999.000, +83.000, +236.000
1621844280, +3.16, +24.605,  +1.09526, +999.000, +84.000, +231.000
1621844340, +3.16, +24.613,  +1.10455, +999.000, +83.000, +232.000
1621844400, +3.16, +24.597,  +0.98998, +1110.000, +105.000, +64.000
1621844460, +3.16, +24.563,  +1.11384, +999.000, +88.000, +236.000
1621844520, +3.16, +24.513,  +1.20984, +999.000, +83.000, +236.000
1621844580, +3.16, +24.563,  +1.09836, +1048.000, +99.000, +216.000
1621844640, +3.16, +24.547,  +1.04572, +1031.000, +96.000, +230.000
1621844700, +3.16, +24.530,  +1.03023, +1004.000, +84.000, +236.000
1621844760, +3.16, +24.530,  +0.96830, +1016.000, +88.000, +236.000
1621844820, +3.16, +24.480,  +1.09526, +1001.000, +83.000, +232.000
1621844880, +3.16, +24.463,  +1.11384, +1108.000, +84.000, +103.000
1621844940, +3.16, +24.463,  +0.99617, +1004.000, +84.000, +236.000
1621845000, +3.16, +24.472,  +1.00546, +1004.000, +88.000, +236.000
1621845060, +3.16, +24.455,  +1.07049, +1001.000, +84.000, +240.000
1621845120, +3.16, +24.430,  +1.07049, +1004.000, +80.000, +236.000
1621845180, +3.16, +24.438,  +1.12932, +1049.000, +102.000, +209.000
1621845240, +3.16, +24.397,  +1.07668, +1049.000, +102.000, +204.000
1621845300, +3.16, +24.405,  +0.94663, +1056.000, +108.000, +192.000
1621845360, +3.16, +24.355,  +1.19745, +1030.000, +92.000, +231.000
1621845420, +3.16, +24.347,  +0.98688, +999.000, +83.000, +233.000
1621845480, +3.16, +24.347,  +1.11384, +1036.000, +96.000, +224.000
1621845540, +3.16, +24.330,  +1.10765, +1033.000, +96.000, +227.000
1621845600, +3.16, +24.322,  +0.97449, +1041.000, +97.000, +220.000
1621845660, +3.16, +24.313,  +1.03023, +1032.000, +96.000, +227.000
1621845720, +3.16, +24.296,  +1.11694, +1048.000, +102.000, +208.000
1621845780, +3.16, +24.288,  +1.20055, +1088.000, +128.000, +108.000
1621845840, +3.16, +24.246,  +1.02714, +1048.000, +102.000, +209.000
1621845900, +3.16, +24.205,  +0.98998, +1040.000, +96.000, +216.000
1621845960, +3.16, +24.205,  +0.98069, +1043.000, +99.000, +216.000
1621846020, +3.16, +24.180,  +1.08597, +1044.000, +97.000, +216.000
1621846080, +3.16, +24.163,  +1.19126, +1036.000, +96.000, +224.000
1621846140, +3.16, +24.155,  +1.07668, +1096.000, +132.000, +80.000
1621846200, +3.16, +24.121,  +1.01785, +1059.000, +108.000, +192.000
1621846260, +3.16, +24.080,  +1.04881, +1102.000, +134.000, +78.000
1621846320, +3.16, +24.096,  -0.00712, +1084.000, +124.000, +128.000
1621846380, +3.16, +24.030,  +0.00526, +1055.000, +108.000, +195.000
1621846440, +3.16, +24.038,  -0.05667, +1057.000, +104.000, +192.000
1621846500, +3.16, +24.005,  +0.02075, +1088.000, +128.000, +108.000
1621846560, +3.16, +23.980,  +0.11984, +1044.000, +100.000, +212.000
1621846620, +3.16, +23.971,  -0.01332, +1080.000, +121.000, +131.000
1621846680, +3.16, +23.946,  -0.03189, +1080.000, +120.000, +135.000
1621846740, +3.16, +23.929,  +0.10126, +1089.000, +128.000, +108.000
1621846800, +3.16, +23.888,  -0.00093, +1091.000, +131.000, +96.000
1621846860, +3.16, +23.879,  +0.03313, +1095.000, +135.000, +88.000
1621846920, +3.16, +23.879,  +0.06720, +1107.000, +128.000, +48.000
1621846980, +3.16, +23.838,  -0.11241, +1096.000, +134.000, +83.000
1621847040, +3.16, +23.779,  -0.09073, +1110.000, +120.000, +48.000
1621847100, +3.16, +23.779,  +0.00526, +1080.000, +120.000, +140.000
1621847160, +3.16, +23.763,  -0.09073, +1088.000, +128.000, +113.000
1621847220, +3.16, +23.737,  +0.07958, +1100.000, +134.000, +72.000
1621847280, +3.16, +23.721,  -0.03499, +1103.000, +134.000, +60.000
1621847340, +3.16, +23.696,  -0.09692, +1089.000, +128.000, +110.000
1621847400, +3.16, +23.679,  +0.02384, +1111.000, +108.000, +57.000
1621847460, +3.16, +23.646,  -0.01951, +1107.000, +120.000, +54.000
1621847520, +3.16, +23.637,  +0.12603, +1110.000, +124.000, +51.000
1621847580, +3.16, +23.612,  -0.03809, +1108.000, +96.000, +83.000
1621847640, +3.16, +23.562,  +0.00836, +1100.000, +136.000, +70.000
1621847700, +3.16, +23.579,  -0.01951, +999.000, +83.000, +232.000
1621847760, +3.16, +23.545,  -0.05047, +1103.000, +135.000, +56.000
1621847820, +3.16, +23.529,  -0.05047, +1110.000, +100.000, +70.000
1621847880, +3.16, +23.495,  +0.06410, +1004.000, +88.000, +236.000
1621847940, +3.16, +23.445,  -0.04428, +999.000, +84.000, +236.000
1621848000, +3.16, +23.462,  -0.05976, +1107.000, +114.000, +56.000
1621848060, +3.16, +23.437,  +0.02384, +1001.000, +83.000, +233.000
1621848120, +3.16, +23.412,  -0.02880, +999.000, +84.000, +232.000
1621848180, +3.16, +23.378,  -0.07525, +999.000, +86.000, +235.000
1621848240, +3.16, +23.370,  -0.06905, +1001.000, +87.000, +233.000
1621848300, +3.16, +23.362,  +0.08887, +1111.000, +96.000, +92.000
1621848360, +3.16, +23.337,  +0.04242, +1000.000, +88.000, +232.000
1621848420, +3.16, +23.328,  -0.02261, +1000.000, +81.000, +231.000
1621848480, +3.16, +23.320,  +0.02075, +1112.000, +120.000, +54.000
1621848540, +3.16, +23.303,  -0.05667, +1046.000, +97.000, +216.000
1621848600, +3.16, +23.286,  -0.05047, +1000.000, +88.000, +236.000
1621848660, +3.16, +23.278,  -0.07215, +1004.000, +83.000, +232.000
1621848720, +3.16, +23.261,  +0.10435, +1054.000, +104.000, +199.000
1621848780, +3.16, +23.261,  +0.04242, +1084.000, +120.000, +128.000
1621848840, +3.16, +23.245,  +0.10745, +999.000, +86.000, +233.000
1621848900, +3.16, +23.228,  +0.03623, +999.000, +83.000, +232.000
1621848960, +3.16, +23.228,  -0.14337, +1020.000, +92.000, +231.000
1621849020, +3.16, +23.228,  -0.08144, +1004.000, +83.000, +232.000
1621849080, +3.16, +23.220,  +0.00526, +1001.000, +83.000, +236.000
1621849140, +3.16, +23.203,  -0.08144, +999.000, +86.000, +232.000
1621849200, +3.16, +23.203,  -0.06905, +1000.000, +86.000, +232.000
1621849260, +3.16, +23.203,  -0.01022, +1110.000, +96.000, +89.000
1621849320, +3.16, +23.203,  -0.01332, +1110.000, +88.000, +81.000
1621849380, +3.16, +23.195,  -0.03809, +1040.000, +102.000, +216.000
1621849440, +3.16, +23.195,  -0.06596, +1068.000, +112.000, +166.000
1621849500, +3.16, +23.186,  -0.05976, +1038.000, +99.000, +220.000
1621849560, +3.16, +23.186,  +0.02694, +999.000, +88.000, +232.000
1621849620, +3.16, +23.169,  +0.00526, +1091.000, +128.000, +97.000
1621849680, +3.16, +23.178,  +0.07339, +1086.000, +124.000, +120.000
1621849740, +3.16, +23.186,  +0.02384, +1048.000, +102.000, +208.000
1621849800, +3.16, +23.169,  -0.04428, +1084.000, +124.000, +120.000
1621849860, +3.16, +23.169,  -0.03499, +1007.000, +88.000, +236.000
1621849920, +3.16, +23.161,  +0.13532, +1001.000, +86.000, +238.000
1621849980, +3.16, +23.186,  -0.02880, +1062.000, +112.000, +180.000
1621850040, +3.16, +23.178,  -0.02570, +1048.000, +104.000, +206.000
1621850100, +3.16, +23.186,  -0.16505, +1000.000, +88.000, +232.000
1621850160, +3.16, +23.178,  +0.01146, +1080.000, +120.000, +134.000
1621850220, +3.16, +23.169,  +0.03623, +1004.000, +83.000, +236.000
1621850280, +3.16, +23.186,  -0.11550, +1084.000, +124.000, +128.000
1621850340, +3.16, +23.195,  -0.01022, +1054.000, +103.000, +200.000
1621850400, +3.16, +23.178,  -0.03809, +1044.000, +102.000, +216.000
1621850460, +3.16, +23.186,  -0.01641, +1075.000, +120.000, +144.000
1621850520, +3.16, +23.203,  -0.03189, +1000.000, +88.000, +232.000
1621850580, +3.16, +23.178,  -0.08144, +1089.000, +131.000, +103.000
1621850640, +3.16, +23.186,  -0.02880, +1059.000, +108.000, +192.000
1621850700, +3.16, +23.186,  -0.01641, +1038.000, +96.000, +224.000
1621850760, +3.16, +23.186,  -0.05667, +1086.000, +124.000, +120.000
1621850820, +3.16, +23.186,  -0.10312, +1006.000, +88.000, +236.000
1621850880, +3.16, +23.178,  +0.01455, +1056.000, +108.000, +198.000
1621850940, +3.16, +23.186,  -0.08763, +1062.000, +112.000, +182.000
1621851000, +3.16, +23.195,  +0.07029, +1043.000, +100.000, +216.000
1621851060, +3.16, +23.186,  +0.03004, +1036.000, +96.000, +224.000
1621851120, +3.16, +23.211,  -0.03809, +1048.000, +100.000, +208.000
1621851180, +3.16, +23.203,  -0.01951, +1112.000, +110.000, +64.000
1621851240, +3.16, +23.203,  +0.07029, +1000.000, +86.000, +236.000
1621851300, +3.16, +23.195,  +0.06410, +1048.000, +102.000, +211.000
1621851360, +3.16, +23.203,  +0.08887, +1110.000, +96.000, +89.000
1621851420, +3.16, +23.195,  +0.14771, +1084.000, +128.000, +115.000
1621851480, +3.16, +23.220,  +0.01146, +1006.000, +88.000, +236.000
1621851540, +3.16, +23.211,  -0.08763, +1040.000, +96.000, +216.000
1621851600, +3.16, +23.203,  +0.03313, +999.000, +86.000, +231.000
1621851660, +3.16, +23.228,  -0.03189, +1048.000, +103.000, +208.000
1621851720, +3.16, +23.220,  -0.03809, +1088.000, +131.000, +108.000
1621851780, +3.16, +23.220,  -0.13408, +1024.000, +96.000, +232.000
1621851840, +3.16, +23.203,  -0.24556, +999.000, +86.000, +236.000
1621851900, +3.16, +23.245,  -0.08144, +1064.000, +112.000, +179.000
1621851960, +3.16, +23.211,  +0.03623, +1039.000, +96.000, +224.000
1621852020, +3.16, +23.211,  +0.04242, +1083.000, +120.000, +136.000
1621852080, +3.16, +23.220,  -0.02880, +1006.000, +84.000, +232.000
1621852140, +3.16, +23.245,  +0.01455, +1001.000, +83.000, +236.000
1621852200, +3.16, +23.236,  -0.10931, +1016.000, +88.000, +232.000
1621852260, +3.16, +23.236,  -0.01332, +1051.000, +102.000, +211.000
1621852320, +3.16, +23.253,  -0.04428, +1043.000, +99.000, +216.000
1621852380, +3.16, +23.253,  +0.03623, +1027.000, +92.000, +232.000
1621852440, +3.16, +23.245,  +0.08578, +999.000, +88.000, +232.000
1621852500, +3.16, +23.261,  -0.10002, +1052.000, +104.000, +204.000
1621852560, +3.16, +23.253,  +0.00217, +1064.000, +112.000, +176.000
1621852620, +3.16, +23.253,  -0.01641, +1036.000, +96.000, +224.000
1621852680, +3.16, +23.236,  +0.05481, +1056.000, +112.000, +192.000
1621852740, +3.16, +23.236,  +0.03004, +1036.000, +96.000, +224.000
1621852800, +3.16, +23.295,  -0.00712, +1020.000, +88.000, +232.000
1621852860, +3.16, +23.286,  +0.02694, +1001.000, +86.000, +236.000
1621852920, +3.16, +23.261,  -0.12170, +1041.000, +97.000, +216.000
1621852980, +3.16, +23.286,  -0.06286, +1048.000, +102.000, +207.000
1621853040, +3.16, +23.295,  -0.04428, +1004.000, +84.000, +232.000
1621853100, +3.16, +23.270,  +0.07649, +1004.000, +86.000, +240.000
1621853160, +3.16, +23.270,  +0.10126, +1000.000, +84.000, +236.000
1621853220, +3.16, +23.295,  +0.01765, +1004.000, +88.000, +236.000
1621853280, +3.16, +23.261,  -0.09383, +1016.000, +88.000, +236.000
1621853340, +3.16, +23.278,  -0.08763, +1040.000, +97.000, +216.000
1621853400, +3.16, +23.295,  -0.08144, +999.000, +87.000, +236.000
1621853460, +3.16, +23.270,  -0.01641, +1048.000, +104.000, +207.000
1621853520, +3.16, +23.261,  -0.06286, +1008.000, +88.000, +232.000
1621853580, +3.16, +23.286,  +0.03313, +1000.000, +84.000, +232.000
1621853640, +3.16, +23.286,  +0.04862, +1000.000, +83.000, +236.000
1621853700, +3.16, +23.253,  -0.09692, +1004.000, +83.000, +236.000
1621853760, +3.16, +23.295,  +0.01455, +1040.000, +97.000, +217.000
1621853820, +3.16, +23.312,  -0.05976, +1000.000, +84.000, +238.000
1621853880, +3.16, +23.320,  -0.03809, +1043.000, +99.000, +216.000
1621853940, +3.16, +23.303,  +0.06100, +1000.000, +86.000, +236.000
1621854000, +3.16, +23.320,  -0.05357, +1004.000, +83.000, +236.000
1621854060, +3.16, +23.303,  -0.05976, +1046.000, +99.000, +216.000
1621854120, +3.16, +23.320,  +0.07649, +1004.000, +86.000, +236.000
1621854180, +3.16, +23.337,  -0.03809, +1017.000, +92.000, +232.000
1621854240, +3.16, +23.328,  -0.09073, +1004.000, +88.000, +236.000
1621854300, +3.16, +23.320,  -0.02570, +1004.000, +84.000, +232.000
1621854360, +3.16, +23.320,  -0.02880, +1004.000, +84.000, +236.000
1621854420, +3.16, +23.345,  -0.02880, +1001.000, +84.000, +232.000
1621854480, +3.16, +23.337,  -0.10621, +1055.000, +108.000, +199.000
1621854540, +3.16, +23.337,  -0.02880, +1004.000, +86.000, +232.000
1621854600, +3.16, +23.345,  +0.04242, +1004.000, +88.000, +236.000
1621854660, +3.16, +23.328,  -0.11241, +999.000, +88.000, +232.000
1621854720, +3.16, +23.337,  +0.04552, +1038.000, +100.000, +224.000
1621854780, +3.16, +23.353,  -0.03499, +1000.000, +84.000, +232.000
1621854840, +3.16, +23.345,  +0.10435, +1000.000, +86.000, +232.000
1621854900, +3.16, +23.378,  -0.02570, +999.000, +84.000, +236.000
1621854960, +3.16, +23.387,  -0.04118, +1011.000, +86.000, +236.000
1621855020, +3.16, +23.362,  -0.02570, +1011.000, +88.000, +232.000
1621855080, +3.16, +23.353,  -0.02261, +999.000, +88.000, +233.000
1621855140, +3.16, +23.362,  -0.05667, +1001.000, +86.000, +236.000
1621855200, +3.16, +23.362,  +0.06720, +1000.000, +88.000, +236.000
1621855260, +3.16, +23.370,  -0.04738, +999.000, +88.000, +235.000
1621855320, +3.16, +23.370,  -0.05976, +999.000, +84.000, +236.000
1621855380, +3.16, +23.378,  -0.02570, +999.000, +88.000, +236.000
1621855440, +3.16, +23.387,  -0.09383, +999.000, +87.000, +231.000
1621855500, +3.16, +23.387,  -0.01951, +1112.000, +112.000, +60.000
1621855560, +3.16, +23.395,  -0.10312, +1004.000, +84.000, +236.000
1621855620, +3.16, +23.387,  -0.05047, +1112.000, +104.000, +64.000
1621855680, +3.16, +23.345,  -0.03499, +999.000, +83.000, +232.000
1621855740, +3.16, +23.403,  +0.02694, +999.000, +83.000, +232.000
1621855800, +3.16, +23.370,  +0.06410, +1112.000, +99.000, +70.000
1621855860, +3.16, +23.412,  -0.14337, +1004.000, +84.000, +236.000
1621855920, +3.16, +23.378,  +0.00217, +999.000, +84.000, +236.000
1621855980, +3.16, +23.370,  -0.03809, +1004.000, +84.000, +236.000
1621856040, +3.16, +23.412,  -0.03499, +1004.000, +83.000, +232.000
1621856100, +3.16, +23.412,  -0.07215, +1004.000, +84.000, +232.000
1621856160, +3.16, +23.420,  +0.05791, +999.000, +87.000, +232.000
1621856220, +3.16, +23.412,  -0.00403, +1004.000, +83.000, +233.000
1621856280, +3.16, +23.412,  -0.01951, +999.000, +84.000, +236.000
1621856340, +3.16, +23.395,  -0.08454, +1097.000, +131.000, +80.000
1621856400, +3.16, +23.412,  -0.04118, +1110.000, +96.000, +79.000
1621856460, +3.16, +23.437,  +0.01455, +999.000, +83.000, +236.000
1621856520, +3.16, +23.437,  -0.12479, +999.000, +86.000, +238.000
1621856580, +3.16, +23.403,  -0.06286, +1028.000, +96.000, +230.000
1621856640, +3.16, +23.420,  -0.02261, +1112.000, +116.000, +54.000
1621856700, +3.16, +23.462,  -0.10312, +999.000, +86.000, +236.000
1621856760, +3.16, +23.454,  -0.02570, +1043.000, +102.000, +214.000
1621856820, +3.16, +23.445,  -0.08144, +999.000, +87.000, +232.000
1621856880, +3.16, +23.437,  -0.11550, +999.000, +86.000, +233.000
1621856940, +3.16, +23.420,  -0.06286, +1112.000, +100.000, +70.000
1621857000, +3.16, +23.437,  +0.00836, +999.000, +83.000, +232.000
1621857060, +3.15, +23.454,  -0.07215, +998.000, +86.000, +232.000
1621857120, +3.16, +23.437,  +0.02075, +999.000, +83.000, +236.000
1621857180, +3.15, +23.462,  +0.01146, +1016.000, +88.000, +236.000
1621857240, +3.16, +23.454,  +0.03313, +1110.000, +112.000, +59.000
1621857300, +3.16, +23.445,  -0.00712, +999.000, +87.000, +232.000
1621857360, +3.16, +23.437,  +0.13842, +999.000, +83.000, +232.000
1621857420, +3.15, +23.462,  -0.07834, +999.000, +87.000, +233.000
1621857480, +3.15, +23.470,  -0.03189, +1027.000, +92.000, +230.000
1621857540, +3.15, +23.437,  -0.17434, +1004.000, +83.000, +236.000
1621857600, +3.15, +23.462,  -0.02880, +999.000, +86.000, +233.000
1621857660, +3.15, +23.462,  +0.03933, +1110.000, +83.000, +111.000
1621857720, +3.15, +23.462,  +0.01146, +999.000, +87.000, +238.000
1621857780, +3.15, +23.470,  -0.01332, +1000.000, +86.000, +232.000
1621857840, +3.15, +23.495,  -0.09692, +1110.000, +97.000, +83.000
1621857900, +3.15, +23.437,  +0.03313, +1008.000, +88.000, +236.000
1621857960, +3.15, +23.487,  -0.09692, +1000.000, +86.000, +232.000
1621858020, +3.15, +23.462,  -0.07215, +999.000, +86.000, +232.000
1621858080, +3.15, +23.504,  +0.01146, +999.000, +86.000, +232.000
1621858140, +3.15, +23.504,  +0.06410, +1108.000, +87.000, +111.000
1621858200, +3.15, +23.504,  +0.03623, +1107.000, +87.000, +99.000
1621858260, +3.15, +23.470,  -0.02880, +999.000, +83.000, +233.000
1621858320, +3.15, +23.504,  -0.18672, +1110.000, +96.000, +68.000
1621858380, +3.15, +23.479,  -0.21459, +1016.000, +88.000, +236.000
1621858440, +3.15, +23.512,  +0.06100, +1110.000, +124.000, +52.000
1621858500, +3.15, +23.487,  +0.01455, +998.000, +87.000, +232.000
1621858560, +3.15, +23.495,  -0.01641, +1001.000, +86.000, +232.000
1621858620, +3.15, +23.504,  -0.04118, +1110.000, +99.000, +87.000
1621858680, +3.15, +23.512,  +0.03933, +999.000, +83.000, +231.000
1621858740, +3.15, +23.520,  -0.00403, +1016.000, +88.000, +236.000
1621858800, +3.15, +23.512,  +0.00526, +1000.000, +84.000, +236.000
1621858860, +3.15, +23.512,  +0.02384, +999.000, +87.000, +236.000
1621858920, +3.15, +23.512,  +0.00526, +999.000, +86.000, +233.000
1621858980, +3.15, +23.512,  +0.00217, +1110.000, +96.000, +79.000
1621859040, +3.15, +23.520,  +0.08887, +1000.000, +86.000, +232.000
1621859100, +3.15, +23.504,  +0.11055, +1000.000, +84.000, +231.000
1621859160, +3.15, +23.520,  -0.03189, +999.000, +88.000, +232.000
1621859220, +3.15, +23.512,  -0.08454, +1112.000, +115.000, +56.000
1621859280, +3.15, +23.529,  -0.07834, +1000.000, +87.000, +236.000
1621859340, +3.15, +23.537,  +0.03313, +999.000, +83.000, +233.000
1621859400, +3.15, +23.554,  -0.08144, +1112.000, +88.000, +93.000
1621859460, +3.15, +23.520,  +0.00836, +999.000, +87.000, +232.000
1621859520, +3.15, +23.529,  -0.06286, +1112.000, +104.000, +56.000
1621859580, +3.15, +23.520,  +0.07958, +1110.000, +116.000, +56.000
1621859640, +3.15, +23.529,  -0.01022, +999.000, +86.000, +232.000
1621859700, +3.15, +23.545,  +0.00836, +999.000, +84.000, +236.000
1621859760, +3.15, +23.512,  -0.07525, +1112.000, +112.000, +56.000
1621859820, +3.15, +23.554,  +0.02384, +1107.000, +96.000, +79.000
1621859880, +3.15, +23.512,  -0.00403, +1000.000, +86.000, +231.000
1621859940, +3.15, +23.545,  +0.01455, +999.000, +87.000, +233.000
1621860000, +3.15, +23.554,  -0.16505, +1110.000, +99.000, +71.000
1621860060, +3.15, +23.529,  -0.09383, +1104.000, +136.000, +60.000
1621860120, +3.15, +23.529,  +0.04552, +1004.000, +88.000, +233.000
1621860180, +3.15, +23.562,  +0.03313, +1110.000, +124.000, +51.000
1621860240, +3.15, +23.537,  +0.01146, +999.000, +84.000, +233.000
1621860300, +3.15, +23.545,  -0.06596, +1110.000, +104.000, +71.000
1621860360, +3.15, +23.562,  -0.01641, +1110.000, +96.000, +67.000
1621860420, +3.15, +23.570,  +0.05171, +999.000, +83.000, +232.000
1621860480, +3.15, +23.554,  -0.10621, +999.000, +87.000, +232.000
1621860540, +3.15, +23.570,  -0.04738, +999.000, +83.000, +236.000
1621860600, +3.15, +23.562,  -0.07525, +1110.000, +98.000, +70.000
1621860660, +3.15, +23.554,  +0.02075, +1110.000, +100.000, +69.000
1621860720, +3.15, +23.554,  +0.00526, +999.000, +88.000, +236.000
1621860780, +3.15, +23.545,  -0.01332, +999.000, +88.000, +232.000
1621860840, +3.15, +23.570,  -0.09383, +1112.000, +116.000, +56.000
1621860900, +3.15, +23.545,  -0.04738, +1100.000, +134.000, +71.000
1621860960, +3.15, +23.579,  -0.03189, +1107.000, +132.000, +51.000
1621861020, +3.15, +23.570,  -0.05976, +999.000, +86.000, +233.000
1621861080, +3.15, +23.545,  -0.03499, +1107.000, +84.000, +102.000
1621861140, +3.15, +23.579,  -0.06286, +999.000, +87.000, +231.000
1621861200, +3.15, +23.596,  +0.00836, +1112.000, +120.000, +48.000
1621861260, +3.15, +23.570,  +0.13842, +999.000, +86.000, +232.000
1621861320, +3.15, +23.587,  -0.07525, +1110.000, +120.000, +51.000
1621861380, +3.15, +23.562,  +0.08268, +1088.000, +131.000, +103.000
1621861440, +3.15, +23.570,  +0.03004, +1000.000, +88.000, +236.000
1621861500, +3.15, +23.562,  -0.06596, +1110.000, +104.000, +56.000
1621861560, +3.15, +23.587,  -0.05667, +1110.000, +99.000, +76.000
1621861620, +3.15, +23.587,  -0.00712, +999.000, +83.000, +236.000
1621861680, +3.15, +23.596,  -0.01641, +1108.000, +87.000, +111.000
1621861740, +3.15, +23.604,  -0.01951, +1112.000, +103.000, +71.000
1621861800, +3.15, +23.579,  +0.01765, +1110.000, +124.000, +48.000
1621861860, +3.15, +23.587,  -0.02261, +1110.000, +96.000, +76.000
1621861920, +3.15, +23.587,  +0.05481, +1103.000, +135.000, +60.000
1621861980, +3.15, +23.604,  -0.00712, +1110.000, +96.000, +91.000
1621862040, +3.15, +23.604,  +0.02384, +1111.000, +99.000, +89.000
1621862100, +3.15, +23.596,  -0.05667, +1112.000, +118.000, +51.000
1621862160, +3.15, +23.604,  +0.08578, +1000.000, +83.000, +231.000
1621862220, +3.15, +23.612,  +0.05171, +999.000, +83.000, +238.000
1621862280, +3.15, +23.604,  -0.06286, +1103.000, +135.000, +60.000
1621862340, +3.15, +23.604,  -0.15885, +1110.000, +88.000, +92.000
1621862400, +3.15, +23.612,  +0.01765, +1108.000, +86.000, +103.000
1621862460, +3.15, +23.596,  +0.05791, +1110.000, +102.000, +72.000
1621862520, +3.15, +23.612,  -0.02880, +1088.000, +129.000, +104.000
1621862580, +3.15, +23.604,  +0.07649, +1107.000, +88.000, +97.000
1621862640, +3.15, +23.604,  -0.05047, +1112.000, +108.000, +62.000
1621862700, +3.15, +23.621,  -0.05976, +1000.000, +87.000, +231.000
1621862760, +3.15, +23.596,  -0.02880, +999.000, +86.000, +233.000
1621862820, +3.15, +23.621,  -0.02570, +1107.000, +83.000, +96.000
1621862880, +3.15, +23.604,  -0.06596, +999.000, +88.000, +232.000
1621862940, +3.15, +23.604,  -0.00403, +999.000, +83.000, +236.000
1621863000, +3.15, +23.612,  -0.17434, +999.000, +86.000, +232.000
1621863060, +3.15, +23.612,  -0.10621, +1110.000, +83.000, +99.000
1621863120, +3.15, +23.629,  -0.08454, +1080.000, +128.000, +132.000
1621863180, +3.15, +23.612,  +0.05791, +1089.000, +128.000, +104.000
1621863240, +3.15, +23.637,  -0.02570, +1112.000, +96.000, +94.000
1621863300, +3.15, +23.621,  +0.03004, +1110.000, +112.000, +60.000
1621863360, +3.15, +23.596,  -0.00712, +999.000, +86.000, +231.000
1621863420, +3.15, +23.612,  -0.01332, +1008.000, +88.000, +236.000
1621863480, +3.15, +23.621,  -0.01951, +999.000, +86.000, +231.000
1621863540, +3.15, +23.612,  -0.10621, +1000.000, +86.000, +236.000
1621863600, +3.15, +23.637,  -0.00403, +1112.000, +104.000, +72.000
1621863660, +3.15, +23.637,  -0.01332, +1096.000, +134.000, +88.000
1621863720, +3.15, +23.637,  +0.01455, +1112.000, +96.000, +64.000
1621863780, +3.15, +23.637,  -0.05976, +1110.000, +81.000, +103.000
1621863840, +3.15, +23.646,  -0.04118, +1110.000, +99.000, +75.000
1621863900, +3.15, +23.621,  +0.04552, +1112.000, +104.000, +63.000
1621863960, +3.15, +23.646,  -0.07525, +1111.000, +83.000, +99.000
1621864020, +3.15, +23.637,  +0.04242, +999.000, +84.000, +238.000
1621864080, +3.15, +23.646,  +0.02075, +1111.000, +100.000, +78.000
1621864140, +3.15, +23.654,  +0.02384, +1112.000, +100.000, +72.000
1621864200, +3.15, +23.621,  +0.03004, +999.000, +88.000, +230.000
1621864260, +3.15, +23.621,  -0.08144, +1112.000, +104.000, +67.000
1621864320, +3.15, +23.637,  -0.01951, +1000.000, +87.000, +233.000
1621864380, +3.15, +23.629,  +0.08887, +1110.000, +105.000, +63.000
1621864440, +3.15, +23.646,  -0.01641, +999.000, +83.000, +236.000
1621864500, +3.15, +23.654,  +0.06100, +1108.000, +118.000, +52.000
1621864560, +3.15, +23.654,  -0.20221, +1107.000, +86.000, +103.000
1621864620, +3.15, +23.646,  -0.12479, +1110.000, +104.000, +71.000
1621864680, +3.15, +23.654,  -0.05667, +1103.000, +132.000, +65.000
1621864740, +3.15, +23.654,  +0.00526, +1110.000, +98.000, +88.000
1621864800, +3.15, +23.637,  +0.08887, +999.000, +88.000, +236.000
1621864860, +3.15, +23.646,  +0.04552, +1110.000, +120.000, +48.000
1621864920, +3.15, +23.662,  -0.11241, +1108.000, +81.000, +99.000
1621864980, +3.15, +23.637,  -0.08763, +1112.000, +120.000, +48.000
1621865040, +3.15, +23.654,  -0.01022, +1089.000, +128.000, +102.000
1621865100, +3.15, +23.654,  -0.00403, +999.000, +86.000, +233.000
1621865160, +3.15, +23.646,  -0.09383, +1108.000, +84.000, +95.000
1621865220, +3.15, +23.654,  +0.02384, +1108.000, +120.000, +50.000
1621865280, +3.15, +23.654,  +0.00217, +999.000, +88.000, +236.000
1621865340, +3.15, +23.662,  +0.08578, +1110.000, +96.000, +78.000
1621865400, +3.15, +23.662,  +0.02075, +1103.000, +134.000, +60.000
1621865460, +3.15, +23.671,  -0.12170, +1095.000, +132.000, +88.000
1621865520, +3.15, +23.671,  +0.11055, +1095.000, +132.000, +88.000
1621865580, +3.15, +23.662,  -0.00712, +999.000, +86.000, +232.000
1621865640, +3.15, +23.662,  -0.04118, +1110.000, +96.000, +92.000
1621865700, +3.15, +23.679,  +0.01765, +1107.000, +128.000, +49.000
1621865760, +3.15, +23.679,  -0.09692, +1112.000, +112.000, +60.000
1621865820, +3.15, +23.671,  -0.03809, +1091.000, +128.000, +99.000
1621865880, +3.15, +23.671,  +0.04552, +1102.000, +132.000, +66.000
1621865940, +3.15, +23.671,  -0.04118, +1088.000, +128.000, +108.000
1621866000, +3.15, +23.671,  +0.05171, +1103.000, +135.000, +64.000
1621866060, +3.15, +23.671,  -0.00403, +1104.000, +134.000, +52.000
1621866120, +3.15, +23.696,  -0.05047, +1105.000, +132.000, +56.000
1621866180, +3.15, +23.679,  -0.04738, +1096.000, +132.000, +83.000
1621866240, +3.15, +23.679,  -0.04738, +1112.000, +100.000, +64.000
1621866300, +3.15, +23.687,  +0.02075, +1107.000, +129.000, +52.000
1621866360, +3.15, +23.671,  -0.10312, +1112.000, +96.000, +78.000
1621866420, +3.15, +23.687,  +0.00217, +1107.000, +83.000, +111.000
1621866480, +3.15, +23.687,  +0.02075, +1100.000, +134.000, +78.000
1621866540, +3.15, +23.662,  -0.01332, +1104.000, +134.000, +62.000
1621866600, +3.15, +23.712,  +0.01455, +1000.000, +87.000, +232.000
1621866660, +3.15, +23.679,  +0.06410, +1112.000, +115.000, +56.000
1621866720, +3.15, +23.687,  +0.03313, +1107.000, +128.000, +54.000
1621866780, +3.15, +23.679,  -0.00403, +1102.000, +134.000, +67.000
1621866840, +3.15, +23.679,  -0.02880, +1100.000, +136.000, +76.000
1621866900, +3.15, +23.687,  +0.01146, +1105.000, +132.000, +50.000
1621866960, +3.15, +23.687,  +0.00526, +1107.000, +88.000, +103.000
1621867020, +3.15, +23.696,  +0.02384, +999.000, +87.000, +233.000
1621867080, +3.15, +23.696,  -0.01332, +1096.000, +136.000, +72.000
1621867140, +3.15, +23.696,  -0.09383, +1102.000, +134.000, +56.000
1621867200, +3.15, +23.712,  +0.07958, +1097.000, +131.000, +76.000
1621867260, +3.15, +23.687,  +0.03623, +1000.000, +87.000, +231.000
1621867320, +3.15, +23.696,  -0.12170, +1104.000, +136.000, +64.000
1621867380, +3.15, +23.679,  -0.05357, +1110.000, +108.000, +62.000
1621867440, +3.15, +23.704,  -0.04738, +1001.000, +87.000, +232.000
1621867500, +3.15, +23.704,  -0.03189, +1110.000, +128.000, +48.000
1621867560, +3.15, +23.704,  +0.06410, +1091.000, +128.000, +100.000
1621867620, +3.15, +23.687,  -0.01022, +1110.000, +96.000, +79.000
1621867680, +3.15, +23.696,  -0.07215, +1108.000, +120.000, +51.000
1621867740, +3.15, +23.704,  +0.01455, +1094.000, +132.000, +96.000
1621867800, +3.15, +23.712,  +0.08887, +1100.000, +134.000, +68.000
1621867860, +3.15, +23.704,  +0.01455, +1105.000, +128.000, +56.000
1621867920, +3.15, +23.712,  -0.06905, +1072.000, +115.000, +160.000
1621867980, +3.15, +23.704,  +0.06720, +1112.000, +112.000, +56.000
1621868040, +3.15, +23.712,  -0.00093, +1094.000, +132.000, +88.000
1621868100, +3.15, +23.712,  +0.03004, +1094.000, +131.000, +92.000
1621868160, +3.15, +23.712,  -0.09073, +1088.000, +128.000, +108.000
1621868220, +3.15, +23.704,  -0.03189, +1096.000, +132.000, +84.000
1621868280, +3.15, +23.712,  +0.01455, +1087.000, +131.000, +108.000
1621868340, +3.15, +23.712,  +0.00836, +1107.000, +131.000, +54.000
1621868400, +3.15, +23.721,  -0.01951, +1104.000, +134.000, +60.000
1621868460, +3.15, +23.721,  +0.01146, +1103.000, +135.000, +64.000
1621868520, +3.15, +23.712,  -0.05667, +1087.000, +128.000, +104.000
1621868580, +3.15, +23.721,  -0.00712, +1095.000, +129.000, +96.000
1621868640, +3.15, +23.721,  +0.04862, +1088.000, +128.000, +112.000
1621868700, +3.15, +23.696,  -0.08454, +1092.000, +128.000, +96.000
1621868760, +3.15, +23.704,  -0.12170, +1095.000, +128.000, +96.000
1621868820, +3.15, +23.721,  -0.01641, +1110.000, +96.000, +72.000
1621868880, +3.15, +23.721,  -0.11860, +1095.000, +130.000, +88.000
1621868940, +3.15, +23.704,  -0.11241, +1099.000, +134.000, +78.000
1621869000, +3.15, +23.737,  +0.01146, +1108.000, +128.000, +51.000
1621869060, +3.15, +23.721,  -0.02880, +1088.000, +131.000, +102.000
1621869120, +3.15, +23.721,  -0.03189, +1088.000, +128.000, +104.000
1621869180, +3.15, +23.729,  +0.02075, +1088.000, +129.000, +99.000
1621869240, +3.15, +23.729,  +0.04242, +1088.000, +128.000, +104.000
1621869300, +3.15, +23.712,  +0.03623, +1080.000, +120.000, +147.000
1621869360, +3.15, +23.729,  -0.05667, +1103.000, +134.000, +60.000
1621869420, +3.15, +23.729,  +0.00526, +1097.000, +132.000, +80.000
1621869480, +3.15, +23.729,  +0.00836, +1100.000, +131.000, +76.000
1621869540, +3.15, +23.737,  -0.02880, +1104.000, +134.000, +56.000
1621869600, +3.15, +23.729,  -0.04428, +1089.000, +128.000, +108.000
1621869660, +3.15, +23.721,  -0.07215, +1110.000, +128.000, +48.000
1621869720, +3.15, +23.696,  -0.10931, +1086.000, +124.000, +120.000
1621869780, +3.15, +23.721,  +0.04862, +1096.000, +132.000, +92.000
1621869840, +3.15, +23.737,  +0.06720, +1095.000, +132.000, +88.000
1621869900, +3.15, +23.729,  +0.00526, +1104.000, +131.000, +56.000
1621869960, +3.15, +23.696,  -0.04428, +1099.000, +136.000, +80.000
1621870020, +3.15, +23.746,  +0.04862, +1107.000, +83.000, +111.000
1621870080, +3.15, +23.746,  +0.00217, +1105.000, +131.000, +52.000
1621870140, +3.15, +23.729,  -0.01951, +1096.000, +131.000, +83.000
1621870200, +3.15, +23.721,  -0.00403, +1095.000, +135.000, +83.000
1621870260, +3.15, +23.729,  -0.03499, +1110.000, +102.000, +75.000
1621870320, +3.15, +23.729,  +0.02694, +1110.000, +115.000, +56.000
1621870380, +3.15, +23.746,  +0.05481, +1094.000, +132.000, +88.000
1621870440, +3.15, +23.737,  +0.04862, +1068.000, +112.000, +176.000
1621870500, +3.15, +23.737,  -0.07834, +1091.000, +131.000, +96.000
1621870560, +3.15, +23.746,  -0.03499, +1091.000, +131.000, +96.000
1621870620, +3.15, +23.721,  -0.00093, +1104.000, +134.000, +56.000
1621870680, +3.15, +23.746,  -0.03499, +1084.000, +124.000, +124.000
1621870740, +3.15, +23.737,  +0.03933, +1100.000, +132.000, +79.000
1621870800, +3.15, +23.763,  +0.02694, +1103.000, +134.000, +60.000
1621870860, +3.15, +23.737,  -0.12789, +1103.000, +132.000, +70.000
1621870920, +3.15, +23.737,  +0.05481, +1087.000, +128.000, +112.000
1621870980, +3.15, +23.746,  -0.14956, +1095.000, +129.000, +96.000
1621871040, +3.15, +23.737,  -0.08144, +1095.000, +129.000, +96.000
1621871100, +3.15, +23.754,  -0.00712, +1103.000, +134.000, +56.000
1621871160, +3.15, +23.737,  -0.18982, +1103.000, +134.000, +60.000
1621871220, +3.15, +23.746,  -0.05357, +1102.000, +136.000, +56.000
1621871280, +3.15, +23.737,  +0.05171, +1112.000, +124.000, +48.000
1621871340, +3.15, +23.737,  -0.00712, +1104.000, +134.000, +62.000
1621871400, +3.15, +23.721,  -0.01332, +1091.000, +128.000, +99.000
1621871460, +3.15, +23.763,  -0.09692, +999.000, +88.000, +236.000
1621871520, +3.15, +23.729,  +0.03623, +1110.000, +112.000, +56.000
1621871580, +3.15, +23.729,  -0.03499, +999.000, +87.000, +231.000
1621871640, +3.15, +23.763,  -0.00403, +1108.000, +112.000, +56.000
1621871700, +3.15, +23.746,  +0.02384, +1107.000, +129.000, +51.000
1621871760, +3.15, +23.746,  +0.05791, +1096.000, +134.000, +88.000
1621871820, +3.15, +23.763,  -0.20530, +1088.000, +128.000, +108.000
1621871880, +3.15, +23.763,  -0.01022, +1070.000, +112.000, +174.000
1621871940, +3.15, +23.746,  -0.03189, +1110.000, +128.000, +54.000
1621872000, +3.15, +23.754,  +0.08578, +1107.000, +96.000, +89.000
1621872060, +3.15, +23.746,  +0.12603, +1107.000, +120.000, +50.000
1621872120, +3.15, +23.746,  +0.02384, +1112.000, +120.000, +51.000
1621872180, +3.15, +23.737,  -0.04428, +1110.000, +96.000, +72.000
1621872240, +3.15, +23.754,  +0.11364, +1096.000, +131.000, +80.000
1621872300, +3.15, +23.754,  +0.75154, +1112.000, +115.000, +60.000
1621872360, +3.15, +23.771,  +0.85682, +1112.000, +96.000, +83.000
1621872420, +3.15, +23.763,  +0.87231, +1110.000, +124.000, +51.000
1621872480, +3.15, +23.771,  +1.02404, +1096.000, +131.000, +92.000
1621872540, +3.15, +23.746,  +1.04881, +1110.000, +118.000, +52.000
1621872600, +3.15, +23.771,  +0.04862,  +0.000, +856.000, -830.000
1621872660, +3.15, +23.763,  -0.01332, +88.000, +515.000, -808.000
1621872720, +3.15, +23.771,  +0.02075, +112.000, +515.000, -952.000
1621872780, +3.15, +23.754,  +0.07029, +97.000, +529.000, -896.000
1621872840, +3.15, +23.771,  -0.15266, +99.000, +544.000, -940.000
1621872900, +3.15, +23.779,  +0.35518, +115.000, +492.000, -960.000
1621872960, +3.15, +23.796,  +0.07029, +92.000, +483.000, -832.000
1621873020, +3.15, +23.763,  +0.15390, +104.000, +504.000, -928.000
1621873080, +3.15, +23.779,  +0.18487, -280.000, +544.000, -800.000
1621873140, +3.15, +23.763,  -0.05667, +64.000, +625.000, -864.000
1621873200, +3.15, +23.796,  +0.08578, +64.000, +625.000, -876.000
1621873260, +3.15, +23.779,  -0.01022, +52.000, +604.000, -776.000
1621873320, +3.15, +23.788,  +0.08578, +72.000, +620.000, -928.000
1621873380, +3.15, +23.788,  +0.05791,  +6.000, +624.000, -848.000
1621873440, +3.15, +23.779,  -0.01022, +48.000, +624.000, -848.000
1621873500, +3.15, +23.779,  -0.05047, +130.000, +668.000, -824.000
1621873560, +3.15, +23.779,  +0.09507, +76.000, +616.000, -846.000
1621873620, +3.15, +23.796,  -0.10621, +67.000, +614.000, -832.000
1621873680, +3.15, +23.779,  +0.13222, +88.000, +618.000, -896.000
1621873740, +3.15, +23.779,  -0.02570, +76.000, +620.000, -912.000
1621873800, +3.15, +23.779,  +0.07339, +96.000, +593.000, -916.000
1621873860, +3.15, +23.788,  +0.19106, +80.000, +600.000, -928.000
1621873920, +3.15, +23.771,  +0.04862, +64.000, +598.000, -784.000
1621873980, +3.15, +23.771,  +0.12603, +76.000, +620.000, -892.000
1621874040, +3.15, +23.788,  +0.11984, +80.000, +625.000, -928.000
1621874100, +3.15, +23.754,  +0.00836, +60.000, +609.000, -812.000
1621874160, +3.15, +23.754,  +0.11055, +556.000, +920.000, -424.000
1621874220, +3.15, +23.754,  +0.12913, +48.000, +595.000, -762.000
1621874280, +3.15, +23.729,  +0.03313, +68.000, +624.000, -916.000
1621874340, +3.15, +23.737,  +0.07649, +70.000, +630.000, -912.000
1621874400, +3.15, +23.712,  +0.15390, +72.000, +624.000, -926.000
1621874460, +3.15, +23.729,  +0.13842, +60.000, +620.000, -848.000
1621874520, +3.15, +23.712,  +0.09816, +60.000, +632.000, -888.000
1621874580, +3.15, +23.721,  +0.07649, -64.000, +668.000, -952.000
1621874640, +3.15, +23.729,  +0.10435, +32.000, +584.000, -944.000
1621874700, +3.15, +23.721,  +0.18177, +44.000, +548.000, -952.000
1621874760, +3.15, +23.712,  +0.00526,  +0.000, +595.000, -817.000
1621874820, +3.15, +23.721,  +0.08887, +22.000, +556.000, -860.000
1621874880, +3.14, +23.712,  +0.01455, +32.000, +624.000, -920.000
1621874940, +3.15, +23.712,  +0.00217, -48.000, +720.000, -928.000
1621875000, +3.15, +23.687,  -0.02570, -40.000, +912.000, -1040.000
1621875060, +3.15, +23.687,  +0.01146, -48.000, +704.000, -720.000
1621875120, +3.15, +23.679,  +0.04862, -64.000, +412.000, -896.000
1621875180, +3.15, +23.704,  +0.11055, -64.000, +812.000, -826.000
1621875240, +3.14, +23.687,  +0.12603, +32.000, +656.000, -712.000
1621875300, +3.15, +23.687,  +0.07029, +56.000, +643.000, -878.000
1621875360, +3.15, +23.704,  +0.14461, +48.000, +723.000, -1041.000
1621875420, +3.14, +23.679,  +0.12603, +76.000, +460.000, -864.000
1621875480, +3.15, +23.696,  +0.09507, +52.000, +748.000, -784.000
1621875540, +3.15, +23.687,  +0.18177, +38.000, +625.000, -942.000
1621875600, +3.15, +23.662,  +0.09197, +52.000, +552.000, -848.000
1621875660, +3.15, +23.687,  +0.12913, +48.000, +689.000, -912.000
1621875720, +3.15, +23.679,  +0.10745, -64.000, +664.000, -983.000
1621875780, +3.15, +23.654,  +0.19106, -90.000, +624.000, -932.000
1621875840, +3.15, +23.671,  +0.02384, +118.000, +624.000, -932.000
1621875900, +3.14, +23.696,  +0.13532, -188.000, +636.000, -896.000
1621875960, +3.15, +23.696,  +0.17558, +19.000, +622.000, -904.000
1621876020, +3.14, +23.671,  +0.11364, +16.000, +615.000, -884.000
1621876080, +3.15, +23.704,  +0.16629, +14.000, +615.000, -892.000
1621876140, +3.15, +23.696,  +0.24060,  +6.000, +620.000, -888.000
1621876200, +3.15, +23.687,  +0.21893,  -8.000, +600.000, -912.000
1621876260, +3.14, +23.687,  +0.13222, +16.000, +616.000, -872.000
1621876320, +3.14, +23.696,  +3.72116, +38.000, +600.000, -936.000
1621876380, +3.14, +23.687,  +3.85122,  +9.000, +540.000, -664.000
1621876440, +3.14, +23.679,  +3.94102, +28.000, +608.000, -856.000
1621876500, +3.14, +23.696,  +4.00605, +32.000, +619.000, -912.000
1621876560, +3.14, +23.696,  +4.09585, +28.000, +608.000, -872.000
1621876620, +3.14, +23.671,  +4.07727, +35.000, +615.000, -928.000
1621876680, +3.14, +23.687,  +4.17327,  +6.000, +540.000, -672.000
1621876740, +3.14, +23.679,  +4.21042, +32.000, +616.000, -908.000
1621876800, +3.14, +23.662,  +4.39622, +38.000, +583.000, -938.000
1621876860, +3.14, +23.662,  +4.34667, +32.000, +616.000, -912.000
1621876920, +3.14, +23.671,  +4.34667, +28.000, +612.000, -884.000
1621876980, +3.14, +23.671,  +4.36835, +36.000, +615.000, -932.000
1621877040, +3.14, +23.646,  +4.42719, +38.000, +614.000, -936.000
1621877100, +3.14, +23.637,  +4.45505, +14.000, +582.000, -760.000
1621877160, +3.14, +23.654,  +4.37454, +40.000, +591.000, -936.000
1621877220, +3.14, +23.662,  +4.50770,  +7.000, +536.000, -672.000
1621877280, +3.14, +23.629,  +4.52008, +38.000, +611.000, -936.000
1621877340, +3.14, +23.654,  +4.53557, +38.000, +608.000, -936.000
1621877400, +3.14, +23.646,  +4.47673, +28.000, +612.000, -892.000
1621877460, +3.14, +23.646,  +4.51389, +24.000, +609.000, -872.000
1621877520, +3.14, +23.621,  +4.53866, +40.000, +600.000, -940.000
1621877580, +3.14, +23.646,  +4.67182, +38.000, +576.000, -913.000
1621877640, +3.14, +23.637,  +4.55105, +40.000, +596.000, -936.000
1621877700, +3.14, +23.621, +197.66638, +1036.000, -228.000, +726.000
1621877760, +3.14, +23.629, +111.48227, +1000.000, -317.000, +552.000
1621877820, +3.14, +23.646, +218.81295, +1016.000, -212.000, +112.000
1621877880, +3.14, +23.637, +107.13776, +1089.000, +100.000, +230.000
1621877940, +3.14, +23.721, +102.23277, +1094.000, +103.000, +216.000
1621878000, +3.14, +23.863, +138.84368, +1059.000, +79.000, +312.000
1621878060, +3.14, +24.071, +139.84078, +1022.000, +64.000, +340.000
1621878120, +3.14, +24.280, +138.01689, +1004.000, +62.000, +337.000
1621878180, +3.14, +24.488, +132.60406, +1004.000, +62.000, +342.000
1621878240, +3.14, +24.713, +130.17325, +1102.000, +104.000, +195.000
1621878300, +3.14, +24.905, +132.73102, +1084.000, +96.000, +248.000
1621878360, +3.14, +25.063, +139.69834, +1075.000, +88.000, +276.000
1621878420, +3.14, +25.271, +142.14464, +1003.000, +62.000, +342.000
1621878480, +3.14, +25.404, +142.49765, +1004.000, +62.000, +340.000
1621878540, +3.14, +25.587, +143.09529, +1004.000, +63.000, +339.000
1621878600, +3.14, +25.703, +145.20406, +1112.000, +64.000, +209.000
1621878660, +3.14, +25.852, +144.80460, +1103.000, +108.000, +188.000
1621878720, +3.14, +25.935, +144.93156, +1086.000, +96.000, +248.000
1621878780, +3.14, +26.068, +144.73338, +1070.000, +88.000, +286.000
1621878840, +3.14, +26.135, +140.02038, +1035.000, +67.000, +336.000
1621878900, +3.14, +26.251, +215.84332, +1064.000, -244.000, +448.000
1621878960, +3.14, +26.350, +239.89449, +932.000, -320.000, +28.000
1621879020, +3.14, +26.400, +152.47794, +1007.000, -64.000, +323.000
1621879080, +3.14, +26.441, +181.80878, +1008.000, -52.000, +316.000
1621879140, +3.14, +26.499, +137.14366, +1008.000, -56.000, +318.000
1621879200, +3.14, +26.524, +154.73844, +1008.000, -56.000, +318.000
1621879260, +3.14, +26.557, +165.79325, +1006.000, -52.000, +318.000
1621879320, +3.14, +26.598, +143.12316, +1008.000, -52.000, +321.000
1621879380, +3.14, +26.615, +174.17570, +1112.000, -36.000, +160.000
1621879440, +3.14, +26.681, +184.92704, +1112.000, -16.000, +156.000
1621879500, +3.14, +26.714, +125.09795, +1110.000, -16.000, +163.000
1621879560, +3.14, +26.747, +170.19349, +1104.000, -13.000, +176.000
1621879620, +3.14, +26.756, +184.00116, +1095.000, -16.000, +216.000
1621879680, +3.14, +26.814, +189.35825, +1113.000, -16.000, +156.000
1621879740, +3.14, +26.814, +175.16660, +1095.000, -20.000, +216.000
1621879800, +3.14, +26.838, +189.00524, +1084.000, -24.000, +244.000
1621879860, +3.14, +26.871, +178.26938, +1103.000, -15.000, +192.000
1621879920, +3.14, +26.880, +174.83527, +1091.000, -16.000, +224.000
1621879980, +3.14, +26.888, +199.61413, +1086.000, -20.000, +243.000
1621880040, +3.14, +26.896, +193.73372, +1080.000, -24.000, +252.000
1621880100, +3.14, +26.921, +206.44210, +1100.000, -13.000, +195.000
1621880160, +3.14, +26.946, +198.85856, +1095.000, -16.000, +211.000
1621880220, +3.14, +26.946, +217.08815, +1075.000, -26.000, +275.000
1621880280, +3.14, +26.946, +218.42897, +1091.000, -16.000, +227.000
1621880340, +3.14, +26.987, +237.16640, +1072.000, -29.000, +284.000
1621880400, +3.14, +26.987, +366.88228, +1039.000, -45.000, +328.000
1621880460, +3.14, +27.004, +497.64171, +1080.000, -24.000, +260.000
1621880520, +3.14, +27.012, +537.52880, +1071.000, -31.000, +280.000
1621880580, +3.14, +27.020, +601.66833, +1052.000, -40.000, +316.000
1621880640, +3.14, +27.020, +574.61658, +1080.000, -26.000, +262.000
1621880700, +3.14, +27.045, +663.71767, +1078.000, -24.000, +263.000
1621880760, +3.14, +27.037, +637.88907, +1048.000, -40.000, +318.000
1621880820, +3.14, +27.020, +702.41258, +1100.000, -12.000, +198.000
1621880880, +3.14, +27.045, +154.23680, +1080.000, +51.000, +336.000
1621880940, +3.14, +27.061, +578.01353, +1084.000, +25.000, +304.000
1621881000, +3.14, +27.070, +623.70362, +1072.000, +20.000, +332.000
1621881060, +3.14, +27.094, +561.63570, +1033.000,  -8.000, +399.000
1621881120, +3.14, +27.119, +556.87316, +1080.000, +16.000, +320.000
1621881180, +3.14, +27.152, +569.96551, +1079.000, +19.000, +320.000
1621881240, +3.14, +27.169, +651.50475, +1049.000,  +0.000, +384.000
1621881300, +3.14, +27.210, +526.10550, +1055.000,  +0.000, +376.000
1621881360, +3.14, +27.227, +617.39278, +1046.000,  -4.000, +391.000
1621881420, +3.14, +27.268, +534.11327, +1000.000, -16.000, +400.000
1621881480, +3.14, +27.293, +623.15243, +1036.000, -15.000, +399.000
1621881540, +3.14, +27.301, +518.11322, +1011.000, -20.000, +408.000
1621881600, +3.14, +27.326, +684.92927, +1031.000, -12.000, +403.000
1621881660, +3.14, +27.375, +664.99966, +1001.000, -18.000, +401.000
1621881720, +3.14, +27.375, +627.60841, +1008.000, -20.000, +406.000
1621881780, +3.14, +27.383, +683.71541, +1004.000, -20.000, +401.000
1621881840, +3.14, +27.433, +662.06410, +1008.000, -24.000, +408.000
1621881900, +3.14, +27.441, +689.26139, +1004.000, -20.000, +403.000
1621881960, +3.14, +27.457, +669.70647, +1088.000, +14.000, +296.000
1621882020, +3.14, +27.466, +663.88489, +1043.000, -13.000, +392.000
1621882080, +3.14, +27.482, +753.49382, +1000.000, -24.000, +403.000
1621882140, +3.14, +27.507, +663.09836, +1004.000, -20.000, +400.000
1621882200, +3.14, +27.515, +800.45351, +1001.000, -24.000, +406.000
1621882260, +3.14, +27.523, +785.71687, +1001.000, -25.000, +404.000
1621882320, +3.14, +27.507, +691.52190, +1000.000, -24.000, +406.000
1621882380, +3.14, +27.548, +672.07226, +1000.000, -24.000, +408.000
1621882440, +3.14, +27.556, +550.05758, +1001.000, -24.000, +406.000
1621882500, +3.14, +27.573, +632.26567, +1001.000, -25.000, +408.000
1621882560, +3.14, +27.581, +740.50365, +1112.000,  +0.000, +248.000
1621882620, +3.14, +27.581, +777.04643, +1003.000, -26.000, +408.000
1621882680, +3.14, +27.589, +719.40044, +1000.000, -26.000, +408.000
1621882740, +3.14, +27.597, +644.04817, +1004.000, -25.000, +408.000
1621882800, +3.14, +27.606, +422.79419, +1107.000, -41.000, +295.000
1621882860, +3.14, +27.622, +683.65038, +1107.000, -36.000, +287.000
1621882920, +3.14, +27.589, +707.89044, +1000.000, -28.000, +406.000
1621882980, +3.14, +27.630, +432.98195, +1004.000, -26.000, +408.000
1621883040, +3.14, +27.630, +435.82152, +1003.000, -29.000, +408.000
1621883100, +3.14, +27.622, +478.74326, +1094.000,  +8.000, +286.000
1621883160, +3.14, +27.639, +435.60476, +1092.000,  +8.000, +291.000
1621883220, +3.14, +27.647, +371.85230, +1110.000, -39.000, +295.000
1621883280, +3.14, +27.647, +333.09236, +1100.000, +12.000, +270.000
1621883340, +3.14, +27.655, +271.50751, +1003.000, -29.000, +412.000
1621883400, +3.14, +27.655, +361.60880, +1001.000, -31.000, +414.000
1621883460, +3.14, +27.672, +454.68900, +1110.000,  +0.000, +248.000
1621883520, +3.14, +27.672, +307.15228, +1079.000,  +0.000, +336.000
1621883580, +3.14, +27.672, +722.41961, +1000.000, -28.000, +408.000
1621883640, +3.14, +27.680, +785.10684, +1000.000, -26.000, +414.000
1621883700, +3.14, +27.680, +678.63392, +1108.000, -36.000, +287.000
1621883760, +3.14, +27.680, +672.66990, +1004.000, -32.000, +412.000
1621883820, +3.14, +27.688, +752.61129, +1004.000, -32.000, +412.000
1621883880, +3.14, +27.680, +772.46659, +1108.000, -32.000, +287.000
1621883940, +3.14, +27.696, +780.35668, +1112.000, -32.000, +287.000
1621884000, +3.14, +27.713, +218.03880, +1112.000, -24.000, +259.000
1621884060, +3.14, +27.713, +702.04409, +1108.000,  +0.000, +248.000
1621884120, +3.14, +27.704, +534.38267, +1103.000,  +6.000, +262.000
1621884180, +3.14, +27.688, +223.36183, +1100.000,  +6.000, +273.000
1621884240, +3.14, +27.696, +601.64046, +1112.000, -24.000, +258.000
1621884300, +3.14, +27.704, +180.08398, +1100.000,  +6.000, +270.000
1621884360, +3.14, +27.696, +261.92049, +1000.000, -34.000, +414.000
1621884420, +3.14, +27.688, +174.63709, +1110.000, -40.000, +287.000
1621884480, +3.14, +27.688, +259.72811, +1080.000,  -8.000, +334.000
1621884540, +3.14, +27.713, +119.41262, +1000.000, -32.000, +415.000
1621884600, +3.14, +27.696, +248.90555, +1103.000,  +4.000, +264.000
1621884660, +3.14, +27.713, +350.04615, +1091.000,  +0.000, +300.000
1621884720, +3.14, +27.713, +253.79505, +1089.000,  +0.000, +308.000
1621884780, +3.14, +27.713, +248.23359, +1108.000, -24.000, +262.000
1621884840, +3.14, +27.713, +249.40100, +1112.000, -13.000, +256.000
1621884900, +3.14, +27.713, +671.60467, +1110.000,  -8.000, +252.000
1621884960, +3.14, +27.721, +644.72942, +1112.000, -14.000, +256.000
1621885020, +3.14, +27.729, +445.91638, +1108.000,  +0.000, +256.000
1621885080, +3.14, +27.746, +566.52521, +1112.000, -16.000, +260.000
1621885140, +3.14, +27.737, +587.70584, +1110.000, -12.000, +256.000
1621885200, +3.14, +27.721, +240.95042, +1107.000, -48.000, +295.000
1621885260, +3.14, +27.729, +327.30485, +1000.000, -36.000, +415.000
1621885320, +3.14, +27.737, +256.57888, +1000.000, -39.000, +415.000
1621885380, +3.14, +27.746, +223.08623, +1003.000, -40.000, +416.000
1621885440, +3.14, +27.746, +230.52732, +1110.000, -20.000, +259.000
1621885500, +3.14, +27.754, +244.24519, +1096.000,  +0.000, +280.000
1621885560, +3.14, +27.729, +163.31288, +1080.000,  -8.000, +332.000
1621885620, +3.14, +27.770, +109.94636, +1096.000,  +0.000, +280.000
1621885680, +3.14, +27.770, +233.74158, +1001.000, -36.000, +415.000
1621885740, +3.14, +27.779, +125.48812, +1108.000, -24.000, +262.000
1621885800, +3.14, +27.770, +269.70530, +1000.000, -36.000, +416.000
1621885860, +3.14, +27.770, +284.61225, +1094.000,  +0.000, +296.000
1621885920, +3.14, +27.795, +266.30215, +1110.000, -20.000, +259.000
1621885980, +3.14, +27.803, +170.05724, +1110.000,  -8.000, +256.000
1621886040, +3.14, +27.811, +474.54120, +1111.000, -10.000, +252.000
1621886100, +3.14, +27.820, +302.41760, +1086.000,  -8.000, +324.000
1621886160, +3.14, +27.820, +304.18575, +1040.000, -26.000, +408.000
1621886220, +3.14, +27.811, +244.53007, +1107.000, -42.000, +281.000
1621886280, +3.14, +27.844, +590.58876, +1107.000,  +0.000, +256.000
1621886340, +3.14, +27.844, +276.42179, +1102.000,  +0.000, +268.000
1621886400, +3.14, +27.861, +123.44437, +1108.000,  -8.000, +252.000
1621886460, +3.14, +27.869, +355.25770, +1080.000, -13.000, +335.000
1621886520, +3.14, +27.877, +274.09625, +1080.000, -13.000, +332.000
1621886580, +3.14, +27.885, +142.72060, +1094.000,  +0.000, +295.000
1621886640, +3.14, +27.877, +281.76030, +1081.000,  -8.000, +326.000
1621886700, +3.14, +27.894, +241.11454, +1110.000,  -8.000, +256.000
1621886760, +3.14, +27.885, +219.67999, +1088.000,  -8.000, +312.000
1621886820, +3.14, +27.910, +437.14995, +1084.000, -14.000, +332.000
1621886880, +3.14, +27.894, +266.70780, +1087.000,  -8.000, +312.000
1621886940, +3.14, +27.885, +914.29321, +1092.000,  -8.000, +297.000
1621887000, +3.14, +27.935, +175.81689, +1075.000, -16.000, +348.000
1621887060, +3.14, +27.935, +1054.41361, +1080.000, -13.000, +332.000
1621887120, +3.14, +27.943, +772.25912, +1080.000, -10.000, +332.000
1621887180, +3.14, +27.951, +746.10847, +1065.000, -20.000, +368.000
1621887240, +3.14, +27.959, +202.42583, +1105.000,  +0.000, +262.000
1621887300, +3.14, +27.968, +679.06744, +1091.000,  +0.000, +304.000
1621887360, +3.14, +27.976, +177.23822, +1011.000, -40.000, +423.000
1621887420, +3.14, +27.984, +214.40032, +1072.000, -16.000, +352.000
1621887480, +3.14, +27.968, +298.02975, +1079.000, -16.000, +344.000
1621887540, +3.14, +28.000, +516.68879, +1038.000, -32.000, +416.000
1621887600, +3.14, +28.009, +165.67558, +1078.000, -16.000, +344.000
1621887660, +3.14, +28.017, +569.76423, +1078.000, -16.000, +342.000
1621887720, +3.14, +28.025, +753.97998, +1095.000,  +0.000, +289.000
1621887780, +3.14, +28.009, +631.29644, +1070.000, -24.000, +366.000
1621887840, +3.14, +28.033, +547.93022, +1080.000, -16.000, +337.000
1621887900, +3.14, +28.033, +183.66673, +1040.000, -32.000, +412.000
1621887960, +3.14, +28.042, +393.30852, +1070.000, -24.000, +368.000
1621888020, +3.14, +28.025, +781.32591, +1057.000, -29.000, +391.000
1621888080, +3.14, +28.058, +331.21893, +1080.000,  -8.000, +327.000
1621888140, +3.14, +28.066, +568.72378, +1072.000, -16.000, +350.000
1621888200, +3.14, +28.058, +563.10039, +1088.000, -13.000, +320.000
1621888260, +3.14, +28.091, +863.67336, +1064.000, -24.000, +368.000
1621888320, +3.14, +28.091, +930.67104, +1075.000, -18.000, +348.000
1621888380, +3.14, +28.083, +202.95225, +1063.000, -26.000, +384.000
1621888440, +3.14, +28.091, +957.75685, +1072.000, -20.000, +353.000
1621888500, +3.14, +28.083, +1090.10483, +1059.000, -29.000, +390.000
1621888560, +3.14, +28.091, +1128.51175, +1064.000, -25.000, +380.000
1621888620, +3.14, +28.099, +619.63781, +1063.000, -28.000, +387.000
1621888680, +3.14, +28.099, +1204.40592, +1056.000, -32.000, +398.000
1621888740, +3.14, +28.124, +1148.79438, +1072.000, -20.000, +355.000
1621888800, +3.14, +28.140, +456.49431, +1062.000, -26.000, +384.000
1621888860, +3.14, +28.132, +197.99152, +1006.000, -45.000, +424.000
1621888920, +3.14, +28.140, +1180.83782, +1011.000, -40.000, +428.000
1621888980, +3.14, +28.156, +1034.37252, +1036.000, -96.000, +476.000
1621889040, +3.14, +28.140, +1171.74006, +1072.000, -20.000, +392.000
1621889100, +3.14, +28.173, +865.86574, +1008.000, -47.000, +472.000
1621889160, +3.14, +28.148, +617.83250, +1022.000, -45.000, +473.000
1621889220, +3.14, +28.165, +1115.04781, +993.000, -50.000, +472.000
1621889280, +3.14, +28.206, +870.81408, +1033.000, -42.000, +464.000
1621889340, +3.14, +28.181, +879.21201, +1041.000, -40.000, +457.000
1621889400, +3.14, +28.189, +1034.00712, +1052.000, -32.000, +440.000
1621889460, +3.14, +28.189, +597.75116, +1068.000, -26.000, +400.000
1621889520, +3.14, +28.214, +401.46183, +995.000, -52.000, +476.000
1621889580, +3.14, +28.206, +1225.27999, +1056.000, -32.000, +432.000
1621889640, +3.14, +28.230, +240.53238, +1020.000, -48.000, +478.000
1621889700, +3.14, +28.230, +391.25858, +995.000, -48.000, +470.000
1621889760, +3.14, +28.230, +218.60238, +1043.000, -40.000, +456.000
1621889820, +3.14, +28.255, +1126.28841, +995.000, -52.000, +472.000
1621889880, +3.14, +28.255, +1186.93190, +1046.000, -40.000, +454.000
1621889940, +3.14, +28.263, +410.55340, +1039.000, -40.000, +456.000
1621890000, +3.14, +28.271, +1260.57794, +1020.000, -47.000, +472.000
1621890060, +3.14, +28.271, +715.37797, +1016.000, -48.000, +476.000
1621890120, +3.14, +28.263, +920.54521, +998.000, -50.000, +473.000
1621890180, +3.14, +28.279, +646.38610, +992.000, -50.000, +472.000
1621890240, +3.14, +28.271, +237.20665, +998.000, -50.000, +476.000
1621890300, +3.14, +28.288, +931.03953, +995.000, -50.000, +472.000
1621890360, +3.14, +28.271, +257.20749, +1027.000, -45.000, +476.000
1621890420, +3.14, +28.296, +289.87335, +995.000, -52.000, +470.000
1621890480, +3.14, +28.296, +243.58871, +999.000, -52.000, +480.000
1621890540, +3.14, +28.304, +219.55613, +1056.000, -32.000, +432.000
1621890600, +3.14, +28.320, +227.13656, +995.000, -50.000, +468.000
1621890660, +3.14, +28.312, +267.48195, +999.000, -52.000, +476.000
1621890720, +3.14, +28.329, +802.57157, +992.000, -50.000, +470.000
1621890780, +3.14, +28.337, +389.14671, +992.000, -49.000, +468.000
1621890840, +3.14, +28.337, +1126.00042, +1006.000, +28.000, +320.000
1621890900, +3.14, +28.345, +1225.47507, +1007.000, +30.000, +323.000
1621890960, +3.14, +28.337, +1213.84121, +1009.000, +30.000, +323.000
1621891020, +3.14, +28.361, +1155.64402, +1116.000, +40.000, +162.000
1621891080, +3.14, +28.361, +1237.18016, +1100.000, +67.000, +192.000
1621891140, +3.14, +28.378, +1134.20637, +1112.000, +25.000, +207.000
1621891200, +3.14, +28.386, +1106.00269, +1020.000, +32.000, +326.000
1621891260, +3.14, +28.402, +1136.40185, +1007.000, +25.000, +320.000
1621891320, +3.14, +28.402, +1282.78664, +1110.000, +76.000, +144.000
1621891380, +3.14, +28.402, +1285.09669, +1007.000, +35.000, +312.000
1621891440, +3.14, +28.419, +1163.39167, +1112.000, +76.000, +146.000
1621891500, +3.14, +28.419, +1189.11189, +1004.000, +38.000, +312.000
1621891560, +3.14, +28.435, +1131.50615, +1014.000, +40.000, +316.000
1621891620, +3.14, +28.427, +1349.93605, +1006.000, +39.000, +312.000
1621891680, +3.14, +28.435, +1156.21069, +1004.000, +35.000, +312.000
1621891740, +3.14, +28.452, +1137.63739, +1007.000, +39.000, +312.000
1621891800, +3.14, +28.460, +1210.64244, +1004.000, +38.000, +312.000
1621891860, +3.14, +28.476, +1228.92157, +1104.000, +78.000, +156.000
1621891920, +3.14, +28.468, +1137.08619, +1006.000, +35.000, +310.000
1621891980, +3.14, +28.476, +1228.45708, +1103.000, +80.000, +156.000
1621892040, +3.14, +28.476, +1183.24387, +1028.000, +44.000, +312.000
1621892100, +3.14, +28.492, +1163.71991, +1112.000, +78.000, +140.000
1621892160, +3.14, +28.501, +1138.28147, +1006.000, +40.000, +308.000
1621892220, +3.14, +28.509, +1143.25149, +1004.000, +39.000, +307.000
1621892280, +3.14, +28.509, +1017.52091, +1004.000, +41.000, +310.000
1621892340, +3.14, +28.509, +1115.56494, +1006.000, +39.000, +307.000
1621892400, +3.14, +28.517, +1105.43292, +1006.000, +39.000, +310.000
1621892460, +3.14, +28.533, +1192.40666, +1112.000, +76.000, +142.000
1621892520, +3.14, +28.525, +1101.81611, +1007.000, +39.000, +307.000
1621892580, +3.14, +28.533, +1016.84276, +1112.000, +38.000, +191.000
1621892640, +3.14, +28.542, +777.40254, +1006.000, +41.000, +307.000
1621892700, +3.14, +28.542, +1099.97054, +1112.000, +76.000, +136.000
1621892760, +3.14, +28.550, +1092.59448, +1112.000, +76.000, +136.000
1621892820, +3.14, +28.566, +1165.94945, +1112.000, +76.000, +142.000
1621892880, +3.14, +28.574, +1169.66535, +1112.000, +32.000, +183.000
1621892940, +3.14, +28.558, +1162.47818, +1080.000, +70.000, +231.000
1621893000, +3.14, +28.574, +1283.81780, +1006.000, +40.000, +310.000
1621893060, +3.14, +28.582, +444.84806, +1112.000, +36.000, +175.000
1621893120, +3.14, +28.582, +533.43821, +1112.000, +64.000, +140.000
1621893180, +3.14, +28.599, +1371.60594, +1108.000, +80.000, +140.000
1621893240, +3.14, +28.591, +1269.71906, +1068.000, +64.000, +264.000
1621893300, +3.14, +28.607, +1293.98698, +1080.000, +72.000, +232.000
1621893360, +3.14, +28.607, +1236.53916, +1088.000, +71.000, +209.000
1621893420, +3.14, +28.582, +1305.36383, +1112.000, +64.000, +140.000
1621893480, +3.14, +28.607, +1386.40761, +1112.000, +76.000, +136.000
1621893540, +3.14, +28.632, +1306.46931, +1113.000, +60.000, +146.000
1621893600, +3.14, +28.615, +1373.67446, +1091.000, +76.000, +198.000
1621893660, +3.14, +28.632, +1306.10701, +1104.000, +80.000, +152.000
1621893720, +3.14, +28.648, +1330.10863, +1072.000, +64.000, +248.000
1621893780, +3.14, +28.640, +1314.28199, +1103.000, +80.000, +160.000
1621893840, +3.14, +28.656, +1210.75082, +1097.000, +83.000, +176.000
1621893900, +3.14, +28.648, +1394.31009, +1080.000, +65.000, +240.000
1621893960, +3.14, +28.656, +951.26951, +1103.000, +84.000, +160.000
1621894020, +3.14, +28.672, +1294.45147, +1096.000, +81.000, +180.000
1621894080, +3.14, +28.672, +1379.18947, +1107.000, +86.000, +144.000
1621894140, +3.14, +28.664, +1305.15326, +1112.000, +72.000, +140.000
1621894200, +3.14, +28.689, +1264.04611, +1084.000, +72.000, +224.000
1621894260, +3.14, +28.681, +1300.58270, +1079.000, +71.000, +232.000
1621894320, +3.14, +28.705, +1332.61376, +1080.000, +70.000, +232.000
1621894380, +3.14, +28.697, +1257.63309, +1080.000, +72.000, +225.000
1621894440, +3.14, +28.689, +1298.14260, +1096.000, +80.000, +176.000
1621894500, +3.14, +28.705, +1114.06929, +1086.000, +72.000, +216.000
1621894560, +3.14, +28.713, +1092.34056, +1080.000, +72.000, +227.000
1621894620, +3.14, +28.730, +1148.66432, +1078.000, +71.000, +232.000
1621894680, +3.14, +28.738, +1106.08630, +1080.000, +70.000, +232.000
1621894740, +3.14, +28.738, +1139.90408, +1071.000, +64.000, +256.000
1621894800, +3.14, +28.721, +1131.01070, +1006.000, +39.000, +310.000
1621894860, +3.14, +28.738, +1200.49493, +1032.000, +48.000, +310.000
1621894920, +3.14, +28.754, +1199.88491, +1083.000, +71.000, +224.000
1621894980, +3.14, +28.762, +1079.96352, +1072.000, +67.000, +248.000
1621895040, +3.14, +28.770, +1063.66930, +1080.000, +70.000, +225.000
1621895100, +3.14, +28.779, +1092.71525, +1079.000, +70.000, +232.000
1621895160, +3.14, +28.795, +1060.06797, +1006.000, +44.000, +305.000
1621895220, +3.14, +28.770, +1113.55526, +1080.000, +70.000, +228.000
1621895280, +3.14, +28.795, +1069.04496, +1080.000, +72.000, +224.000
1621895340, +3.14, +28.795, +1149.54065, +1072.000, +68.000, +243.000
1621895400, +3.14, +28.770, +1121.95629, +1081.000, +70.000, +224.000
1621895460, +3.14, +28.811, +1122.68089, +1080.000, +70.000, +232.000
1621895520, +3.13, +28.795, +1082.47485, +1059.000, +56.000, +278.000
1621895580, +3.14, +28.811, +1083.27996, +1080.000, +70.000, +227.000
1621895640, +3.13, +28.803, +1113.05980, +1078.000, +68.000, +240.000
1621895700, +3.14, +28.803, +1084.69200, +1016.000, +44.000, +312.000
1621895760, +3.13, +28.844, +1077.46767, +1007.000, +40.000, +307.000
1621895820, +3.14, +28.819, +1081.01016, +1004.000, +44.000, +307.000
1621895880, +3.13, +28.836, +935.71537, +1004.000, +40.000, +307.000
1621895940, +3.13, +28.836, +527.77147, +1080.000, +70.000, +230.000
1621896000, +3.13, +28.852, +1016.56716, +1006.000, +40.000, +310.000
1621896060, +3.13, +28.852, +1241.35745, +1006.000, +41.000, +307.000
1621896120, +3.14, +28.852, +1183.36154, +1006.000, +44.000, +307.000
1621896180, +3.13, +28.852, +1181.40759, +1007.000, +40.000, +310.000
1621896240, +3.13, +28.844, +931.82297, +1004.000, +44.000, +307.000
1621896300, +3.13, +28.852, +1056.19414, +1004.000, +43.000, +307.000
1621896360, +3.13, +28.868, +1156.32527, +1036.000, +49.000, +307.000
1621896420, +3.13, +28.868, +1268.10264, +1031.000, +48.000, +310.000
1621896480, +3.13, +28.885, +1170.02145, +1020.000, +44.000, +308.000
1621896540, +3.13, +28.877, +1148.65193, +1004.000, +44.000, +307.000
1621896600, +3.13, +28.877, +1159.80583, +1004.000, +40.000, +307.000
1621896660, +3.13, +28.901, +1140.47695, +1004.000, +39.000, +307.000
1621896720, +3.13, +28.893, +1249.71203, +1063.000, +64.000, +268.000
1621896780, +3.13, +28.877, +1182.99924, +1004.000, +41.000, +307.000
1621896840, +3.13, +28.909, +1189.51754, +1004.000, +44.000, +307.000
1621896900, +3.13, +28.901, +1148.01404, +1056.000, +56.000, +280.000
1621896960, +3.13, +28.926, +1217.94418, +1004.000, +43.000, +304.000
1621897020, +3.13, +28.909, +1196.16591, +1004.000, +44.000, +304.000
1621897080, +3.13, +28.926, +1164.89661, +1006.000, +44.000, +307.000
1621897140, +3.13, +28.909, +1195.60233, +1008.000, +40.000, +310.000
1621897200, +3.13, +28.934, +1136.55358, +1004.000, +46.000, +307.000
1621897260, +3.13, +28.942, +1181.05458, +1054.000, +56.000, +288.000
1621897320, +3.13, +28.934, +1144.74404, +1080.000, +72.000, +227.000
1621897380, +3.13, +28.917, +1094.12729, +1008.000, +40.000, +307.000
1621897440, +3.13, +28.934, +1093.70616, +1006.000, +39.000, +308.000
1621897500, +3.13, +28.942, +1085.40112, +1103.000, +83.000, +152.000
1621897560, +3.13, +28.958, +1046.77124, +1064.000, +60.000, +270.000
1621897620, +3.13, +28.958, +982.99401, +1113.000, +48.000, +156.000
1621897680, +3.13, +28.958, +1014.01558, +1004.000, +40.000, +304.000
1621897740, +3.13, +28.975, +956.11566, +1033.000, +48.000, +304.000
1621897800, +3.13, +28.966, +949.20099, +1080.000, +70.000, +231.000
1621897860, +3.13, +28.975, +978.01780, +1075.000, +67.000, +240.000
1621897920, +3.13, +28.975, +947.69915, +1076.000, +70.000, +236.000
1621897980, +3.13, +28.999, +951.03417, +1006.000, +44.000, +307.000
1621898040, +3.13, +28.975, +881.79147, +1081.000, +72.000, +216.000
1621898100, +3.13, +28.991, +872.69061, +1004.000, +43.000, +307.000
1621898160, +3.13, +28.999, +902.39923, +1112.000, +64.000, +142.000
1621898220, +3.13, +28.999, +788.17865, +1080.000, +70.000, +230.000
1621898280, +3.13, +28.983, +814.96720, +1006.000, +39.000, +307.000
1621898340, +3.13, +29.007, +704.36962, +1076.000, +68.000, +240.000
1621898400, +3.13, +28.999, +679.01789, +1004.000, +44.000, +305.000
1621898460, +3.13, +28.999, +703.80914, +1004.000, +44.000, +304.000
1621898520, +3.13, +29.032, +673.89614, +1004.000, +40.000, +304.000
1621898580, +3.13, +29.007, +678.40477, +1006.000, +44.000, +305.000
1621898640, +3.13, +28.991, +649.08012, +1048.000, +56.000, +288.000
1621898700, +3.13, +29.015, +714.74008, +1004.000, +41.000, +307.000
1621898760, +3.13, +29.015, +730.88566, +1004.000, +44.000, +304.000
1621898820, +3.13, +29.032, +709.40776, +1112.000, +80.000, +135.000
1621898880, +3.13, +29.032, +750.52729, +1076.000, +68.000, +236.000
1621898940, +3.13, +29.040, +721.28626, +1004.000, +44.000, +304.000
1621899000, +3.13, +29.040, +712.97812, +1004.000, +41.000, +304.000
1621899060, +3.13, +29.015, +715.03425, +1007.000, +40.000, +307.000
1621899120, +3.13, +29.040, +760.25057, +1027.000, +48.000, +307.000
1621899180, +3.13, +29.048, +759.36185, +1048.000, +56.000, +292.000
1621899240, +3.13, +29.048, +770.45071, +1043.000, +52.000, +296.000
1621899300, +3.13, +29.056, +755.20933, +1080.000, +72.000, +227.000
1621899360, +3.13, +29.040, +755.92154, +1060.000, +60.000, +275.000
1621899420, +3.13, +29.056, +772.49755, +1081.000, +76.000, +216.000
1621899480, +3.13, +29.064, +741.34592, +1112.000, +35.000, +191.000
1621899540, +3.13, +29.056, +810.71249, +1004.000, +44.000, +304.000
1621899600, +3.13, +29.064, +786.67681, +1004.000, +40.000, +307.000
1621899660, +3.13, +29.080, +822.23178, +1075.000, +71.000, +236.000
1621899720, +3.13, +29.072, +828.62932, +1006.000, +44.000, +305.000
1621899780, +3.13, +29.089, +845.07837, +1004.000, +44.000, +304.000
1621899840, +3.13, +29.040, +882.60277, +1006.000, +46.000, +305.000
1621899900, +3.13, +29.089, +857.66289, +1078.000, +67.000, +236.000
1621899960, +3.13, +29.097, +927.35150, +1004.000, +44.000, +304.000
1621900020, +3.13, +29.097, +912.59009, +1004.000, +44.000, +304.000
1621900080, +3.13, +29.105, +892.11238, +1006.000, +44.000, +304.000
1621900140, +3.13, +29.105, +931.98089, +1078.000, +67.000, +232.000
1621900200, +3.13, +29.089, +931.33371, +1003.000, +44.000, +307.000
1621900260, +3.13, +29.097, +927.14093, +1004.000, +44.000, +304.000
1621900320, +3.13, +29.105, +911.09753, +1110.000, +80.000, +140.000
1621900380, +3.13, +29.080, +927.71070, +1079.000, +70.000, +231.000
1621900440, +3.13, +29.121, +891.61383, +1080.000, +67.000, +230.000
1621900500, +3.13, +29.105, +917.20709, +1007.000, +41.000, +304.000
1621900560, +3.13, +29.121, +851.87847, +1004.000, +46.000, +304.000
1621900620, +3.13, +29.129, +871.73996, +1004.000, +44.000, +304.000
1621900680, +3.13, +29.121, +863.45969, +1006.000, +44.000, +304.000
1621900740, +3.13, +29.129, +864.70142, +1078.000, +67.000, +232.000
1621900800, +3.13, +29.129, +861.48717, +1004.000, +44.000, +307.000
1621900860, +3.13, +29.129, +839.19177, +1084.000, +76.000, +220.000
1621900920, +3.13, +29.121, +829.49017, +1080.000, +71.000, +232.000
1621900980, +3.13, +29.121, +781.78111, +1004.000, +43.000, +304.000
1621901040, +3.13, +29.146, +798.21778, +1078.000, +70.000, +232.000
1621901100, +3.13, +29.121, +789.43277, +1004.000, +44.000, +304.000
1621901160, +3.13, +29.146, +764.98834, +1080.000, +72.000, +227.000
1621901220, +3.13, +29.137, +744.94415, +1075.000, +70.000, +232.000
1621901280, +3.13, +29.146, +737.30798, +1079.000, +70.000, +224.000
1621901340, +3.13, +29.154, +731.33157, +1001.000, +44.000, +304.000
1621901400, +3.13, +29.154, +704.87436, +1112.000, +76.000, +136.000
1621901460, +3.13, +29.170, +747.21705, +1076.000, +72.000, +232.000
1621901520, +3.13, +29.162, +703.65121, +1079.000, +72.000, +232.000
1621901580, +3.13, +29.162, +719.43450, +1086.000, +72.000, +216.000
1621901640, +3.13, +29.154, +705.51226, +1004.000, +44.000, +304.000
1621901700, +3.13, +29.137, +657.40374, +1006.000, +44.000, +304.000
1621901760, +3.13, +29.154, +700.08395, +1076.000, +70.000, +236.000
1621901820, +3.13, +29.162, +698.37773, +1078.000, +68.000, +236.000
1621901880, +3.13, +29.162, +686.37847, +1075.000, +68.000, +238.000
1621901940, +3.13, +29.154, +673.95498, +1006.000, +44.000, +304.000
1621902000, +3.13, +29.162, +688.16830, +1075.000, +68.000, +238.000
1621902060, +3.13, +29.178, +613.90603, +1004.000, +44.000, +304.000
1621902120, +3.13, +29.178, +711.05205, +1091.000, +78.000, +192.000
1621902180, +3.13, +29.178, +657.10027, +1008.000, +41.000, +305.000
1621902240, +3.13, +29.170, +648.62802, +1004.000, +44.000, +304.000
1621902300, +3.13, +29.178, +583.50997, +1078.000, +70.000, +232.000
1621902360, +3.13, +29.170, +675.12858, +1004.000, +44.000, +307.000
1621902420, +3.13, +29.178, +677.78236, +1004.000, +44.000, +304.000
1621902480, +3.13, +29.178, +614.50987, +1072.000, +67.000, +240.000
1621902540, +3.13, +29.186, +642.89005, +1006.000, +44.000, +305.000
1621902600, +3.13, +29.186, +609.42218, +1080.000, +71.000, +232.000
1621902660, +3.13, +29.162, +600.14481, +1075.000, +71.000, +232.000
1621902720, +3.13, +29.186, +566.23723, +1078.000, +68.000, +240.000
1621902780, +3.13, +29.186, +550.82553, +1079.000, +70.000, +236.000
1621902840, +3.13, +29.203, +523.71185, +1006.000, +44.000, +304.000
1621902900, +3.13, +29.194, +488.05778, +1112.000, +76.000, +135.000
1621902960, +3.13, +29.178, +460.21021, +1006.000, +44.000, +304.000
1621903020, +3.13, +29.194, +452.88369, +1008.000, +44.000, +304.000
1621903080, +3.13, +29.186, +434.11220, +1078.000, +70.000, +232.000
1621903140, +3.13, +29.203, +406.73840, +1004.000, +44.000, +304.000
1621903200, +3.13, +29.194, +347.63082, +1006.000, +44.000, +304.000
1621903260, +3.13, +29.194, +413.30626, +1004.000, +46.000, +304.000
1621903320, +3.13, +29.194, +397.86669, +1025.000, +48.000, +307.000
1621903380, +3.13, +29.203, +426.59370, +1007.000, +44.000, +304.000
1621903440, +3.13, +29.186, +435.79055, +1081.000, +71.000, +232.000
1621903500, +3.13, +29.203, +393.66153, +1078.000, +68.000, +238.000
1621903560, +3.13, +29.186, +444.06772, +1078.000, +72.000, +232.000
1621903620, +3.13, +29.186, +445.94734, +1079.000, +72.000, +232.000
1621903680, +3.13, +29.194, +459.55064, +1078.000, +71.000, +230.000
1621903740, +3.13, +29.203, +448.63828, +1078.000, +71.000, +232.000
1621903800, +3.13, +29.203, +451.10625, +1004.000, +41.000, +304.000
1621903860, +3.13, +29.186, +431.75880, +1080.000, +71.000, +230.000
1621903920, +3.13, +29.211, +440.30227, +1004.000, +46.000, +305.000
1621903980, +3.13, +29.211, +429.36514, +1075.000, +70.000, +236.000
1621904040, +3.13, +29.219, +426.88478, +1004.000, +46.000, +304.000
1621904100, +3.13, +29.203, +422.11913, +1006.000, +44.000, +307.000
1621904160, +3.13, +29.211, +429.32488, +1004.000, +44.000, +304.000
1621904220, +3.13, +29.219, +412.26890, +1004.000, +46.000, +304.000
1621904280, +3.13, +29.203, +423.41970, +1073.000, +70.000, +236.000
1621904340, +3.13, +29.219, +420.57704, +1078.000, +71.000, +232.000
1621904400, +3.13, +29.211, +433.35973, +1006.000, +46.000, +305.000
1621904460, +3.13, +29.227, +439.92449, +1075.000, +71.000, +232.000
1621904520, +3.13, +29.227, +451.67293, +1001.000, +46.000, +304.000
1621904580, +3.13, +29.227, +452.65145, +1006.000, +44.000, +304.000
1621904640, +3.13, +29.227, +461.53864, +1006.000, +47.000, +304.000
1621904700, +3.13, +29.211, +322.50514, +1078.000, +72.000, +231.000
1621904760, +3.13, +29.227, +435.88345, +1080.000, +72.000, +228.000
1621904820, +3.13, +29.227, +423.05430, +1004.000, +44.000, +302.000
1621904880, +3.13, +29.235, +445.05863, +1006.000, +44.000, +304.000
1621904940, +3.13, +29.227, +445.02456, +1078.000, +71.000, +228.000
1621905000, +3.13, +29.227, +445.77394, +1006.000, +44.000, +305.000
1621905060, +3.13, +29.227, +470.29578, +1075.000, +68.000, +236.000
1621905120, +3.13, +29.203, +453.83434, +1001.000, +46.000, +304.000
1621905180, +3.13, +29.219, +425.25597, +1006.000, +41.000, +304.000
1621905240, +3.13, +29.219, +445.43331, +1004.000, +44.000, +304.000
1621905300, +3.13, +29.219, +433.25135, +1075.000, +70.000, +240.000
1621905360, +3.13, +29.227, +465.85218, +1073.000, +68.000, +240.000
1621905420, +3.13, +29.219, +444.62820, +1087.000, +72.000, +208.000
1621905480, +3.13, +29.219, +463.49878, +1004.000, +47.000, +304.000
1621905540, +3.13, +29.211, +477.51392, +1008.000, +44.000, +304.000
1621905600, +3.13, +29.227, +467.52124, +1004.000, +46.000, +304.000
1621905660, +3.13, +29.227, +470.00470, +1076.000, +71.000, +232.000
1621905720, +3.13, +29.203, +465.63542, +1006.000, +44.000, +304.000
1621905780, +3.13, +29.219, +451.82466, +1006.000, +44.000, +304.000
1621905840, +3.13, +29.219, +441.19099, +1078.000, +67.000, +232.000
1621905900, +3.13, +29.219, +439.96784, +1004.000, +41.000, +304.000
1621905960, +3.13, +29.235, +453.59281, +1075.000, +70.000, +236.000
1621906020, +3.13, +29.227, +497.51165, +1006.000, +44.000, +302.000
1621906080, +3.13, +29.203, +488.61207, +1080.000, +72.000, +228.000
1621906140, +3.13, +29.219, +511.47105, +1007.000, +41.000, +305.000
1621906200, +3.13, +29.227, +488.68329, +1076.000, +72.000, +236.000
1621906260, +3.13, +29.227, +536.32733, +1078.000, +70.000, +236.000
1621906320, +3.13, +29.227, +550.28363, +1078.000, +70.000, +236.000
1621906380, +3.13, +29.211, +527.37510, +1006.000, +46.000, +304.000
1621906440, +3.13, +29.219, +603.02464, +1078.000, +70.000, +227.000
1621906500, +3.13, +29.243, +601.07689, +1007.000, +44.000, +304.000
1621906560, +3.13, +29.243, +643.43195, +1004.000, +44.000, +304.000
1621906620, +3.13, +29.235, +651.63790, +1007.000, +44.000, +304.000
1621906680, +3.13, +29.235, +661.43859, +1006.000, +44.000, +304.000
1621906740, +3.13, +29.235, +653.98201, +1006.000, +46.000, +305.000
1621906800, +3.13, +29.235, +671.05348, +1078.000, +70.000, +238.000
1621906860, +3.13, +29.243, +621.30687, +1075.000, +70.000, +236.000
1621906920, +3.13, +29.219, +640.57690, +1006.000, +44.000, +304.000
1621906980, +3.13, +29.235, +524.67798, +1006.000, +46.000, +305.000
1621907040, +3.13, +29.227, +511.16449, +1004.000, +44.000, +305.000
1621907100, +3.13, +29.235, +590.68166, +1080.000, +71.000, +230.000
1621907160, +3.13, +29.227, +486.71387, +1004.000, +41.000, +304.000
1621907220, +3.13, +29.235, +432.78067, +1075.000, +70.000, +236.000
1621907280, +3.13, +29.227, +479.25420, +1006.000, +46.000, +304.000
1621907340, +3.13, +29.235, +417.49284, +1007.000, +44.000, +304.000
1621907400, +3.13, +29.243, +308.96998, +1006.000, +44.000, +304.000
1621907460, +3.13, +29.235, +260.89242, +1006.000, +44.000, +305.000
1621907520, +3.13, +29.235, +264.06332, +1007.000, +47.000, +304.000
1621907580, +3.13, +29.227, +263.53071, +1004.000, +44.000, +304.000
1621907640, +3.13, +29.227, +272.47674, +1004.000, +44.000, +307.000
1621907700, +3.13, +29.219, +244.30093, +1080.000, +70.000, +230.000
1621907760, +3.13, +29.219, +257.33445, +1078.000, +72.000, +232.000
1621907820, +3.13, +29.235, +256.45502, +1004.000, +46.000, +304.000
1621907880, +3.13, +29.219, +249.53725, +1004.000, +46.000, +304.000
1621907940, +3.13, +29.211, +244.35357, +1075.000, +68.000, +236.000
1621908000, +3.13, +29.219, +240.73366, +1004.000, +46.000, +304.000
1621908060, +3.13, +29.203, +247.07237, +1006.000, +44.000, +304.000
1621908120, +3.13, +29.211, +246.96399, +1007.000, +46.000, +304.000
1621908180, +3.13, +29.203, +228.81801, +1078.000, +70.000, +236.000
1621908240, +3.13, +29.203, +225.35293, +1004.000, +44.000, +304.000
1621908300, +3.13, +29.227, +221.54413, +1112.000, +64.000, +140.000
1621908360, +3.13, +29.219, +216.22111, +1007.000, +44.000, +307.000
1621908420, +3.13, +29.219, +213.48063, +1007.000, +41.000, +304.000
1621908480, +3.13, +29.211, +212.89228, +1007.000, +41.000, +305.000
1621908540, +3.13, +29.227, +211.04362, +1072.000, +70.000, +240.000
1621908600, +3.13, +29.211, +199.75967, +1070.000, +67.000, +248.000
1621908660, +3.13, +29.194, +189.38302, +1004.000, +44.000, +304.000
1621908720, +3.13, +29.203, +185.44107, +1076.000, +70.000, +232.000
1621908780, +3.13, +29.203, +165.62603, +1004.000, +46.000, +304.000
1621908840, +3.13, +29.203, +166.49617, +1080.000, +73.000, +230.000
1621908900, +3.13, +29.203, +162.46752, +1080.000, +72.000, +230.000
1621908960, +3.13, +29.186, +153.83734, +1080.000, +72.000, +224.000
1621909020, +3.13, +29.178, +147.77423, +1075.000, +70.000, +232.000
1621909080, +3.13, +29.186, +154.84373, +1078.000, +70.000, +231.000
1621909140, +3.13, +29.186, +168.67617, +1078.000, +70.000, +231.000
1621909200, +3.13, +29.170, +149.48664, +1004.000, +44.000, +304.000
1621909260, +3.13, +29.178, +157.20023, +1006.000, +44.000, +304.000
1621909320, +3.13, +29.170, +147.89190, +1078.000, +70.000, +240.000
1621909380, +3.13, +29.178, +118.29785, +1006.000, +44.000, +304.000
1621909440, +3.13, +29.170, +123.00775, +1075.000, +71.000, +240.000
1621909500, +3.13, +29.162, +116.60402, +1078.000, +71.000, +236.000
1621909560, +3.13, +29.146, +115.88251, +1076.000, +70.000, +240.000
1621909620, +3.13, +29.162, +114.29397, +1006.000, +46.000, +304.000
1621909680, +3.13, +29.170, +111.08591, +1004.000, +44.000, +304.000
1621909740, +3.13, +29.154, +107.09751, +1006.000, +44.000, +304.000
1621909800, +3.13, +29.137, +108.70463, +1004.000, +44.000, +304.000
1621909860, +3.13, +29.137, +106.06325, +1004.000, +46.000, +304.000
1621909920, +3.13, +29.137, +104.27342, +1008.000, +44.000, +310.000
1621909980, +3.13, +29.129, +103.29181, +1006.000, +46.000, +304.000
1621910040, +3.13, +29.137, +101.92002, +1008.000, +44.000, +304.000
1621910100, +3.13, +29.137, +91.89638, +1004.000, +47.000, +302.000
1621910160, +3.13, +29.121, +92.86561, +1006.000, +44.000, +304.000
1621910220, +3.13, +29.121, +96.22540, +1007.000, +47.000, +304.000
1621910280, +3.13, +29.121, +95.57822, +1006.000, +44.000, +304.000
1621910340, +3.13, +29.113, +95.85381, +1110.000, +86.000, +136.000
1621910400, +3.13, +29.097, +94.05160, +1080.000, +70.000, +231.000
1621910460, +3.13, +29.113, +92.10385, +1004.000, +47.000, +307.000
1621910520, +3.13, +29.121, +87.40014, +1007.000, +44.000, +304.000
1621910580, +3.13, +29.097, +85.78372, +1078.000, +67.000, +240.000
1621910640, +3.13, +29.105, +83.73688, +1080.000, +70.000, +230.000
1621910700, +3.13, +29.089, +82.24123, +1080.000, +76.000, +227.000
1621910760, +3.13, +29.089, +80.38638, +1100.000, +83.000, +160.000
1621910820, +3.13, +29.097, +78.72661, +1079.000, +71.000, +231.000
1621910880, +3.13, +29.072, +75.11290, +1073.000, +71.000, +236.000
1621910940, +3.13, +29.080, +73.88046, +1004.000, +47.000, +304.000
1621911000, +3.13, +29.072, +71.83052, +1004.000, +43.000, +304.000
1621911060, +3.13, +29.072, +70.66620, +1112.000, +54.000, +144.000
1621911120, +3.13, +29.064, +68.51408, +1006.000, +44.000, +304.000
1621911180, +3.13, +29.064, +66.12351, +1004.000, +44.000, +304.000
1621911240, +3.13, +29.056, +64.13551, +1006.000, +44.000, +304.000
1621911300, +3.13, +29.064, +62.40761, +1075.000, +72.000, +236.000
1621911360, +3.13, +29.048, +60.51870, +1004.000, +46.000, +304.000
1621911420, +3.13, +29.023, +59.41322, +1006.000, +41.000, +302.000
1621911480, +3.13, +29.064, +57.52430, +1004.000, +46.000, +304.000
1621911540, +3.13, +29.048, +55.74686, +1075.000, +70.000, +240.000
1621911600, +3.13, +29.048, +54.49275, +1006.000, +44.000, +304.000
1621911660, +3.13, +29.048, +53.35940, +1079.000, +72.000, +231.000
1621911720, +3.13, +29.056, +51.43023, +1107.000, +80.000, +142.000
1621911780, +3.13, +29.048, +50.48886, +1006.000, +46.000, +305.000
1621911840, +3.13, +29.040, +48.81981, +1004.000, +44.000, +304.000
1621911900, +3.13, +29.048, +47.23436, +1004.000, +44.000, +304.000
1621911960, +3.13, +29.032, +45.76348, +1043.000, +51.000, +296.000
1621912020, +3.13, +29.023, +43.89933, +1006.000, +44.000, +304.000
1621912080, +3.13, +29.048, +42.77218, +1008.000, +47.000, +304.000
1621912140, +3.13, +29.023, +40.73153, +1024.000, +48.000, +304.000
1621912200, +3.13, +29.007, +39.47741, +1063.000, +64.000, +268.000
1621912260, +3.13, +29.032, +37.69378, +1004.000, +44.000, +304.000
1621912320, +3.13, +29.023, +36.06808, +1004.000, +47.000, +304.000
1621912380, +3.13, +29.015, +34.85421, +1080.000, +71.000, +236.000
1621912440, +3.13, +29.023, +32.75163, +1078.000, +70.000, +236.000
1621912500, +3.13, +29.032, +31.38604, +1006.000, +41.000, +304.000
1621912560, +3.13, +29.015, +29.17818, +1112.000, +70.000, +136.000
1621912620, +3.13, +29.007, +26.81239, +1078.000, +72.000, +227.000
1621912680, +3.13, +29.015, +24.96063, +1004.000, +44.000, +304.000
1621912740, +3.13, +29.007, +23.49595, +1006.000, +44.000, +304.000
1621912800, +3.13, +28.999, +22.05913, +1006.000, +44.000, +305.000
1621912860, +3.13, +28.999, +20.17331, +1004.000, +44.000, +304.000
1621912920, +3.13, +28.991, +18.53522, +1033.000, +48.000, +304.000
1621912980, +3.13, +28.999, +17.41116, +1078.000, +70.000, +236.000
1621913040, +3.13, +28.983, +16.57818, +1007.000, +44.000, +304.000
1621913100, +3.13, +29.007, +15.45102, +1068.000, +65.000, +263.000
1621913160, +3.13, +28.991, +14.60256, +1004.000, +46.000, +304.000
1621913220, +3.13, +29.007, +13.78196, +1048.000, +56.000, +291.000
1621913280, +3.13, +28.975, +12.58978, +1006.000, +41.000, +304.000
1621913340, +3.13, +28.966, +11.01362, +1078.000, +70.000, +232.000
1621913400, +3.13, +28.991,  +9.14638, +1111.000, +80.000, +140.000
1621913460, +3.13, +28.983,  +7.62596, +1078.000, +70.000, +231.000
1621913520, +3.13, +28.975,  +6.66292, +1078.000, +70.000, +236.000
1621913580, +3.13, +28.983,  +5.91045, +1080.000, +72.000, +232.000
1621913640, +3.13, +28.983,  +5.27255, +1083.000, +76.000, +216.000
1621913700, +3.13, +28.975,  +4.54486, +1007.000, +44.000, +304.000
1621913760, +3.13, +28.942,  +3.80787, +1004.000, +47.000, +304.000
1621913820, +3.13, +28.958,  +3.12662, +1078.000, +71.000, +240.000
1621913880, +3.13, +28.966,  +2.76742, +1004.000, +44.000, +304.000
1621913940, +3.13, +28.950,  +2.57233, +1112.000, +64.000, +140.000
1621914000, +3.13, +28.966,  +2.12023, +1006.000, +44.000, +304.000
1621914060, +3.13, +28.958,  +1.66503, +1004.000, +47.000, +304.000
1621914120, +3.13, +28.958,  +1.43898, +1084.000, +76.000, +211.000
1621914180, +3.13, +28.958,  +1.14790, +1004.000, +46.000, +304.000
1621914240, +3.13, +28.942,  +0.82276, +1116.000, +64.000, +140.000
1621914300, +3.13, +28.950,  +0.77631, +1004.000, +44.000, +304.000
1621914360, +3.13, +28.917,  +0.59052, +1016.000, +44.000, +307.000
1621914420, +3.13, +28.934,  +0.42640, +1004.000, +41.000, +304.000
1621914480, +3.13, +28.950,  +0.40163, +1008.000, +44.000, +304.000
1621914540, +3.13, +28.926,  +0.20345, +1006.000, +44.000, +304.000
1621914600, +3.13, +28.934,  +0.22203, +1048.000, +56.000, +291.000
1621914660, +3.13, +28.942,  +0.11674, +1004.000, +41.000, +304.000
1621914720, +3.13, +28.942,  +0.10435, +1088.000, +76.000, +208.000
1621914780, +3.13, +28.926,  +0.08578, +1080.000, +76.000, +224.000
1621914840, +3.13, +28.926,  +0.10435, +1052.000, +60.000, +288.000
1621914900, +3.13, +28.926,  -0.03499, +1004.000, +44.000, +304.000
1621914960, +3.13, +28.934,  +0.00526, +1078.000, +76.000, +224.000
1621915020, +3.13, +28.942,  -0.01022, +1004.000, +44.000, +304.000
1621915080, +3.13, +28.942,  +0.02075, +1080.000, +76.000, +224.000
1621915140, +3.13, +28.917,  -0.02570, +1086.000, +76.000, +214.000
1621915200, +3.13, +28.926,  +0.03623, +1006.000, +46.000, +304.000
1621915260, +3.13, +28.934,  +0.02384, +1006.000, +44.000, +304.000
1621915320, +3.13, +28.926,  -0.04738, +1048.000, +52.000, +294.000
1621915380, +3.13, +28.917,  +0.08268, +1081.000, +72.000, +224.000
1621915440, +3.13, +28.917,  +0.06410, +1072.000, +64.000, +248.000
1621915500, +3.13, +28.917,  -0.00403, +1072.000, +67.000, +248.000
1621915560, +3.13, +28.901,  -0.02261, +1080.000, +70.000, +230.000
1621915620, +3.13, +28.901,  -0.03809, +1075.000, +71.000, +240.000
1621915680, +3.13, +28.917,  -0.13718, +1080.000, +76.000, +220.000
1621915740, +3.13, +28.926,  -0.03809, +1113.000, +32.000, +177.000
1621915800, +3.13, +28.909,  -0.01641, +1079.000, +71.000, +232.000
1621915860, +3.13, +28.926,  +0.09197, +1027.000, +48.000, +308.000
1621915920, +3.13, +28.901,  -0.06905, +1080.000, +71.000, +230.000
1621915980, +3.13, +28.917,  -0.03499, +1078.000, +70.000, +231.000
1621916040, +3.13, +28.909,  -0.03499, +1054.000, +56.000, +286.000
1621916100, +3.13, +28.893,  -0.10002, +1111.000, +80.000, +134.000
1621916160, +3.13, +28.901,  -0.02570, +1084.000, +71.000, +224.000
1621916220, +3.13, +28.893,  -0.08454, +1031.000, +48.000, +304.000
1621916280, +3.13, +28.901,  +0.00526, +1016.000, +48.000, +307.000
1621916340, +3.13, +28.893,  -0.01022, +1080.000, +72.000, +230.000
1621916400, +3.13, +28.877,  +0.07649, +1080.000, +72.000, +224.000
1621916460, +3.13, +28.909,  -0.02880, +1073.000, +70.000, +240.000
1621916520, +3.13, +28.901,  -0.12170, +1080.000, +72.000, +224.000
1621916580, +3.13, +28.877,  +0.02075, +1043.000, +52.000, +296.000
1621916640, +3.13, +28.901,  -0.04738, +1080.000, +70.000, +227.000
1621916700, +3.13, +28.885,  +0.05171, +1080.000, +72.000, +224.000
1621916760, +3.13, +28.885,  +0.03004, +1046.000, +56.000, +294.000
1621916820, +3.13, +28.885,  +0.05791, +1107.000, +84.000, +142.000
1621916880, +3.13, +28.893,  +0.02075, +1084.000, +76.000, +216.000
1621916940, +3.13, +28.885,  +0.00217, +1102.000, +83.000, +160.000
1621917000, +3.13, +28.901,  -0.10621, +1081.000, +72.000, +220.000
1621917060, +3.13, +28.893,  +0.01146, +1020.000, +48.000, +307.000
1621917120, +3.13, +28.868,  +0.01146, +1004.000, +44.000, +304.000
1621917180, +3.13, +28.885,  -0.02880, +1043.000, +56.000, +295.000
1621917240, +3.13, +28.885,  -0.08144, +1075.000, +72.000, +236.000
1621917300, +3.13, +28.868,  +0.03933, +1075.000, +70.000, +236.000
1621917360, +3.13, +28.893,  +0.02384, +1006.000, +47.000, +305.000
1621917420, +3.13, +28.860,  -0.13099, +1081.000, +72.000, +224.000
1621917480, +3.13, +28.877,  +0.01765, +1075.000, +70.000, +240.000
1621917540, +3.13, +28.877,  -0.04118, +1052.000, +56.000, +288.000
1621917600, +3.13, +28.877,  +0.04242, +1017.000, +48.000, +312.000
1621917660, +3.13, +28.885,  -0.08144, +1092.000, +80.000, +184.000
1621917720, +3.13, +28.877,  -0.13718, +1004.000, +46.000, +304.000
1621917780, +3.13, +28.877,  +0.06410, +1049.000, +56.000, +288.000
1621917840, +3.13, +28.860,  +0.01146, +1083.000, +76.000, +216.000
1621917900, +3.13, +28.860,  -0.04118, +1072.000, +70.000, +246.000
1621917960, +3.13, +28.877,  +0.03933, +1052.000, +56.000, +286.000
1621918020, +3.13, +28.868,  +0.07958, +1080.000, +76.000, +220.000
1621918080, +3.13, +28.877,  -0.12789, +1080.000, +72.000, +224.000
1621918140, +3.13, +28.877,  +0.03004, +1004.000, +44.000, +304.000
1621918200, +3.13, +28.868,  -0.01022, +1006.000, +44.000, +304.000
1621918260, +3.13, +28.852,  -0.15885, +1068.000, +67.000, +256.000
1621918320, +3.13, +28.877,  +0.02075, +1081.000, +72.000, +224.000
1621918380, +3.13, +28.868,  +0.02384, +1084.000, +72.000, +220.000
1621918440, +3.13, +28.852,  -0.09073, +1072.000, +70.000, +240.000
1621918500, +3.13, +28.860,  +0.03004, +1075.000, +71.000, +236.000
1621918560, +3.13, +28.852,  +0.03933, +1113.000, +71.000, +135.000
1621918620, +3.13, +28.860,  -0.05047, +1048.000, +56.000, +292.000
1621918680, +3.13, +28.860,  +0.00836, +1088.000, +76.000, +206.000
1621918740, +3.13, +28.852,  +0.00836, +1070.000, +64.000, +256.000
1621918800, +3.13, +28.860,  -0.03499, +1004.000, +44.000, +304.000
1621918860, +3.13, +28.860,  -0.11550, +1081.000, +72.000, +224.000
1621918920, +3.13, +28.852,  -0.06905, +1086.000, +73.000, +216.000
1621918980, +3.13, +28.852,  -0.04428, +1080.000, +70.000, +231.000
1621919040, +3.13, +28.844,  -0.01332, +1075.000, +66.000, +240.000
1621919100, +3.13, +28.868,  +0.06720, +1080.000, +76.000, +220.000
1621919160, +3.13, +28.860,  -0.04428, +1086.000, +76.000, +208.000
1621919220, +3.13, +28.836,  -0.02880, +1080.000, +72.000, +224.000
1621919280, +3.13, +28.844,  +0.03313, +1086.000, +76.000, +210.000
1621919340, +3.13, +28.844,  -0.11550, +1080.000, +76.000, +224.000
1621919400, +3.13, +28.828,  +0.00526, +1008.000, +46.000, +304.000
1621919460, +3.13, +28.844,  +0.11674, +1084.000, +76.000, +219.000
1621919520, +3.13, +28.844,  -0.03499, +1076.000, +70.000, +236.000
1621919580, +3.13, +28.844,  -0.07215, +1080.000, +72.000, +236.000
1621919640, +3.13, +28.844,  -0.03499, +1080.000, +72.000, +230.000
1621919700, +3.13, +28.844,  +0.01455, +1076.000, +67.000, +240.000
1621919760, +3.13, +28.844,  -0.01332, +1006.000, +46.000, +305.000
1621919820, +3.13, +28.844,  -0.04738, +1113.000, +64.000, +144.000
1621919880, +3.13, +28.836,  -0.05976, +1080.000, +72.000, +224.000
1621919940, +3.13, +28.836,  +0.05481, +1080.000, +72.000, +224.000
1621920000, +3.13, +28.836,  -0.08144, +1080.000, +76.000, +224.000
1621920060, +3.13, +28.836,  -0.09073, +1080.000, +72.000, +220.000
1621920120, +3.13, +28.819,  -0.05357, +1112.000, +76.000, +134.000
1621920180, +3.13, +28.811,  +0.01146, +1094.000, +80.000, +192.000
1621920240, +3.13, +28.828,  -0.04738, +1087.000, +78.000, +208.000
1621920300, +3.13, +28.828,  -0.00093, +1112.000, +71.000, +136.000
1621920360, +3.13, +28.803,  -0.04118, +1080.000, +71.000, +228.000
1621920420, +3.13, +28.803,  -0.06905, +1096.000, +83.000, +176.000
1621920480, +3.13, +28.795,  +0.00526, +1113.000, +71.000, +134.000
1621920540, +3.13, +28.828,  -0.01641, +1075.000, +70.000, +236.000
1621920600, +3.13, +28.811,  +0.06410, +1080.000, +72.000, +232.000
1621920660, +3.13, +28.828,  +0.06100, +1089.000, +78.000, +193.000
1621920720, +3.13, +28.811,  -0.07834, +1084.000, +76.000, +216.000
1621920780, +3.13, +28.828,  -0.07215, +1094.000, +80.000, +185.000
1621920840, +3.13, +28.819,  -0.11860, +1064.000, +64.000, +264.000
1621920900, +3.12, +28.811,  +0.01146, +1095.000, +80.000, +184.000
1621920960, +3.13, +28.795,  -0.08144, +1100.000, +83.000, +168.000
1621921020, +3.12, +28.819,  -0.06286, +1088.000, +76.000, +208.000
1621921080, +3.12, +28.803,  -0.00712, +1095.000, +80.000, +182.000
1621921140, +3.13, +28.803,  +0.06410, +1091.000, +80.000, +192.000
1621921200, +3.13, +28.803,  -0.03499, +1068.000, +67.000, +252.000
1621921260, +3.13, +28.795,  -0.03189, +1112.000, +60.000, +142.000
1621921320, +3.13, +28.803,  +0.01455, +1084.000, +76.000, +214.000
1621921380, +3.13, +28.811,  -0.07215, +1006.000, +46.000, +304.000
1621921440, +3.13, +28.795,  -0.19911, +1084.000, +76.000, +212.000
1621921500, +3.13, +28.803,  +0.01765, +1112.000, +80.000, +131.000
1621921560, +3.12, +28.803,  +0.03313, +1004.000, +44.000, +305.000
1621921620, +3.12, +28.803,  -0.02570, +1078.000, +72.000, +232.000
1621921680, +3.12, +28.779,  -0.13718, +1096.000, +81.000, +176.000
1621921740, +3.13, +28.795,  +0.00526, +1004.000, +44.000, +304.000
1621921800, +3.13, +28.795,  +0.05791, +1081.000, +72.000, +227.000
1621921860, +3.12, +28.779,  -0.12479, +1094.000, +80.000, +188.000
1621921920, +3.12, +28.803,  -0.06286, +1088.000, +80.000, +192.000
1621921980, +3.12, +28.795,  -0.04118, +1081.000, +72.000, +220.000
1621922040, +3.12, +28.770,  +0.04552, +1112.000, +51.000, +144.000
1621922100, +3.12, +28.779,  +0.11364, +1107.000, +84.000, +144.000
1621922160, +3.12, +28.787,  -0.08454, +1088.000, +80.000, +204.000
1621922220, +3.12, +28.770,  -0.06905, +1103.000, +88.000, +152.000
1621922280, +3.13, +28.762,  +0.00836, +1103.000, +83.000, +158.000
1621922340, +3.12, +28.795,  -0.05047, +1112.000, +70.000, +136.000
1621922400, +3.12, +28.779,  +0.02694, +1089.000, +79.000, +198.000
1621922460, +3.12, +28.762,  -0.05357, +1116.000, +62.000, +140.000
1621922520, +3.12, +28.770,  -0.00403, +1086.000, +76.000, +214.000
1621922580, +3.12, +28.762,  +0.02694, +1091.000, +80.000, +192.000
1621922640, +3.12, +28.762,  +0.01765, +1113.000, +64.000, +140.000
1621922700, +3.12, +28.762,  -0.00093, +1086.000, +80.000, +206.000
1621922760, +3.12, +28.770,  -0.05976, +1084.000, +72.000, +220.000
1621922820, +3.12, +28.738,  -0.14028, +1080.000, +72.000, +228.000
1621922880, +3.13, +28.770,  +0.06720, +1091.000, +80.000, +192.000
1621922940, +3.12, +28.762,  -0.04118, +1112.000, +56.000, +158.000
1621923000, +3.12, +28.762,  -0.13099, +1112.000, +78.000, +134.000
1621923060, +3.12, +28.721,  -0.06905, +1088.000, +76.000, +204.000
1621923120, +3.12, +28.770,  +0.08268, +1100.000, +86.000, +158.000
1621923180, +3.12, +28.746,  -0.06905, +1084.000, +76.000, +208.000
1621923240, +3.12, +28.754,  +0.03933, +1006.000, +48.000, +307.000
1621923300, +3.12, +28.754,  -0.04428, +1100.000, +88.000, +160.000
1621923360, +3.12, +28.746,  -0.14337, +1094.000, +81.000, +184.000
1621923420, +3.12, +28.746,  -0.00093, +1004.000, +46.000, +304.000
1621923480, +3.12, +28.754,  -0.03499, +1112.000, +76.000, +132.000
1621923540, +3.12, +28.746,  -0.06596, +1100.000, +86.000, +160.000
1621923600, +3.12, +28.754,  -0.09692, +1112.000, +80.000, +134.000
1621923660, +3.12, +28.746,  -0.08144, +1116.000, +64.000, +142.000
1621923720, +3.12, +28.738,  -0.03189, +1095.000, +80.000, +180.000
1621923780, +3.12, +28.746,  -0.06286, +1088.000, +76.000, +204.000
1621923840, +3.12, +28.738,  -0.03189, +1081.000, +76.000, +220.000
1621923900, +3.12, +28.721,  +0.03933, +1112.000, +80.000, +135.000
1621923960, +3.12, +28.705,  -0.00093, +1092.000, +80.000, +184.000
1621924020, +3.12, +28.721,  +0.00836, +1100.000, +86.000, +176.000
1621924080, +3.12, +28.713,  -0.03499, +1095.000, +80.000, +184.000
1621924140, +3.12, +28.721,  +0.00526, +1091.000, +78.000, +196.000
1621924200, +3.12, +28.738,  +0.00526, +1079.000, +71.000, +230.000
1621924260, +3.12, +28.713,  +0.04552, +1080.000, +72.000, +224.000
1621924320, +3.12, +28.721,  -0.02880, +1078.000, +71.000, +236.000
1621924380, +3.12, +28.705,  -0.08144, +1086.000, +76.000, +211.000
1621924440, +3.12, +28.697,  -0.07834, +1116.000, +56.000, +147.000
1621924500, +3.12, +28.705,  +0.04242, +1112.000, +51.000, +163.000
1621924560, +3.12, +28.713,  -0.02261, +1095.000, +80.000, +184.000
1621924620, +3.12, +28.697,  +0.02384, +1006.000, +48.000, +304.000
1621924680, +3.12, +28.664,  -0.00093, +1099.000, +88.000, +163.000
1621924740, +3.12, +28.697,  +0.03004, +1112.000, +40.000, +179.000
1621924800, +3.12, +28.689,  -0.02261, +1110.000, +83.000, +137.000
1621924860, +3.12, +28.697,  -0.02570, +1112.000, +80.000, +134.000
1621924920, +3.12, +28.681,  -0.05047, +1112.000, +41.000, +187.000
1621924980, +3.12, +28.681,  +0.00526, +1006.000, +46.000, +304.000
1621925040, +3.12, +28.681,  -0.12479, +1113.000, +68.000, +136.000
1621925100, +3.12, +28.681,  -0.07834, +1100.000, +86.000, +166.000
1621925160, +3.12, +28.672,  -0.04118, +1102.000, +84.000, +163.000
1621925220, +3.12, +28.672,  +0.04552, +1094.000, +81.000, +184.000
1621925280, +3.12, +28.681,  +0.01455, +1104.000, +84.000, +142.000
1621925340, +3.12, +28.672,  -0.10621, +1112.000, +72.000, +134.000
1621925400, +3.12, +28.640,  -0.01641, +1111.000, +83.000, +134.000
1621925460, +3.12, +28.664,  -0.01641, +1112.000, +39.000, +179.000
1621925520, +3.12, +28.656,  -0.09383, +1091.000, +80.000, +192.000
1621925580, +3.12, +28.664,  +0.04552, +1007.000, +44.000, +304.000
1621925640, +3.12, +28.656,  -0.01641, +1004.000, +46.000, +304.000
1621925700, +3.12, +28.664,  -0.11860, +1006.000, +44.000, +305.000
1621925760, +3.12, +28.640,  -0.02880, +1006.000, +44.000, +304.000
1621925820, +3.12, +28.656,  -0.00712, +1006.000, +46.000, +305.000
1621925880, +3.12, +28.648,  +0.03313, +1004.000, +44.000, +304.000
1621925940, +3.12, +28.648,  -0.02570, +1112.000, +36.000, +167.000
1621926000, +3.12, +28.615,  -0.02570, +1006.000, +46.000, +305.000
1621926060, +3.12, +28.632,  -0.03499, +1004.000, +46.000, +304.000
1621926120, +3.12, +28.648,  -0.07215, +1113.000, +48.000, +158.000
1621926180, +3.12, +28.640,  +0.03004, +1116.000, +48.000, +167.000
1621926240, +3.12, +28.640,  -0.03499, +1107.000, +84.000, +147.000
1621926300, +3.12, +28.632,  +0.11364, +1110.000, +80.000, +134.000
1621926360, +3.12, +28.632,  +0.01455, +1004.000, +46.000, +302.000
1621926420, +3.12, +28.632,  +0.01455, +1113.000, +56.000, +156.000
1621926480, +3.12, +28.632,  -0.09692, +1006.000, +40.000, +304.000
1621926540, +3.12, +28.623,  +0.04242, +1004.000, +44.000, +304.000
1621926600, +3.12, +28.623,  -0.05667, +1004.000, +46.000, +305.000
1621926660, +3.12, +28.623,  +0.05171, +1087.000, +76.000, +207.000
1621926720, +3.12, +28.615,  +0.05171, +1004.000, +44.000, +304.000
1621926780, +3.12, +28.632,  +0.04242, +1102.000, +88.000, +160.000
1621926840, +3.12, +28.623,  +0.07029, +1006.000, +46.000, +307.000
1621926900, +3.12, +28.615,  -0.05047, +1004.000, +41.000, +304.000
1621926960, +3.12, +28.615,  -0.04428, +1006.000, +47.000, +305.000
1621927020, +3.12, +28.607,  -0.03809, +1004.000, +44.000, +304.000
1621927080, +3.12, +28.607,  -0.07215, +1007.000, +44.000, +304.000
1621927140, +3.12, +28.599,  +0.01765, +1105.000, +86.000, +144.000
1621927200, +3.12, +28.574,  +0.00836, +1007.000, +46.000, +304.000
1621927260, +3.12, +28.607,  -0.05976, +1004.000, +44.000, +304.000
1621927320, +3.12, +28.591,  +0.00217, +1006.000, +44.000, +304.000
1621927380, +3.12, +28.574,  -0.00403, +1006.000, +40.000, +304.000
1621927440, +3.12, +28.591,  +0.03004, +1006.000, +44.000, +304.000
1621927500, +3.12, +28.582,  -0.05047, +1004.000, +44.000, +302.000
1621927560, +3.12, +28.574,  +0.01146, +1038.000, +52.000, +304.000
1621927620, +3.12, +28.582,  +0.06410, +1004.000, +44.000, +307.000
1621927680, +3.12, +28.582,  -0.00093, +1112.000, +78.000, +131.000
1621927740, +3.12, +28.574,  +0.02075, +1105.000, +84.000, +147.000
1621927800, +3.12, +28.574,  +0.00526, +1113.000, +48.000, +172.000
1621927860, +3.12, +28.566,  +0.07339, +1007.000, +44.000, +304.000
1621927920, +3.12, +28.574,  +0.05481, +1004.000, +46.000, +304.000
1621927980, +3.12, +28.566,  -0.00403, +1006.000, +44.000, +304.000
1621928040, +3.12, +28.566,  -0.00403, +1112.000, +64.000, +140.000
1621928100, +3.12, +28.533,  +0.09816, +1006.000, +40.000, +307.000
1621928160, +3.12, +28.558,  -0.16814, +1004.000, +41.000, +304.000
1621928220, +3.12, +28.558,  -0.09692, +1014.000, +48.000, +304.000
1621928280, +3.12, +28.558,  +0.02075, +1008.000, +40.000, +305.000
1621928340, +3.12, +28.542,  -0.03189, +1008.000, +44.000, +305.000
1621928400, +3.12, +28.542,  +0.01146, +1008.000, +44.000, +308.000
1621928460, +3.12, +28.533,  -0.05047, +1007.000, +44.000, +304.000
1621928520, +3.12, +28.550,  +0.03933, +1004.000, +44.000, +304.000
1621928580, +3.12, +28.542,  -0.00093, +1004.000, +44.000, +304.000
1621928640, +3.12, +28.542,  -0.23627, +1004.000, +44.000, +304.000
1621928700, +3.12, +28.525,  -0.05667, +1004.000, +44.000, +304.000
1621928760, +3.12, +28.533,  -0.07525, +1006.000, +44.000, +304.000
1621928820, +3.12, +28.525,  -0.05667, +1004.000, +46.000, +303.000
1621928880, +3.12, +28.525,  -0.07215, +1008.000, +44.000, +310.000
1621928940, +3.12, +28.509,  -0.08454, +1004.000, +46.000, +304.000
1621929000, +3.12, +28.501,  -0.04428, +1003.000, +44.000, +304.000
1621929060, +3.12, +28.517,  -0.05976, +1008.000, +44.000, +308.000
1621929120, +3.12, +28.501,  -0.03499, +1004.000, +47.000, +304.000
1621929180, +3.12, +28.492,  -0.04738, +1112.000, +72.000, +136.000
1621929240, +3.12, +28.509,  +0.03313, +1030.000, +48.000, +304.000
1621929300, +3.12, +28.501,  +0.14771, +1038.000, +51.000, +304.000
1621929360, +3.12, +28.509,  -0.07834, +1006.000, +44.000, +304.000
1621929420, +3.12, +28.484,  -0.06596, +1052.000, +56.000, +288.000
1621929480, +3.12, +28.492,  -0.03499, +1004.000, +46.000, +304.000
1621929540, +3.12, +28.484,  -0.01641, +1006.000, +48.000, +304.000
1621929600, +3.12, +28.492,  -0.07834, +1038.000, +52.000, +304.000
1621929660, +3.12, +28.492,  -0.05047, +1014.000, +48.000, +307.000
1621929720, +3.12, +28.476,  -0.10002, +1022.000, +48.000, +307.000
1621929780, +3.12, +28.476,  +0.12293, +1006.000, +44.000, +305.000
1621929840, +3.12, +28.468,  +0.06100, +1004.000, +41.000, +304.000
1621929900, +3.12, +28.468,  -0.03809, +1006.000, +44.000, +304.000
1621929960, +3.12, +28.452,  -0.07525, +1078.000, +72.000, +227.000
1621930020, +3.12, +28.452,  -0.03809, +1004.000, +44.000, +304.000
