7530-428102
OS REV: 1.05 Sensor Cal: 1572940800
Time (sec),  Bat (Volts),   T (deg C),  PAR (umol/(s m^2))  Ax (g), Ay (g), Az (g)
1649916180, +2.96, +27.383,  -0.07215, +979.000, -84.000, +103.000
1649916300, +2.96, +27.383,  -0.03499, +983.000, -85.000, +103.000
1649916420, +2.96, +27.375,  -0.08454, +1086.000, -97.000, -29.000
1649916540, +2.96, +27.359,  -0.05047, +980.000, -84.000, +103.000
1649916660, +2.96, +27.359,  -0.03499, +1087.000, -97.000, -33.000
1649916780, +2.96, +27.375,  -0.04118, +979.000, -84.000, +103.000
1649916900, +2.96, +27.375,  +0.08887, +1086.000, -97.000, -33.000
1649917020, +2.96, +27.383,  -0.10312, +1080.000, -97.000, -33.000
1649917140, +2.96, +27.391,  +0.02384, +1087.000, -100.000, -33.000
1649917260, +2.96, +27.391,  -0.08144, +979.000, -84.000, +99.000
1649917380, +2.96, +27.408,  -0.04118, +979.000, -84.000, +102.000
1649917500, +2.96, +27.408,  -0.10621, +979.000, -82.000, +102.000
1649917620, +2.96, +27.408,  +0.01146, +979.000, -84.000, +99.000
1649917740, +2.96, +27.416,  -0.05357, +1086.000, -97.000, -33.000
1649917860, +2.96, +27.408,  -0.02880, +979.000, -84.000, +103.000
1649917980, +2.96, +27.424,  -0.03189, +982.000, -84.000, +102.000
1649918100, +2.96, +27.433,  +0.04552, +1087.000, -97.000, -33.000
1649918220, +2.96, +27.408,  -0.04428, +982.000, -84.000, +102.000
1649918340, +2.96, +27.424,  -0.05047, +979.000, -87.000, +102.000
1649918460, +2.96, +27.433,  +0.02384, +1087.000, -96.000, -41.000
1649918580, +2.96, +27.408,  +0.07029, +977.000, -84.000, +103.000
1649918700, +2.96, +27.424,  +0.00217, +1087.000, -97.000, -29.000
1649918820, +2.96, +27.416,  +0.05171, +979.000, -84.000, +102.000
1649918940, +2.96, +27.433,  -0.06286, +1086.000, -100.000, -33.000
1649919060, +2.96, +27.441,  -0.06286, +979.000, -84.000, +103.000
1649919180, +2.96, +27.424,  -0.00712, +982.000, -84.000, +99.000
1649919300, +2.96, +27.441,  -0.00403, +1086.000, -97.000, -33.000
1649919420, +2.96, +27.433,  -0.00403, +1086.000, -100.000, -33.000
1649919540, +2.96, +27.433,  +0.00836, +979.000, -84.000, +103.000
1649919660, +2.96, +27.408,  +0.03313, +979.000, -87.000, +99.000
1649919780, +2.96, +27.408,  -0.07215, +1087.000, -100.000, -29.000
1649919900, +2.96, +27.408,  -0.01022, +979.000, -84.000, +102.000
1649920020, +2.96, +27.400,  +0.04242, +982.000, -84.000, +102.000
1649920140, +2.96, +27.400,  -0.01022, +979.000, -82.000, +103.000
1649920260, +2.96, +27.391,  -0.00403, +1087.000, -97.000, -25.000
1649920380, +2.96, +27.391,  +0.03623, +979.000, -82.000, +102.000
1649920500, +2.96, +27.416,  -0.00403, +982.000, -85.000, +103.000
1649920620, +2.96, +27.408,  -0.01641, +984.000, -89.000, +112.000
1649920740, +2.96, +27.391,  -0.07834, +983.000, -89.000, +112.000
1649920860, +2.96, +27.408,  -0.03189, +980.000, -89.000, +112.000
1649920980, +2.96, +27.408,  -0.06596, +984.000, -87.000, +112.000
1649921100, +2.96, +27.408,  +0.05171, +983.000, -88.000, +112.000
1649921220, +2.96, +27.433,  -0.06596, +982.000, -89.000, +112.000
1649921340, +2.96, +27.441,  -0.01332, +1088.000, -105.000, -25.000
1649921460, +2.96, +27.441,  +0.05481, +982.000, -88.000, +111.000
1649921580, +2.96, +27.457,  -0.10931, +1043.000, -79.000, +54.000
1649921700, +2.96, +27.466,  -0.03809, +1041.000, -79.000, +56.000
1649921820, +2.96, +27.449,  -0.03809, +979.000, -89.000, +111.000
1649921940, +2.96, +27.466,  -0.00712, +1044.000, -72.000, +49.000
1649922060, +2.96, +27.490,  -0.01641, +982.000, -89.000, +112.000
1649922180, +2.96, +27.507,  +0.06720, +1089.000, -105.000, -25.000
1649922300, +2.96, +27.507,  -0.05976, +1087.000, -103.000, -17.000
1649922420, +2.96, +27.499,  +0.02384, +982.000, -89.000, +112.000
1649922540, +2.96, +27.499,  +0.03933, +1087.000, -102.000, -17.000
1649922660, +2.96, +27.490,  -0.05357, +983.000, -89.000, +112.000
1649922780, +2.96, +27.490,  +0.05481, +1088.000, -108.000, -25.000
1649922900, +2.96, +27.466,  -0.00093, +1088.000, -104.000, -29.000
1649923020, +2.96, +27.449,  -0.13718, +1044.000, -72.000, +46.000
1649923140, +2.96, +27.424,  +0.04242, +982.000, -89.000, +112.000
1649923260, +2.96, +27.391,  -0.00403, +1087.000, -105.000, -25.000
1649923380, +2.96, +27.367,  -0.02880, +1087.000, -105.000, -25.000
1649923500, +2.96, +27.350,  -0.04118, +984.000, -89.000, +112.000
1649923620, +2.96, +27.309,  -0.02880, +984.000, -89.000, +112.000
1649923740, +2.96, +27.293,  +0.01455, +982.000, -88.000, +112.000
1649923860, +2.96, +27.260,  +0.03004, +984.000, -89.000, +110.000
1649923980, +2.96, +27.243,  -0.00093, +1088.000, -103.000, -25.000
1649924100, +2.96, +27.218,  +0.04862, +983.000, -89.000, +112.000
1649924220, +2.96, +27.185,  +0.02694, +984.000, -89.000, +112.000
1649924340, +2.96, +27.152,  -0.09383, +979.000, -89.000, +113.000
1649924460, +2.96, +27.152,  -0.06286, +983.000, -88.000, +112.000
1649924580, +2.96, +27.144,  +0.01765, +984.000, -89.000, +112.000
1649924700, +2.96, +27.094,  -0.01951, +982.000, -87.000, +112.000
1649924820, +2.96, +27.103,  -0.01951, +979.000, -88.000, +112.000
1649924940, +2.96, +27.086,  -0.02880, +983.000, -89.000, +112.000
1649925060, +2.96, +27.053,  -0.05047, +1052.000, -72.000, +24.000
1649925180, +2.96, +27.037,  -0.05357, +984.000, -89.000, +112.000
1649925300, +2.96, +27.012,  +0.03623, +1052.000, -72.000, +34.000
1649925420, +2.96, +26.995,  -0.06905, +984.000, -89.000, +111.000
1649925540, +2.96, +26.979,  -0.12170, +984.000, -88.000, +112.000
1649925660, +2.96, +26.954,  +0.03004, +983.000, -89.000, +112.000
1649925780, +2.96, +26.938,  +0.00526, +983.000, -89.000, +112.000
1649925900, +2.96, +26.938,  -0.01332, +983.000, -89.000, +112.000
1649926020, +2.96, +26.929,  -0.05976, +984.000, -89.000, +111.000
1649926140, +2.96, +26.904,  -0.00093, +982.000, -87.000, +110.000
1649926260, +2.96, +26.904,  -0.06596, +1049.000, -72.000, +36.000
1649926380, +2.96, +26.913,  -0.02880, +982.000, -87.000, +112.000
1649926500, +2.96, +26.904,  +0.06410, +1052.000, -72.000, +38.000
1649926620, +2.96, +26.888,  +0.02384, +1049.000, -68.000, +36.000
1649926740, +2.96, +26.871,  +0.03004, +1054.000, -72.000, +30.000
1649926860, +2.96, +26.871,  -0.04738, +1048.000, -72.000, +38.000
1649926980, +2.96, +26.855,  -0.01022, +982.000, -88.000, +112.000
1649927100, +2.96, +26.855,  -0.03499, +1054.000, -72.000, +32.000
1649927220, +2.96, +26.847,  -0.06596, +984.000, -89.000, +113.000
1649927340, +2.96, +26.830,  -0.04738, +1052.000, -72.000, +28.000
1649927460, +2.96, +26.822,  -0.02570, +1049.000, -72.000, +32.000
1649927580, +2.96, +26.805,  -0.10002, +1048.000, -72.000, +39.000
1649927700, +2.96, +26.814,  +0.01146, +1052.000, -72.000, +36.000
1649927820, +2.96, +26.805,  +0.06410, +1052.000, -72.000, +32.000
1649927940, +2.96, +26.805,  -0.02570, +1052.000, -68.000, +32.000
1649928060, +2.96, +26.805,  +0.02694, +1049.000, -72.000, +40.000
1649928180, +2.96, +26.797,  -0.00712, +982.000, -89.000, +112.000
1649928300, +2.96, +26.780,  -0.00093, +982.000, -88.000, +113.000
1649928420, +2.96, +26.789,  -0.05667, +983.000, -89.000, +112.000
1649928540, +2.96, +26.780,  -0.02880, +983.000, -87.000, +112.000
1649928660, +2.96, +26.756,  -0.02261, +1052.000, -72.000, +36.000
1649928780, +2.96, +26.764,  -0.01641, +1052.000, -72.000, +32.000
1649928900, +2.96, +26.772,  -0.05976, +1062.000, -64.000,  +8.000
1649929020, +2.96, +26.764,  +0.01765, +1052.000, -68.000, +30.000
1649929140, +2.96, +26.772,  +0.05481, +984.000, -90.000, +112.000
1649929260, +2.96, +26.772,  +0.00836, +1054.000, -68.000, +28.000
1649929380, +2.96, +26.747,  +0.05791, +1052.000, -72.000, +35.000
1649929500, +2.96, +26.756,  -0.00093, +1052.000, -72.000, +32.000
1649929620, +2.96, +26.747,  +0.08578, +1052.000, -68.000, +32.000
1649929740, +2.96, +26.739,  -0.07834, +1072.000, -58.000, -40.000
1649929860, +2.96, +26.731,  -0.05667, +1052.000, -68.000, +31.000
1649929980, +2.96, +26.698,  -0.10931, +1055.000, -72.000, +28.000
1649930100, +2.96, +26.714,  -0.00403, +1054.000, -68.000, +28.000
1649930220, +2.96, +26.681,  -0.00093, +982.000, -90.000, +112.000
1649930340, +2.96, +26.673,  -0.03809, +982.000, -89.000, +112.000
1649930460, +2.96, +26.673,  -0.11241, +980.000, -88.000, +111.000
1649930580, +2.96, +26.673,  -0.04738, +982.000, -89.000, +108.000
1649930700, +2.96, +26.656,  -0.07215, +1052.000, -72.000, +32.000
1649930820, +2.96, +26.656,  -0.03499, +1052.000, -72.000, +33.000
1649930940, +2.96, +26.632,  +0.04552, +1052.000, -72.000, +32.000
1649931060, +2.96, +26.640,  +0.01455, +1072.000, -61.000, -28.000
1649931180, +2.96, +26.623,  -0.01641, +984.000, -89.000, +110.000
1649931300, +2.96, +26.632,  -0.04428, +1052.000, -72.000, +32.000
1649931420, +2.96, +26.640,  +0.00526, +1052.000, -68.000, +30.000
1649931540, +2.96, +26.615,  -0.05047, +1009.000, -88.000, +102.000
1649931660, +2.96, +26.598,  +0.03933, +1054.000, -72.000, +32.000
1649931780, +2.96, +26.615,  +0.02075, +982.000, -88.000, +112.000
1649931900, +2.96, +26.590,  +0.00836, +1056.000, -68.000, +24.000
1649932020, +2.96, +26.615,  -0.05667, +983.000, -88.000, +112.000
1649932140, +2.96, +26.598,  -0.07215, +1054.000, -72.000, +30.000
1649932260, +2.96, +26.607,  -0.09073, +1055.000, -64.000, +20.000
1649932380, +2.96, +26.607,  +0.06720, +984.000, -89.000, +112.000
1649932500, +2.96, +26.607,  -0.04738, +983.000, -88.000, +108.000
1649932620, +2.96, +26.598,  -0.01022, +1052.000, -72.000, +32.000
1649932740, +2.96, +26.607,  -0.02261, +1054.000, -72.000, +32.000
1649932860, +2.96, +26.582,  -0.03189, +982.000, -89.000, +112.000
1649932980, +2.96, +26.590,  -0.03809, +982.000, -89.000, +108.000
1649933100, +2.96, +26.590,  -0.00712, +983.000, -89.000, +112.000
1649933220, +2.96, +26.574,  +0.01455, +1054.000, -64.000, +32.000
1649933340, +2.96, +26.598,  -0.05047, +979.000, -88.000, +110.000
1649933460, +2.96, +26.590,  +0.03933, +1046.000, -72.000, +44.000
1649933580, +2.96, +26.557,  -0.10312, +982.000, -89.000, +112.000
1649933700, +2.96, +26.557,  -0.00093, +982.000, -89.000, +108.000
1649933820, +2.96, +26.565,  +0.01765, +983.000, -89.000, +112.000
1649933940, +2.96, +26.549,  -0.04738, +983.000, -88.000, +113.000
1649934060, +2.96, +26.549,  -0.05667, +985.000, -90.000, +112.000
1649934180, +2.96, +26.541,  -0.01951, +1086.000, -61.000, -72.000
1649934300, +2.96, +26.516,  -0.00093, +1055.000, -72.000, +24.000
1649934420, +2.96, +26.541,  -0.08144, +1064.000, -64.000, -10.000
1649934540, +2.96, +26.549,  -0.01951, +979.000, -88.000, +110.000
1649934660, +2.96, +26.532,  -0.01022, +1048.000, -72.000, +39.000
1649934780, +2.96, +26.524,  +0.04242, +1054.000, -72.000, +24.000
1649934900, +2.96, +26.524,  -0.02880, +984.000, -89.000, +110.000
1649935020, +2.96, +26.532,  +0.09507, +1052.000, -72.000, +30.000
1649935140, +2.96, +26.524,  -0.02570, +982.000, -88.000, +112.000
1649935260, +2.96, +26.516,  -0.01641, +984.000, -89.000, +112.000
1649935380, +2.96, +26.524,  -0.02261, +979.000, -88.000, +110.000
1649935500, +2.96, +26.532,  -0.07215, +1038.000, -80.000, +65.000
1649935620, +2.96, +26.516,  +0.06410, +1054.000, -72.000, +32.000
1649935740, +2.96, +26.524,  -0.01022, +1054.000, -72.000, +28.000
1649935860, +2.96, +26.507,  +0.01765, +984.000, -92.000, +111.000
1649935980, +2.96, +26.499,  -0.03809, +1036.000, -80.000, +72.000
1649936100, +2.96, +26.491,  +0.06410, +1054.000, -72.000, +28.000
1649936220, +2.96, +26.491,  -0.11860, +1054.000, -68.000, +24.000
1649936340, +2.96, +26.491,  +0.00217, +1031.000, -80.000, +76.000
1649936460, +2.96, +26.499,  -0.02570, +1056.000, -64.000, +20.000
1649936580, +2.96, +26.499,  -0.05976, +991.000, -90.000, +108.000
1649936700, +2.96, +26.516,  +0.05481, +1048.000, -72.000, +44.000
1649936820, +2.96, +26.491,  -0.01022, +1054.000, -72.000, +32.000
1649936940, +2.96, +26.474,  -0.03809, +984.000, -89.000, +110.000
1649937060, +2.96, +26.474,  -0.02261, +992.000, -90.000, +112.000
1649937180, +2.96, +26.474,  +0.01765, +983.000, -88.000, +112.000
1649937300, +2.96, +26.474,  -0.05976, +984.000, -90.000, +112.000
1649937420, +2.96, +26.483,  -0.12479, +1024.000, -80.000, +86.000
1649937540, +2.96, +26.458,  -0.01332, +1055.000, -68.000, +22.000
1649937660, +2.96, +26.458,  -0.02570, +984.000, -88.000, +112.000
1649937780, +2.96, +26.491,  +0.01765, +984.000, -89.000, +108.000
1649937900, +2.96, +26.483,  -0.10002, +983.000, -89.000, +110.000
1649938020, +2.96, +26.466,  -0.02570, +1038.000, -80.000, +68.000
1649938140, +2.96, +26.483,  +0.00836, +984.000, -96.000, +112.000
1649938260, +2.96, +26.474,  +0.07029, +1088.000, -104.000, -29.000
1649938380, +2.96, +26.491,  -0.05667, +988.000, -90.000, +112.000
1649938500, +2.96, +26.483,  -0.07834, +1054.000, -64.000, +24.000
1649938620, +2.96, +26.499,  -0.04428, +1052.000, -72.000, +32.000
1649938740, +2.96, +26.474,  -0.07215, +987.000, -93.000, +112.000
1649938860, +2.96, +26.458,  -0.02570, +1056.000, -68.000, +20.000
1649938980, +2.96, +26.483,  -0.03809, +1048.000, -72.000, +32.000
1649939100, +2.96, +26.483,  -0.13408, +1052.000, -72.000, +32.000
1649939220, +2.96, +26.466,  +0.03004, +1088.000, -109.000, -29.000
1649939340, +2.96, +26.474,  +0.03623, +1049.000, -72.000, +35.000
1649939460, +2.96, +26.466,  -0.05976, +979.000, -89.000, +112.000
1649939580, +2.96, +26.458,  +0.00526, +1062.000, -64.000,  +3.000
1649939700, +2.96, +26.458,  -0.08144, +983.000, -89.000, +110.000
1649939820, +2.96, +26.449,  -0.02570, +1031.000, -80.000, +80.000
1649939940, +2.96, +26.458,  -0.05357, +1024.000, -84.000, +88.000
1649940060, +2.96, +26.449,  +0.01455, +982.000, -89.000, +112.000
1649940180, +2.96, +26.441,  +0.04242, +1091.000, -84.000, -57.000
1649940300, +2.96, +26.449,  +0.02384, +1036.000, -80.000, +65.000
1649940420, +2.96, +26.441,  +0.05791, +1055.000, -68.000, +25.000
1649940540, +2.96, +26.425,  -0.05357, +983.000, -88.000, +112.000
1649940660, +2.96, +26.433,  +0.00217, +982.000, -88.000, +112.000
1649940780, +2.96, +26.425,  -0.05047, +1017.000, -84.000, +96.000
1649940900, +2.96, +26.433,  -0.02880, +984.000, -93.000, +112.000
1649941020, +2.96, +26.408,  +0.02694, +1040.000, -76.000, +64.000
1649941140, +2.96, +26.416,  -0.05357, +984.000, -90.000, +112.000
1649941260, +2.96, +26.425,  -0.15266, +1040.000, -77.000, +60.000
1649941380, +2.96, +26.425,  +0.04862, +982.000, -89.000, +112.000
1649941500, +2.96, +26.416,  -0.05047, +982.000, -89.000, +110.000
1649941620, +2.96, +26.433,  +0.04552, +1040.000, -77.000, +60.000
1649941740, +2.96, +26.449,  -0.00403, +983.000, -88.000, +111.000
1649941860, +2.96, +26.441,  +0.02075, +1063.000, -64.000,  +7.000
1649941980, +2.96, +26.474,  -0.01332, +1049.000, -72.000, +30.000
1649942100, +2.96, +26.466,  -0.03189, +983.000, -92.000, +112.000
1649942220, +2.96, +26.466,  -0.04428, +984.000, -89.000, +112.000
1649942340, +2.96, +26.466,  -0.03499, +1031.000, -80.000, +70.000
1649942460, +2.96, +26.499,  +0.03004, +983.000, -89.000, +112.000
1649942580, +2.96, +26.499,  -0.02570, +1052.000, -64.000, +24.000
1649942700, +2.96, +26.524,  -0.07834, +983.000, -90.000, +112.000
1649942820, +2.96, +26.524,  +0.04862, +1031.000, -80.000, +73.000
1649942940, +2.96, +26.507,  +0.01146, +1084.000, -60.000, -76.000
1649943060, +2.96, +26.524,  -0.04738, +983.000, -90.000, +112.000
1649943180, +2.96, +26.532,  -0.02880, +1055.000, -72.000, +24.000
1649943300, +2.96, +26.532,  +0.02384, +998.000, -88.000, +112.000
1649943420, +2.96, +26.524,  +0.02075, +1088.000, -93.000, -63.000
1649943540, +2.96, +26.516,  -0.06905, +1054.000, -72.000, +32.000
1649943660, +2.96, +26.499,  -0.02880, +984.000, -89.000, +112.000
1649943780, +2.96, +26.516,  +0.03933, +1008.000, -89.000, +102.000
1649943900, +2.96, +26.524,  -0.04428, +983.000, -88.000, +110.000
1649944020, +2.96, +26.524,  -0.02880, +1055.000, -64.000, +24.000
1649944140, +2.96, +26.499,  -0.05357, +1054.000, -68.000, +24.000
1649944260, +2.96, +26.507,  -0.01951, +984.000, -88.000, +112.000
1649944380, +2.96, +26.491,  -0.02261, +982.000, -90.000, +112.000
1649944500, +2.96, +26.491,  -0.00712, +1051.000, -72.000, +35.000
1649944620, +2.96, +26.483,  -0.02570, +1059.000, -64.000,  +8.000
1649944740, +2.96, +26.491,  -0.05357, +982.000, -89.000, +110.000
1649944860, +2.96, +26.483,  -0.06286, +984.000, -92.000, +110.000
1649944980, +2.96, +26.474,  -0.00093, +995.000, -90.000, +108.000
1649945100, +2.96, +26.466,  -0.02261, +983.000, -89.000, +112.000
1649945220, +2.96, +26.466,  -0.03499, +992.000, -92.000, +110.000
1649945340, +2.96, +26.458,  -0.05357, +984.000, -93.000, +108.000
1649945460, +2.96, +26.458,  -0.10312, +983.000, -89.000, +110.000
1649945580, +2.96, +26.425,  -0.02261, +983.000, -89.000, +112.000
1649945700, +2.96, +26.425,  -0.05047, +1054.000, -72.000, +32.000
1649945820, +2.96, +26.433,  +0.00217, +1024.000, -80.000, +88.000
1649945940, +2.96, +26.425,  -0.02261, +982.000, -90.000, +112.000
1649946060, +2.96, +26.408,  +0.00526, +983.000, -89.000, +112.000
1649946180, +2.96, +26.416,  -0.02570, +1040.000, -77.000, +56.000
1649946300, +2.96, +26.400,  -0.01022, +1062.000, -64.000, +14.000
1649946420, +2.96, +26.358,  -0.04738, +983.000, -90.000, +112.000
1649946540, +2.96, +26.375,  -0.11241, +1048.000, -72.000, +44.000
1649946660, +2.96, +26.358,  -0.07834, +984.000, -93.000, +112.000
1649946780, +2.96, +26.333,  +0.03004, +1043.000, -72.000, +48.000
1649946900, +2.96, +26.333,  -0.07834, +1016.000, -84.000, +100.000
1649947020, +2.96, +26.342,  -0.03809, +1048.000, -74.000, +44.000
1649947140, +2.96, +26.342,  -0.10002, +983.000, -92.000, +112.000
1649947260, +2.96, +26.333,  +0.04242, +990.000, -92.000, +110.000
1649947380, +2.96, +26.309,  -0.04428, +1016.000, -88.000, +96.000
1649947500, +2.96, +26.342,  -0.00712, +1062.000, -64.000,  +8.000
1649947620, +2.96, +26.333,  +0.09197, +983.000, -89.000, +112.000
1649947740, +2.96, +26.342,  -0.07215, +1048.000, -72.000, +39.000
1649947860, +2.96, +26.358,  -0.03499, +984.000, -92.000, +105.000
1649947980, +2.96, +26.350,  +0.03004, +1052.000, -74.000, +38.000
1649948100, +2.96, +26.342,  -0.06596, +1040.000, -77.000, +56.000
1649948220, +2.96, +26.333,  -0.01951, +1008.000, -89.000, +103.000
1649948340, +2.96, +26.367,  -0.02880, +1052.000, -72.000, +32.000
1649948460, +2.96, +26.333,  +0.07029, +984.000, -93.000, +112.000
1649948580, +2.96, +26.367,  +0.00836, +1072.000, -58.000, -26.000
1649948700, +2.96, +26.350,  +0.00217, +982.000, -93.000, +112.000
1649948820, +2.96, +26.375,  -0.02880, +983.000, -89.000, +112.000
1649948940, +2.96, +26.333,  -0.03189, +1048.000, -72.000, +48.000
1649949060, +2.96, +26.375,  -0.01641, +984.000, -95.000, +112.000
1649949180, +2.96, +26.367,  -0.06905, +1016.000, -84.000, +96.000
1649949300, +2.96, +26.350,  -0.03809, +980.000, -88.000, +110.000
1649949420, +2.96, +26.350,  -0.05976, +1046.000, -72.000, +48.000
1649949540, +2.96, +26.367,  +0.05791, +984.000, -89.000, +110.000
1649949660, +2.96, +26.375,  -0.05667, +1052.000, -71.000, +32.000
1649949780, +2.96, +26.367,  -0.04118, +985.000, -90.000, +112.000
1649949900, +2.95, +26.367,  +0.08268, +1055.000, -72.000, +30.000
1649950020, +2.96, +26.383,  +0.01455, +979.000, -89.000, +111.000
1649950140, +2.96, +26.391,  +0.00526, +1056.000, -64.000, +16.000
1649950260, +2.96, +26.383,  -0.00093, +1025.000, -80.000, +86.000
1649950380, +2.96, +26.391,  +0.10745, +1048.000, -72.000, +40.000
1649950500, +2.96, +26.408,  +0.20964, +1049.000, -72.000, +38.000
1649950620, +2.96, +26.416,  +0.28705, +1049.000, -72.000, +32.000
1649950740, +2.96, +26.408,  +0.55026, +982.000, -89.000, +110.000
1649950860, +2.96, +26.408,  +0.74225, +983.000, -89.000, +111.000
1649950980, +2.96, +26.416,  +0.95282, +1054.000, -72.000, +32.000
1649951100, +2.96, +26.391,  +1.40802, +1054.000, -71.000, +22.000
1649951220, +2.96, +26.416,  +1.74245, +984.000, -89.000, +112.000
1649951340, +2.96, +26.375,  +2.27196, +1049.000, -72.000, +32.000
1649951460, +2.96, +26.342,  +2.87889, +1052.000, -72.000, +32.000
1649951580, +2.96, +26.317,  +3.62207, +1054.000, -72.000, +35.000
1649951700, +2.96, +26.309,  +4.45815, +983.000, -89.000, +110.000
1649951820, +2.96, +26.259,  +5.16417, +984.000, -89.000, +112.000
1649951940, +2.96, +26.242,  +6.16747, +983.000, -87.000, +108.000
1649952060, +2.96, +26.193,  +7.22650, +1054.000, -64.000, +28.000
1649952180, +2.96, +26.184,  +8.19573, +1055.000, -68.000, +24.000
1649952300, +2.96, +26.159,  +9.13399, +1043.000, -77.000, +50.000
1649952420, +2.96, +26.118, +10.12490, +983.000, -89.000, +112.000
1649952540, +2.96, +26.143, +11.11581, +984.000, -92.000, +112.000
1649952660, +2.96, +26.143, +11.90234, +1036.000, -80.000, +67.000
1649952780, +2.96, +26.143, +13.04188, +1054.000, -72.000, +28.000
1649952900, +2.96, +26.151, +13.82841, +1043.000, -76.000, +51.000
1649953020, +2.96, +26.143, +14.73881, +1054.000, -72.000, +28.000
1649953140, +2.96, +26.135, +14.88435, +1056.000, -72.000, +24.000
1649953260, +2.96, +26.159, +15.43554, +985.000, -93.000, +110.000
1649953380, +2.96, +26.176, +16.39548, +992.000, -90.000, +112.000
1649953500, +2.96, +26.151, +16.88164, +1049.000, -72.000, +38.000
1649953620, +2.96, +26.151, +17.54122, +984.000, -89.000, +108.000
1649953740, +2.96, +26.193, +18.29369, +1039.000, -80.000, +68.000
1649953860, +2.96, +26.201, +18.77675, +1039.000, -79.000, +64.000
1649953980, +2.96, +26.193, +19.25982, +1054.000, -72.000, +24.000
1649954100, +2.96, +26.184, +19.78934, +983.000, -89.000, +110.000
1649954220, +2.96, +26.217, +20.39936, +1055.000, -68.000, +22.000
1649954340, +2.96, +26.242, +20.83908, +1054.000, -64.000, +28.000
1649954460, +2.96, +26.267, +21.17970, +1055.000, -71.000, +24.000
1649954580, +2.96, +26.267, +21.35001, +983.000, -89.000, +111.000
1649954700, +2.96, +26.284, +21.87953, +1038.000, -80.000, +70.000
1649954820, +2.96, +26.284, +22.37498, +1043.000, -74.000, +52.000
1649954940, +2.96, +26.292, +22.65368, +982.000, -89.000, +112.000
1649955060, +2.96, +26.300, +23.07791, +980.000, -89.000, +108.000
1649955180, +2.96, +26.317, +23.94495, +982.000, -90.000, +112.000
1649955300, +2.96, +26.342, +19.47348, +1011.000, -84.000, +104.000
1649955420, +2.96, +26.342, +29.43210, +1049.000, -88.000, +24.000
1649955540, +2.96, +26.325, +28.78181, +1048.000, -88.000, +24.000
1649955660, +2.96, +26.333, +30.13502, +1048.000, -88.000, +24.000
1649955780, +2.96, +26.358, +32.51629, +1027.000, -100.000, +76.000
1649955900, +2.96, +26.358, +32.66493, +1056.000, -84.000,  +0.000
1649956020, +2.96, +26.358, +34.85421, +1052.000, -88.000, +22.000
1649956140, +2.96, +26.375, +35.43947, +1055.000, -88.000, +12.000
1649956260, +2.96, +26.367, +45.68297, +1024.000, -96.000, -72.000
1649956380, +2.96, +26.391, +43.06016, +1027.000, -96.000, -80.000
1649956500, +2.96, +26.391, +41.27963, +956.000, -113.000, +15.000
1649956620, +2.96, +26.408, +40.70056, +955.000, -113.000, +22.000
1649956740, +2.96, +26.416, +40.97306, +1024.000, -96.000, -72.000
1649956860, +2.96, +26.425, +41.53974, +1022.000, -100.000, -61.000
1649956980, +2.96, +26.441, +45.83780, +953.000, -112.000, +16.000
1649957100, +2.96, +26.449, +80.03956, +1024.000, -96.000, -72.000
1649957220, +2.96, +26.458, +95.26236, +1024.000, -96.000, -74.000
1649957340, +2.96, +26.474, +114.42402, +1024.000, -96.000, -72.000
1649957460, +2.96, +26.483, +67.97527, +952.000, -113.000, +19.000
1649957580, +2.96, +26.499, +47.76387, +1027.000, -96.000, -80.000
1649957700, +2.96, +26.524, +48.16952, +956.000, -113.000, +16.000
1649957820, +2.96, +26.524, +48.27171, +956.000, -112.000, +16.000
1649957940, +2.96, +26.532, +48.50086, +956.000, -113.000, +17.000
1649958060, +2.96, +26.549, +47.39228, +1024.000, -96.000, -72.000
1649958180, +2.96, +26.541, +46.37041, +1024.000, -96.000, -72.000
1649958300, +2.96, +26.582, +45.70774, +958.000, -112.000, +16.000
1649958420, +2.96, +26.598, +55.41553, +952.000, -111.000, +19.000
1649958540, +2.96, +26.590, +74.49668, +1020.000, -96.000, -64.000
1649958660, +2.96, +26.598, +98.85750, +1024.000, -96.000, -72.000
1649958780, +2.96, +26.598, +109.97114, +1020.000, -96.000, -72.000
1649958900, +2.96, +26.607, +82.34032, +1024.000, -96.000, -68.000
1649959020, +2.96, +26.632, +61.82855, +1024.000, -96.000, -64.000
1649959140, +2.96, +26.640, +48.81671, +1020.000, -96.000, -68.000
1649959260, +2.96, +26.640, +51.33114, +1020.000, -100.000, -64.000
1649959380, +2.96, +26.648, +85.59793, +956.000, -113.000, +15.000
1649959500, +2.96, +26.656, +79.85996, +1024.000, -96.000, -72.000
1649959620, +2.96, +26.673, +154.54955, +1020.000, -96.000, -64.000
1649959740, +2.96, +26.656, +213.33509, +1024.000, -96.000, -64.000
1649959860, +2.96, +26.673, +223.58788, +956.000, -112.000, +16.000
1649959980, +2.96, +26.698, +225.21359, +953.000, -113.000, +19.000
1649960100, +2.96, +26.714, +249.02941, +956.000, -112.000, +19.000
1649960220, +2.96, +26.731, +217.07576, +956.000, -113.000, +19.000
1649960340, +2.96, +26.739, +151.34768, +1024.000, -96.000, -64.000
1649960460, +2.96, +26.747, +55.42791, +956.000, -112.000, +22.000
1649960580, +2.96, +26.756, +90.15300, +956.000, -112.000, +19.000
1649960700, +2.96, +26.756, +75.04167, +1020.000, -96.000, -64.000
1649960820, +2.96, +26.780, +192.87287, +1017.000, -96.000, -60.000
1649960940, +2.96, +26.772, +242.45846, +956.000, -113.000, +20.000
1649961060, +2.96, +26.822, +252.68338, +956.000, -113.000, +23.000
1649961180, +2.96, +26.847, +281.84081, +953.000, -113.000, +19.000
1649961300, +2.96, +26.830, +258.91370, +956.000, -113.000, +19.000
1649961420, +2.96, +26.838, +82.97512, +956.000, -113.000, +19.000
1649961540, +2.96, +26.896, +203.78213, +956.000, -113.000, +19.000
1649961660, +2.96, +26.888, +189.28393, +953.000, -113.000, +20.000
1649961780, +2.96, +26.913, +276.43727, +955.000, -111.000, +17.000
1649961900, +2.96, +26.921, +284.48839, +956.000, -112.000, +16.000
1649962020, +2.96, +26.921, +225.78026, +956.000, -113.000, +16.000
1649962140, +2.96, +26.896, +261.31356, +956.000, -113.000, +17.000
1649962260, +2.96, +26.904, +205.28707, +956.000, -112.000, +22.000
1649962380, +2.96, +26.871, +186.65803, +956.000, -114.000, +19.000
1649962500, +2.96, +26.863, +213.64785, +1024.000, -98.000, -64.000
1649962620, +2.96, +26.830, +174.60612, +1020.000, -96.000, -64.000
1649962740, +2.96, +26.772, +45.25873, +956.000, -112.000, +19.000
1649962860, +2.96, +26.764, +121.88369, +953.000, -113.000, +23.000
1649962980, +2.96, +26.714, +48.47609, +956.000, -112.000, +19.000
1649963100, +2.96, +26.689, +43.97056, +952.000, -113.000, +19.000
1649963220, +2.96, +26.656, +41.09383, +956.000, -112.000, +19.000
1649963340, +2.96, +26.598, +58.40373, +955.000, -112.000, +12.000
1649963460, +2.96, +26.557, +66.17306, +1024.000, -96.000, -72.000
1649963580, +2.96, +26.549, +142.90640, +953.000, -113.000, +16.000
1649963700, +2.96, +26.524, +103.11530, +956.000, -113.000, +19.000
1649963820, +2.96, +26.499, +59.74765, +1024.000, -96.000, -72.000
1649963940, +2.96, +26.491, +76.56210, +953.000, -113.000, +19.000
1649964060, +2.96, +26.499, +51.64079, +1024.000, -96.000, -72.000
1649964180, +2.96, +26.483, +56.22374, +956.000, -113.000, +16.000
1649964300, +2.96, +26.491, +54.83956, +1024.000, -96.000, -72.000
1649964420, +2.96, +26.507, +51.84517, +1027.000, -90.000, -90.000
1649964540, +2.96, +26.507, +48.77336, +1024.000, -93.000, -72.000
1649964660, +2.96, +26.499, +49.92838, +953.000, -112.000, +16.000
1649964780, +2.96, +26.491, +51.10508, +953.000, -112.000, +16.000
1649964900, +2.96, +26.507, +52.67505, +953.000, -113.000, +16.000
1649965020, +2.96, +26.507, +54.26050, +1024.000, -96.000, -64.000
1649965140, +2.96, +26.516, +55.78093, +960.000, -116.000, +31.000
1649965260, +2.96, +26.483, +58.67623, +1027.000, -104.000, -32.000
1649965380, +2.96, +26.532, +68.25396, +960.000, -116.000, +35.000
1649965500, +2.96, +26.532, +96.48242, +960.000, -116.000, +33.000
1649965620, +2.96, +26.541, +78.19400, +1027.000, -98.000, -56.000
1649965740, +2.96, +26.549, +57.75035, +1027.000, -104.000, -52.000
1649965860, +2.96, +26.574, +55.55178, +960.000, -119.000, +35.000
1649965980, +2.96, +26.582, +55.80570, +1027.000, -100.000, -52.000
1649966100, +2.96, +26.615, +57.92686, +1025.000, -104.000, -48.000
1649966220, +2.96, +26.640, +91.55885, +959.000, -116.000, +33.000
1649966340, +2.96, +26.673, +80.82609, +960.000, -119.000, +32.000
1649966460, +2.96, +26.714, +191.09853, +960.000, -119.000, +35.000
1649966580, +2.96, +26.739, +172.17221, +1027.000, -104.000, -45.000
1649966700, +2.96, +26.780, +257.70294, +961.000, -119.000, +36.000
1649966820, +2.96, +26.822, +245.08127, +959.000, -121.000, +38.000
1649966940, +2.96, +26.855, +188.32089, +960.000, -119.000, +35.000
1649967060, +2.96, +26.896, +126.85371, +958.000, -119.000, +33.000
1649967180, +2.96, +26.938, +136.70704, +960.000, -119.000, +39.000
1649967300, +2.96, +26.946, +144.88821, +960.000, -121.000, +35.000
1649967420, +2.96, +26.979, +133.79315, +960.000, -120.000, +35.000
1649967540, +2.96, +27.004, +137.27681, +959.000, -119.000, +35.000
1649967660, +2.96, +27.045, +135.79974, +959.000, -120.000, +35.000
1649967780, +2.96, +27.053, +114.38996, +960.000, -121.000, +35.000
1649967900, +2.96, +27.037, +97.83563, +960.000, -121.000, +35.000
1649968020, +2.96, +27.094, +81.66527, +960.000, -119.000, +33.000
1649968140, +2.95, +27.144, +72.67898, +960.000, -119.000, +33.000
1649968260, +2.95, +27.161, +80.98711, +959.000, -120.000, +35.000
1649968380, +2.96, +27.177, +122.14690, +958.000, -120.000, +39.000
1649968500, +2.96, +27.210, +133.67239, +959.000, -121.000, +35.000
1649968620, +2.96, +27.227, +136.14346, +960.000, -121.000, +38.000
1649968740, +2.95, +27.235, +144.81389, +960.000, -120.000, +35.000
1649968860, +2.95, +27.268, +70.79316, +960.000, -121.000, +35.000
1649968980, +2.95, +27.276, +51.83897, +960.000, -117.000, +38.000
1649969100, +2.96, +27.301, +71.20810, +960.000, -119.000, +31.000
1649969220, +2.95, +27.309, +74.48739, +960.000, -117.000, +38.000
1649969340, +2.96, +27.342, +70.45563, +1062.000, -136.000, -105.000
1649969460, +2.95, +27.342, +69.57930, +958.000, -121.000, +31.000
1649969580, +2.95, +27.375, +69.12101, +960.000, -120.000, +39.000
1649969700, +2.95, +27.391, +69.74961, +961.000, -120.000, +38.000
1649969820, +2.95, +27.416, +69.93231, +960.000, -121.000, +38.000
1649969940, +2.95, +27.424, +72.87407, +960.000, -120.000, +39.000
1649970060, +2.95, +27.424, +78.43863, +961.000, -121.000, +35.000
1649970180, +2.96, +27.466, +92.06979, +960.000, -119.000, +32.000
1649970300, +2.96, +27.499, +91.97070, +1064.000, -144.000, -109.000
1649970420, +2.96, +27.532, +133.06546, +960.000, -120.000, +36.000
1649970540, +2.96, +27.548, +170.19968, +1064.000, -143.000, -113.000
1649970660, +2.96, +27.548, +164.35953, +1064.000, -136.000, -121.000
1649970780, +2.96, +27.597, +149.81488, +1064.000, -135.000, -101.000
1649970900, +2.96, +27.622, +176.50433, +1063.000, -136.000, -101.000
1649971020, +2.96, +27.647, +188.07936, +1064.000, -141.000, -113.000
1649971140, +2.96, +27.672, +186.05419, +1063.000, -141.000, -97.000
1649971260, +2.96, +27.688, +207.30604, +1064.000, -138.000, -105.000
1649971380, +2.96, +27.688, +200.80632, +1064.000, -128.000, -121.000
1649971500, +2.96, +27.696, +205.65247, +1063.000, -137.000, -109.000
1649971620, +2.96, +27.721, +195.59786, +1064.000, -141.000, -113.000
1649971740, +2.95, +27.737, +180.50821, +1063.000, -136.000, -105.000
1649971860, +2.96, +27.737, +171.64579, +1063.000, -137.000, -113.000
1649971980, +2.96, +27.746, +161.17934, +1064.000, -135.000, -121.000
1649972100, +2.96, +27.754, +150.87391, +1062.000, -141.000, -113.000
1649972220, +2.96, +27.737, +152.08777, +1065.000, -128.000, -116.000
1649972340, +2.96, +27.737, +130.74611, +1063.000, -141.000, -109.000
1649972460, +2.96, +27.729, +171.41974, +1064.000, -137.000, -113.000
1649972580, +2.96, +27.729, +156.93392, +1063.000, -136.000, -113.000
1649972700, +2.96, +27.737, +149.97280, +1063.000, -138.000, -113.000
1649972820, +2.96, +27.737, +156.24648, +1062.000, -137.000, -111.000
1649972940, +2.96, +27.754, +150.51470, +1063.000, -141.000, -106.000
1649973060, +2.96, +27.737, +158.30880, +1065.000, -136.000, -123.000
1649973180, +2.96, +27.737, +170.87784, +1064.000, -136.000, -116.000
1649973300, +2.96, +27.754, +164.27282, +1062.000, -138.000, -105.000
1649973420, +2.96, +27.762, +150.76553, +1063.000, -140.000, -108.000
1649973540, +2.96, +27.754, +118.47745, +1067.000, -137.000, -119.000
1649973660, +2.96, +27.762, +121.14361, +1064.000, -141.000, -113.000
1649973780, +2.96, +27.754, +130.47671, +1062.000, -141.000, -105.000
1649973900, +2.96, +27.770, +150.31343, +1063.000, -138.000, -113.000
1649974020, +2.96, +27.770, +177.74915, +1062.000, -140.000, -113.000
1649974140, +2.96, +27.770, +164.16444, +1062.000, -138.000, -111.000
1649974260, +2.96, +27.770, +146.33741, +1063.000, -136.000, -125.000
1649974380, +2.96, +27.779, +134.23906, +1064.000, -136.000, -121.000
1649974500, +2.96, +27.770, +120.83395, +1062.000, -141.000, -113.000
1649974620, +2.96, +27.779, +122.80647, +1065.000, -136.000, -113.000
1649974740, +2.96, +27.762, +117.31623, +1063.000, -136.000, -121.000
1649974860, +2.96, +27.779, +143.46998, +1064.000, -137.000, -109.000
1649974980, +2.96, +27.795, +174.06422, +1064.000, -144.000, -113.000
1649975100, +2.96, +27.795, +209.61610, +1064.000, -144.000, -106.000
1649975220, +2.96, +27.787, +244.74683, +1064.000, -132.000, -117.000
1649975340, +2.95, +27.811, +234.77274, +1063.000, -141.000, -103.000
1649975460, +2.96, +27.795, +250.46003, +1064.000, -137.000, -99.000
1649975580, +2.96, +27.820, +231.40366, +1064.000, -128.000, -136.000
1649975700, +2.96, +27.811, +224.38989, +1064.000, -138.000, -105.000
1649975820, +2.95, +27.820, +207.89439, +1064.000, -144.000, -105.000
1649975940, +2.95, +27.828, +175.61251, +1063.000, -143.000, -105.000
1649976060, +2.96, +27.828, +168.54611, +1063.000, -141.000, -113.000
1649976180, +2.95, +27.836, +151.46535, +1064.000, -137.000, -113.000
1649976300, +2.95, +27.861, +162.97536, +1063.000, -138.000, -105.000
1649976420, +2.96, +27.869, +157.92173, +1063.000, -141.000, -114.000
1649976540, +2.96, +27.877, +179.82387, +1068.000, -128.000, -121.000
1649976660, +2.95, +27.861, +232.38837, +1064.000, -143.000, -121.000
1649976780, +2.96, +27.894, +162.80814, +1063.000, -136.000, -121.000
1649976900, +2.95, +27.927, +140.25882, +1062.000, -129.000, -125.000
1649977020, +2.96, +27.910, +108.59625, +1064.000, -134.000, -113.000
1649977140, +2.96, +27.943, +144.50733, +1064.000, -140.000, -114.000
1649977260, +2.95, +27.951, +329.92456, +1065.000, -136.000, -121.000
1649977380, +2.95, +27.951, +134.18023, +1068.000, -128.000, -122.000
1649977500, +2.96, +27.943, +110.73599, +1064.000, -136.000, -117.000
1649977620, +2.96, +27.959, +95.58751, +1064.000, -137.000, -113.000
1649977740, +2.96, +27.959, +83.78333, +1063.000, -136.000, -129.000
1649977860, +2.95, +27.959, +71.74381, +1068.000, -136.000, -136.000
1649977980, +2.96, +27.968, +62.06699, +1064.000, -136.000, -120.000
1649978100, +2.96, +27.968, +75.60835, +1064.000, -136.000, -121.000
1649978220, +2.95, +27.976, +72.64492, +1062.000, -143.000, -113.000
1649978340, +2.95, +27.984, +67.93811, +1063.000, -143.000, -117.000
1649978460, +2.95, +27.968, +68.04030, +1063.000, -136.000, -121.000
1649978580, +2.96, +27.968, +62.81327, +1063.000, -144.000, -106.000
1649978700, +2.96, +27.968, +66.46723, +1065.000, -144.000, -113.000
1649978820, +2.95, +27.968, +58.71029, +1063.000, -141.000, -109.000
1649978940, +2.95, +27.959, +58.40064, +1063.000, -141.000, -113.000
1649979060, +2.96, +27.959, +58.53069, +1062.000, -128.000, -136.000
1649979180, +2.95, +27.976, +61.36716, +1063.000, -136.000, -121.000
1649979300, +2.95, +27.959, +70.60737, +1064.000, -144.000, -115.000
1649979420, +2.95, +27.959, +89.23951, +1064.000, -132.000, -119.000
1649979540, +2.95, +27.968, +80.24703, +1063.000, -128.000, -133.000
1649979660, +2.95, +27.984, +86.34730, +1064.000, -128.000, -138.000
1649979780, +2.95, +27.976, +144.77673, +1064.000, -136.000, -121.000
1649979900, +2.96, +27.984, +108.45071, +1064.000, -137.000, -113.000
1649980020, +2.95, +28.000, +140.98652, +1063.000, -136.000, -121.000
1649980140, +2.95, +28.000, +126.36445, +1064.000, -136.000, -121.000
1649980260, +2.95, +28.009, +110.85057, +1064.000, -128.000, -152.000
1649980380, +2.95, +28.033, +109.39207, +1063.000, -137.000, -108.000
1649980500, +2.95, +28.042, +138.68885, +1063.000, -136.000, -129.000
1649980620, +2.95, +28.058, +174.00539, +1064.000, -136.000, -125.000
1649980740, +2.95, +28.058, +177.28467, +1064.000, -128.000, -144.000
1649980860, +2.95, +28.083, +167.44992, +1063.000, -124.000, -144.000
1649980980, +2.95, +28.083, +138.65169, +1068.000, -124.000, -144.000
1649981100, +2.95, +28.091, +95.40790, +1063.000, -128.000, -141.000
1649981220, +2.96, +28.115, +93.70169, +1063.000, -136.000, -132.000
1649981340, +2.95, +28.132, +70.77458, +1064.000, -128.000, -135.000
1649981460, +2.95, +28.140, +60.02324, +1064.000, -136.000, -127.000
1649981580, +2.95, +28.132, +51.83897, +1063.000, -128.000, -129.000
1649981700, +2.96, +28.132, +49.28429, +1064.000, -128.000, -144.000
1649981820, +2.95, +28.156, +47.99302, +1064.000, -128.000, -140.000
1649981940, +2.95, +28.115, +47.11978, +1064.000, -128.000, -141.000
1649982060, +2.95, +28.148, +57.31993, +1064.000, -128.000, -136.000
1649982180, +2.95, +28.148, +58.48424, +1064.000, -128.000, -136.000
1649982300, +2.95, +28.156, +62.56554, +1063.000, -144.000, -125.000
1649982420, +2.95, +28.132, +63.09196, +1064.000, -122.000, -144.000
1649982540, +2.95, +28.107, +65.24718, +1064.000, -128.000, -149.000
1649982660, +2.95, +28.132, +66.97817, +1065.000, -128.000, -127.000
1649982780, +2.95, +28.115, +65.83553, +1064.000, -128.000, -136.000
1649982900, +2.95, +28.091, +67.62536, +1063.000, -128.000, -136.000
1649983020, +2.95, +28.091, +81.61882, +1063.000, -138.000, -121.000
1649983140, +2.95, +28.066, +82.09879, +1063.000, -136.000, -125.000
1649983260, +2.95, +28.050, +88.08448, +1063.000, -136.000, -121.000
1649983380, +2.95, +28.042, +86.65077, +1063.000, -128.000, -121.000
1649983500, +2.95, +28.017, +90.56175, +1064.000, -128.000, -141.000
1649983620, +2.95, +28.033, +104.97944, +1064.000, -128.000, -138.000
1649983740, +2.95, +28.017, +98.30631, +1063.000, -136.000, -130.000
1649983860, +2.96, +28.000, +78.44482, +1062.000, -140.000, -121.000
1649983980, +2.96, +28.017, +59.31103, +1063.000, -136.000, -129.000
1649984100, +2.95, +28.025, +48.59685, +1063.000, -128.000, -132.000
1649984220, +2.96, +27.992, +43.61445, +1063.000, -128.000, -143.000
1649984340, +2.95, +28.009, +43.83121, +1063.000, -138.000, -136.000
1649984460, +2.95, +27.992, +44.29570, +1063.000, -136.000, -121.000
1649984580, +2.96, +27.984, +43.20880, +1064.000, -136.000, -125.000
1649984700, +2.95, +27.951, +41.56141, +1063.000, -128.000, -137.000
1649984820, +2.95, +27.968, +40.68198, +1063.000, -136.000, -114.000
1649984940, +2.96, +27.984, +40.89565, +1063.000, -128.000, -132.000
1649985060, +2.95, +27.968, +38.95719, +1063.000, -143.000, -113.000
1649985180, +2.95, +27.968, +33.02723, +1064.000, -136.000, -121.000
1649985300, +2.96, +27.943, +39.44645, +1062.000, -128.000, -135.000
1649985420, +2.95, +27.927, +46.98973, +1064.000, -141.000, -125.000
1649985540, +2.96, +27.959, +49.55370, +1063.000, -143.000, -121.000
1649985660, +2.95, +27.927, +40.44355, +1064.000, -140.000, -121.000
1649985780, +2.96, +27.927, +30.69550, +1064.000, -141.000, -109.000
1649985900, +2.96, +27.918, +30.98039, +1063.000, -144.000, -129.000
1649986020, +2.95, +27.910, +32.36146, +1064.000, -128.000, -132.000
1649986140, +2.95, +27.885, +35.39921, +1062.000, -135.000, -105.000
1649986260, +2.95, +27.894, +36.45824, +1062.000, -144.000, -109.000
1649986380, +2.96, +27.894, +34.30612, +1065.000, -136.000, -109.000
1649986500, +2.95, +27.844, +34.08007, +1064.000, -137.000, -109.000
1649986620, +2.96, +27.836, +36.90725, +1064.000, -136.000, -129.000
1649986740, +2.95, +27.820, +34.82015, +1064.000, -136.000, -114.000
1649986860, +2.95, +27.820, +33.98098, +1064.000, -138.000, -116.000
1649986980, +2.96, +27.787, +54.60113, +1062.000, -141.000, -105.000
1649987100, +2.95, +27.746, +80.64339, +1063.000, -145.000, -109.000
1649987220, +2.96, +27.729, +40.29491, +1063.000, -135.000, -105.000
1649987340, +2.96, +27.721, +38.61656, +1063.000, -136.000, -113.000
1649987460, +2.96, +27.688, +31.28695, +1065.000, -136.000, -115.000
1649987580, +2.95, +27.688, +27.41312, +960.000, -120.000, +35.000
1649987700, +2.96, +27.680, +26.64517, +1064.000, -136.000, -113.000
1649987820, +2.96, +27.663, +26.25191, +960.000, -120.000, +39.000
1649987940, +2.95, +27.639, +25.52111, +1064.000, -135.000, -105.000
1649988060, +2.96, +27.647, +26.05063, +1064.000, -136.000, -115.000
1649988180, +2.95, +27.647, +27.96122, +960.000, -119.000, +38.000
1649988300, +2.96, +27.647, +27.96741, +1064.000, -137.000, -105.000
1649988420, +2.96, +27.647, +26.86193, +1062.000, -133.000, -105.000
1649988540, +2.96, +27.630, +26.65136, +1062.000, -137.000, -97.000
1649988660, +2.96, +27.647, +23.85205, +958.000, -120.000, +35.000
1649988780, +2.95, +27.614, +26.22094, +1064.000, -136.000, -113.000
1649988900, +2.96, +27.622, +24.95134, +1065.000, -132.000, -109.000
1649989020, +2.96, +27.606, +23.66626, +1064.000, -141.000, -113.000
1649989140, +2.96, +27.597, +22.55768, +960.000, -120.000, +38.000
1649989260, +2.96, +27.589, +22.87973, +960.000, -119.000, +38.000
1649989380, +2.96, +27.581, +22.15822, +1064.000, -128.000, -109.000
1649989500, +2.96, +27.565, +20.60683, +960.000, -119.000, +39.000
1649989620, +2.96, +27.523, +19.74598, +958.000, -120.000, +35.000
1649989740, +2.96, +27.532, +18.68386, +960.000, -121.000, +35.000
1649989860, +2.96, +27.515, +17.04886, +960.000, -120.000, +38.000
1649989980, +2.95, +27.532, +14.78216, +960.000, -119.000, +35.000
1649990100, +2.96, +27.540, +12.36992, +1063.000, -143.000, -113.000
1649990220, +2.96, +27.532, +10.80305, +960.000, -119.000, +36.000
1649990340, +2.96, +27.523,  +9.33217, +1060.000, -133.000, -101.000
1649990460, +2.95, +27.515,  +8.56422, +1060.000, -135.000, -97.000
1649990580, +2.96, +27.507,  +7.74982, +959.000, -120.000, +39.000
1649990700, +2.96, +27.499,  +6.79298, +961.000, -120.000, +33.000
1649990820, +2.96, +27.490,  +5.59150, +960.000, -120.000, +39.000
1649990940, +2.95, +27.482,  +4.71207, +1062.000, -136.000, -101.000
1649991060, +2.95, +27.474,  +3.86361, +960.000, -121.000, +39.000
1649991180, +2.96, +27.490,  +3.16378, +960.000, -121.000, +38.000
1649991300, +2.96, +27.482,  +2.58162, +959.000, -120.000, +39.000
1649991420, +2.96, +27.466,  +2.02424, +961.000, -120.000, +38.000
1649991540, +2.96, +27.482,  +1.50091, +959.000, -116.000, +35.000
1649991660, +2.95, +27.457,  +0.98378, +1020.000, -106.000, -32.000
1649991780, +2.95, +27.441,  +0.88779, +960.000, -122.000, +39.000
1649991900, +2.95, +27.424,  +0.67722, +960.000, -121.000, +40.000
1649992020, +2.95, +27.408,  +0.43879, +1062.000, -141.000, -101.000
1649992140, +2.95, +27.408,  +0.36447, +1064.000, -137.000, -103.000
1649992260, +2.95, +27.400,  +0.33041, +960.000, -119.000, +38.000
1649992380, +2.95, +27.375,  +0.12603, +960.000, -121.000, +39.000
1649992500, +2.95, +27.359,  +0.10126, +961.000, -116.000, +38.000
1649992620, +2.95, +27.350,  +0.00526, +960.000, -121.000, +35.000
1649992740, +2.95, +27.342,  +0.03623, +1063.000, -141.000, -101.000
1649992860, +2.95, +27.317,  -0.00403, +1063.000, -135.000, -105.000
1649992980, +2.95, +27.309,  -0.05667, +961.000, -119.000, +39.000
1649993100, +2.95, +27.276,  -0.01641, +1064.000, -141.000, -101.000
1649993220, +2.95, +27.293,  +0.03313, +960.000, -121.000, +35.000
1649993340, +2.95, +27.268,  -0.04428, +960.000, -120.000, +36.000
1649993460, +2.95, +27.276,  +0.04862, +960.000, -119.000, +38.000
1649993580, +2.95, +27.268,  +0.02694, +1065.000, -141.000, -113.000
1649993700, +2.95, +27.227,  -0.02570, +1062.000, -136.000, -109.000
1649993820, +2.95, +27.243,  -0.08763, +1065.000, -137.000, -101.000
1649993940, +2.95, +27.218,  -0.05667, +960.000, -121.000, +35.000
1649994060, +2.96, +27.210,  -0.09692, +960.000, -119.000, +35.000
1649994180, +2.95, +27.210,  -0.02880, +960.000, -119.000, +38.000
1649994300, +2.95, +27.210,  -0.06596, +960.000, -119.000, +39.000
1649994420, +2.95, +27.210,  +0.00217, +959.000, -116.000, +38.000
1649994540, +2.95, +27.210,  -0.02261, +960.000, -119.000, +38.000
1649994660, +2.95, +27.202,  -0.04118, +1063.000, -137.000, -97.000
1649994780, +2.95, +27.194,  +0.02384, +960.000, -116.000, +36.000
1649994900, +2.95, +27.202,  -0.04118, +960.000, -116.000, +35.000
1649995020, +2.95, +27.194,  -0.07525, +961.000, -121.000, +35.000
1649995140, +2.95, +27.210,  -0.05667, +960.000, -121.000, +35.000
1649995260, +2.95, +27.194,  -0.00403, +1024.000, -104.000, -40.000
1649995380, +2.95, +27.152,  -0.02570, +958.000, -119.000, +38.000
1649995500, +2.95, +27.169,  +0.07958, +961.000, -121.000, +38.000
1649995620, +2.95, +27.185,  -0.00712, +960.000, -120.000, +39.000
1649995740, +2.95, +27.177,  +0.03313, +960.000, -116.000, +35.000
1649995860, +2.95, +27.169,  -0.05047, +1064.000, -135.000, -97.000
1649995980, +2.95, +27.144,  -0.01641, +960.000, -119.000, +35.000
1649996100, +2.95, +27.136,  -0.00712, +960.000, -121.000, +38.000
1649996220, +2.95, +27.152,  -0.00403, +959.000, -116.000, +35.000
1649996340, +2.95, +27.161,  -0.08763, +960.000, -119.000, +38.000
1649996460, +2.96, +27.152,  -0.00093, +960.000, -120.000, +35.000
1649996580, +2.95, +27.161,  -0.01951, +960.000, -119.000, +35.000
1649996700, +2.95, +27.144,  -0.05976, +960.000, -121.000, +38.000
1649996820, +2.95, +27.144,  -0.01951, +960.000, -119.000, +35.000
1649996940, +2.95, +27.152,  +0.03313, +960.000, -116.000, +39.000
1649997060, +2.95, +27.152,  -0.04428, +960.000, -121.000, +35.000
1649997180, +2.95, +27.169,  -0.00403, +960.000, -116.000, +39.000
1649997300, +2.95, +27.152,  -0.08454, +1064.000, -137.000, -97.000
1649997420, +2.95, +27.169,  +0.07339, +960.000, -119.000, +39.000
1649997540, +2.95, +27.169,  +0.00836, +960.000, -119.000, +38.000
1649997660, +2.95, +27.161,  +0.02694, +1063.000, -135.000, -113.000
1649997780, +2.95, +27.169,  -0.01951, +1063.000, -137.000, -101.000
1649997900, +2.95, +27.194,  -0.00403, +959.000, -120.000, +36.000
1649998020, +2.96, +27.177,  -0.11241, +960.000, -119.000, +39.000
1649998140, +2.95, +27.169,  -0.11550, +963.000, -120.000, +36.000
1649998260, +2.95, +27.194,  +0.00217, +960.000, -119.000, +39.000
1649998380, +2.95, +27.202,  -0.06905, +960.000, -119.000, +35.000
1649998500, +2.95, +27.202,  +0.01765, +960.000, -120.000, +39.000
1649998620, +2.95, +27.185,  -0.01022, +960.000, -117.000, +35.000
1649998740, +2.95, +27.218,  -0.00403, +961.000, -120.000, +35.000
1649998860, +2.95, +27.218,  -0.06596, +960.000, -119.000, +39.000
1649998980, +2.95, +27.210,  -0.00712, +961.000, -121.000, +39.000
1649999100, +2.95, +27.218,  -0.04118, +1063.000, -133.000, -97.000
1649999220, +2.95, +27.227,  -0.04738, +960.000, -116.000, +38.000
1649999340, +2.95, +27.202,  -0.04118, +960.000, -121.000, +35.000
1649999460, +2.95, +27.227,  -0.03499, +960.000, -121.000, +35.000
1649999580, +2.95, +27.210,  -0.01951, +1065.000, -133.000, -101.000
1649999700, +2.95, +27.210,  -0.00712, +960.000, -121.000, +38.000
1649999820, +2.95, +27.218,  -0.00712, +961.000, -116.000, +38.000
1649999940, +2.95, +27.218,  -0.04118, +1063.000, -135.000, -97.000
1650000060, +2.95, +27.194,  -0.05047, +960.000, -120.000, +35.000
1650000180, +2.95, +27.227,  -0.01022, +960.000, -120.000, +38.000
1650000300, +2.95, +27.202,  -0.00712, +960.000, -120.000, +38.000
1650000420, +2.95, +27.243,  -0.01951, +960.000, -120.000, +38.000
1650000540, +2.95, +27.243,  -0.08144, +959.000, -116.000, +38.000
1650000660, +2.95, +27.235,  -0.02570, +960.000, -120.000, +39.000
1650000780, +2.95, +27.243,  -0.04738, +960.000, -119.000, +38.000
1650000900, +2.95, +27.243,  -0.00712, +960.000, -120.000, +38.000
1650001020, +2.95, +27.243,  -0.04738, +960.000, -117.000, +36.000
1650001140, +2.95, +27.243,  +0.02694, +960.000, -119.000, +38.000
1650001260, +2.95, +27.243,  +0.00217, +961.000, -116.000, +38.000
1650001380, +2.95, +27.243,  -0.01022, +1063.000, -136.000, -109.000
1650001500, +2.95, +27.243,  -0.02570, +1063.000, -141.000, -105.000
1650001620, +2.95, +27.260,  +0.03623, +960.000, -121.000, +36.000
1650001740, +2.95, +27.251,  -0.05047, +960.000, -120.000, +38.000
1650001860, +2.95, +27.251,  -0.02570, +960.000, -121.000, +39.000
1650001980, +2.95, +27.251,  +0.01146, +958.000, -120.000, +35.000
1650002100, +2.95, +27.260,  +0.02384, +960.000, -120.000, +35.000
1650002220, +2.95, +27.243,  +0.04242, +960.000, -120.000, +36.000
1650002340, +2.95, +27.243,  -0.01951, +960.000, -119.000, +38.000
1650002460, +2.95, +27.243,  -0.04738, +959.000, -117.000, +35.000
1650002580, +2.95, +27.243,  +0.01765, +1063.000, -143.000, -114.000
