7530-428102
OS REV: 1.05 Sensor Cal: 1572940800
Time (sec),  Bat (Volts),   T (deg C),  PAR (umol/(s m^2))  Ax (g), Ay (g), Az (g)
1642388760, +3.13, +30.054, +36.69978, +1107.000,  +0.000, +316.000
1642388880, +3.13, +30.038, +32.58752, +1103.000,  +0.000, +320.000
1642389000, +3.13, +30.021, +28.87162, +1104.000, -16.000, +335.000
1642389120, +3.13, +29.989, +24.45279, +1103.000,  +0.000, +320.000
1642389240, +3.13, +29.989, +21.77115, +1104.000, -12.000, +320.000
1642389360, +3.13, +29.981, +19.01209, +1104.000,  +0.000, +316.000
1642389480, +3.13, +29.957, +16.24375, +1104.000,  -8.000, +316.000
1642389600, +3.13, +29.949, +14.06375, +1104.000,  +0.000, +316.000
1642389720, +3.13, +29.916, +11.97666, +1104.000, -16.000, +324.000
1642389840, +3.13, +29.916, +10.34476, +1102.000,  -8.000, +316.000
1642389960, +3.13, +29.908,  +8.25147, +1103.000,  +0.000, +312.000
1642390080, +3.13, +29.884,  +6.73414, +1104.000, -16.000, +326.000
1642390200, +3.13, +29.868,  +5.63176, +1103.000,  -8.000, +320.000
1642390320, +3.13, +29.844,  +4.34977, +1104.000, -16.000, +327.000
1642390440, +3.13, +29.836,  +3.28145, +1103.000, -16.000, +326.000
1642390560, +3.13, +29.811,  +2.53517, +1104.000,  +0.000, +316.000
1642390680, +3.13, +29.795,  +1.85702, +1103.000, -16.000, +324.000
1642390800, +3.14, +29.779,  +1.35537, +1103.000, -16.000, +331.000
1642390920, +3.13, +29.755,  +1.08597, +1103.000, -16.000, +328.000
1642391040, +3.13, +29.738,  +0.70819, +1104.000,  -8.000, +320.000
1642391160, +3.13, +29.738,  +0.46975, +1104.000, -17.000, +331.000
1642391280, +3.13, +29.722,  +0.32112, +1102.000, -16.000, +328.000
1642391400, +3.13, +29.690,  +0.15390, +1103.000, -16.000, +327.000
1642391520, +3.13, +29.682,  +0.06100, +1103.000,  -8.000, +327.000
1642391640, +3.13, +29.666,  +0.15390, +1103.000,  +0.000, +321.000
1642391760, +3.13, +29.641,  +0.00217, +1104.000,  -8.000, +328.000
1642391880, +3.13, +29.625,  +0.04552, +1103.000, -16.000, +326.000
1642392000, +3.13, +29.641,  -0.06905, +1105.000, -16.000, +331.000
1642392120, +3.13, +29.601,  +0.02384, +1107.000, -17.000, +329.000
1642392240, +3.13, +29.601,  -0.07525, +1104.000, -16.000, +326.000
1642392360, +3.13, +29.560,  -0.01022, +1104.000, -16.000, +328.000
1642392480, +3.13, +29.568,  -0.09692, +1104.000,  -8.000, +327.000
1642392600, +3.13, +29.552,  +0.09507, +1104.000,  -8.000, +320.000
1642392720, +3.13, +29.536,  -0.02880, +1102.000,  -8.000, +320.000
1642392840, +3.13, +29.520,  -0.05976, +1103.000, -16.000, +328.000
1642392960, +3.13, +29.511,  -0.11241, +1104.000, -16.000, +327.000
1642393080, +3.13, +29.495,  -0.08763, +1104.000, -16.000, +334.000
1642393200, +3.13, +29.471,  -0.12789, +1104.000, -16.000, +328.000
1642393320, +3.13, +29.455,  +0.03623, +1103.000, -16.000, +328.000
1642393440, +3.13, +29.430,  -0.11550, +1104.000, -16.000, +327.000
1642393560, +3.13, +29.438,  -0.05667, +1103.000, -16.000, +328.000
1642393680, +3.13, +29.430,  -0.07525, +1104.000, -16.000, +343.000
1642393800, +3.13, +29.422,  -0.03189, +1104.000, -18.000, +332.000
1642393920, +3.13, +29.414,  +0.10126, +1104.000, -16.000, +335.000
1642394040, +3.13, +29.382,  +0.00217, +1103.000, -32.000, +350.000
1642394160, +3.13, +29.390,  -0.00403, +1103.000, -28.000, +343.000
1642394280, +3.13, +29.365,  -0.02261, +1104.000, -15.000, +343.000
1642394400, +3.13, +29.365,  -0.18053, +1103.000, -18.000, +332.000
1642394520, +3.13, +29.341,  -0.04428, +1103.000, -16.000, +327.000
1642394640, +3.13, +29.349,  -0.07525, +1103.000, -24.000, +337.000
1642394760, +3.13, +29.333,  +0.05791, +1104.000, -24.000, +348.000
1642394880, +3.13, +29.325,  -0.08454, +1103.000, -16.000, +337.000
1642395000, +3.13, +29.317,  -0.07525, +1102.000, -16.000, +335.000
1642395120, +3.13, +29.308,  +0.02694, +1103.000, -16.000, +327.000
1642395240, +3.13, +29.300,  -0.11550, +1103.000, -24.000, +349.000
1642395360, +3.13, +29.276,  +0.02384, +1103.000, -16.000, +336.000
1642395480, +3.13, +29.284,  +0.03623, +1104.000, -15.000, +331.000
1642395600, +3.13, +29.251,  +0.00836, +1103.000, -16.000, +339.000
1642395720, +3.13, +29.243,  -0.01022, +1103.000, -16.000, +341.000
1642395840, +3.13, +29.227,  +0.00217, +1103.000, -20.000, +348.000
1642395960, +3.13, +29.243,  -0.03189, +1104.000, -16.000, +334.000
1642396080, +3.13, +29.251,  -0.03809, +1102.000, -24.000, +350.000
1642396200, +3.13, +29.243,  +0.02075, +1104.000, -28.000, +351.000
1642396320, +3.13, +29.227,  -0.02880, +1103.000, -20.000, +343.000
1642396440, +3.13, +29.235,  +0.00217, +1103.000, -20.000, +343.000
1642396560, +3.13, +29.227,  +0.02694, +1104.000, -16.000, +339.000
1642396680, +3.13, +29.235,  -0.02570, +1103.000, -25.000, +351.000
1642396800, +3.13, +29.235,  +0.06410, +1102.000, -24.000, +351.000
1642396920, +3.13, +29.227,  +0.05481, +1104.000, -18.000, +335.000
1642397040, +3.13, +29.235,  -0.00712, +1103.000, -25.000, +350.000
1642397160, +3.13, +29.251,  -0.09383, +1104.000, -15.000, +339.000
1642397280, +3.13, +29.235,  -0.02261, +1104.000, -21.000, +349.000
1642397400, +3.13, +29.268,  -0.01951, +1107.000, -16.000, +343.000
1642397520, +3.13, +29.276,  +0.01146, +1104.000, -16.000, +339.000
1642397640, +3.13, +29.284,  +0.03004, +1102.000, -16.000, +347.000
1642397760, +3.13, +29.284,  +0.07029, +1103.000, -16.000, +343.000
1642397880, +3.13, +29.260,  -0.00712, +1102.000, -24.000, +345.000
1642398000, +3.13, +29.284,  -0.01022, +1104.000, -16.000, +337.000
1642398120, +3.13, +29.268,  -0.05667, +1103.000, -16.000, +327.000
1642398240, +3.13, +29.268,  +0.02694, +1103.000, -24.000, +351.000
1642398360, +3.13, +29.284,  -0.02261, +1103.000, -24.000, +347.000
1642398480, +3.13, +29.251,  +0.07339, +1102.000, -16.000, +343.000
1642398600, +3.13, +29.260,  -0.07525, +1103.000, -16.000, +345.000
1642398720, +3.13, +29.243,  -0.02261, +1102.000, -24.000, +348.000
1642398840, +3.13, +29.235,  -0.03499, +1103.000, -16.000, +337.000
1642398960, +3.13, +29.227,  -0.05667, +1103.000, -20.000, +347.000
1642399080, +3.13, +29.211,  +0.01146, +1103.000, -16.000, +339.000
1642399200, +3.13, +29.227,  +0.03313, +1102.000, -24.000, +351.000
1642399320, +3.13, +29.235,  -0.13408, +1100.000, -25.000, +351.000
1642399440, +3.13, +29.211,  -0.02880, +1102.000, -31.000, +350.000
1642399560, +3.13, +29.211,  -0.09383, +1104.000, -17.000, +335.000
1642399680, +3.13, +29.227,  -0.05047, +1103.000, -26.000, +351.000
1642399800, +3.13, +29.219,  -0.20221, +1103.000, -16.000, +335.000
1642399920, +3.13, +29.227,  +0.00836, +1103.000, -16.000, +344.000
1642400040, +3.13, +29.235,  -0.05976, +1104.000, -16.000, +327.000
1642400160, +3.13, +29.235,  +0.12293, +1103.000, -25.000, +350.000
1642400280, +3.13, +29.227,  -0.01641, +1102.000, -24.000, +345.000
1642400400, +3.13, +29.219,  -0.12479, +1102.000, -31.000, +351.000
1642400520, +3.13, +29.227,  -0.08144, +1104.000, -16.000, +342.000
1642400640, +3.13, +29.227,  +0.10435, +1104.000, -29.000, +351.000
1642400760, +3.13, +29.219,  +0.00836, +1103.000, -29.000, +351.000
1642400880, +3.13, +29.203,  -0.06905, +1102.000, -24.000, +348.000
1642401000, +3.13, +29.211,  -0.04738, +1102.000, -32.000, +351.000
1642401120, +3.13, +29.203,  -0.07215, +1104.000, -13.000, +339.000
1642401240, +3.13, +29.219,  -0.01332, +1103.000, -24.000, +347.000
1642401360, +3.13, +29.186,  -0.03189, +1103.000, -25.000, +351.000
1642401480, +3.13, +29.194,  -0.05357, +1102.000, -24.000, +353.000
1642401600, +3.13, +29.219,  -0.02880, +1104.000, -16.000, +340.000
1642401720, +3.13, +29.235,  -0.00093, +1102.000, -24.000, +344.000
1642401840, +3.13, +29.219,  +0.07649, +1103.000, -26.000, +351.000
1642401960, +3.13, +29.243,  +0.00836, +1104.000, -25.000, +348.000
1642402080, +3.13, +29.235,  -0.09383, +1104.000, -28.000, +351.000
1642402200, +3.13, +29.235,  +0.03313, +1102.000, -31.000, +351.000
1642402320, +3.13, +29.243,  -0.01951, +1104.000, -32.000, +351.000
1642402440, +3.13, +29.251,  -0.06905, +1103.000, -31.000, +351.000
1642402560, +3.13, +29.243,  -0.09073, +1100.000, -25.000, +351.000
1642402680, +3.13, +29.235,  -0.04118, +1104.000, -16.000, +335.000
1642402800, +3.13, +29.227,  -0.08454, +1102.000, -16.000, +345.000
1642402920, +3.13, +29.227,  +0.05481, +1102.000, -32.000, +351.000
1642403040, +3.13, +29.211,  -0.01641, +1103.000, -16.000, +331.000
1642403160, +3.13, +29.211,  +0.01455, +1103.000, -25.000, +355.000
1642403280, +3.13, +29.211,  -0.12479, +1102.000, -29.000, +351.000
1642403400, +3.13, +29.211,  -0.05047, +1103.000, -29.000, +351.000
1642403520, +3.13, +29.186,  -0.10002, +1103.000, -23.000, +347.000
1642403640, +3.13, +29.203,  +0.06100, +1103.000, -32.000, +351.000
1642403760, +3.13, +29.186,  -0.05357, +1102.000, -20.000, +351.000
1642403880, +3.13, +29.203,  -0.13099, +1107.000, -24.000, +344.000
1642404000, +3.13, +29.170,  -0.00403, +1103.000, -31.000, +353.000
1642404120, +3.13, +29.154,  +0.12603, +1100.000, -20.000, +344.000
1642404240, +3.13, +29.162,  -0.00093, +1102.000, -29.000, +351.000
1642404360, +3.13, +29.162,  -0.02570, +1103.000, -26.000, +350.000
1642404480, +3.13, +29.146,  +0.08887, +1103.000, -31.000, +348.000
1642404600, +3.13, +29.137,  -0.05047, +1104.000, -25.000, +351.000
1642404720, +3.13, +29.137,  -0.13099, +1102.000, -29.000, +351.000
1642404840, +3.13, +29.129,  -0.01641, +1103.000, -23.000, +347.000
1642404960, +3.13, +29.121,  -0.09383, +1103.000, -31.000, +351.000
1642405080, +3.13, +29.121,  -0.13099, +1103.000, -25.000, +351.000
1642405200, +3.13, +29.113,  -0.08454, +1103.000, -13.000, +343.000
1642405320, +3.13, +29.097,  -0.16195, +1105.000, -29.000, +351.000
1642405440, +3.13, +29.080,  +0.03933, +1104.000, -26.000, +351.000
1642405560, +3.13, +29.072,  -0.07834, +1103.000, -24.000, +355.000
1642405680, +3.13, +29.064,  -0.14956, +1102.000, -25.000, +351.000
1642405800, +3.13, +29.023,  -0.10931, +1103.000, -24.000, +348.000
1642405920, +3.13, +29.023,  +0.00217, +1104.000, -29.000, +355.000
1642406040, +3.13, +29.023,  +0.14151, +1103.000, -24.000, +351.000
1642406160, +3.13, +29.015,  -0.00403, +995.000, -16.000, +460.000
1642406280, +3.13, +28.999,  -0.05976, +1104.000, -26.000, +353.000
1642406400, +3.13, +28.999,  +0.02075, +1102.000, -29.000, +355.000
1642406520, +3.13, +28.966,  -0.01951, +998.000, -16.000, +460.000
1642406640, +3.13, +28.966,  -0.12479, +999.000, -16.000, +463.000
1642406760, +3.13, +28.958,  -0.15576, +1103.000, -32.000, +353.000
1642406880, +3.13, +28.950,  -0.02880, +1100.000, -26.000, +351.000
1642407000, +3.13, +28.934,  +0.03313, +1103.000, -25.000, +359.000
1642407120, +3.13, +28.942,  -0.08454, +1102.000, -26.000, +349.000
1642407240, +3.13, +28.909,  -0.04428, +1103.000, -25.000, +351.000
1642407360, +3.13, +28.868,  -0.03809, +992.000, -15.000, +460.000
1642407480, +3.13, +28.877,  -0.11860, +995.000, -16.000, +460.000
1642407600, +3.13, +28.868,  -0.05357, +995.000, -16.000, +462.000
1642407720, +3.13, +28.844,  -0.00712, +999.000, -16.000, +460.000
1642407840, +3.13, +28.819,  +0.03933, +993.000, -16.000, +462.000
1642407960, +3.13, +28.819,  +0.03933, +1102.000, -25.000, +351.000
1642408080, +3.13, +28.787,  -0.00403, +1103.000, -25.000, +351.000
1642408200, +3.13, +28.795,  +0.03933, +995.000, -13.000, +462.000
1642408320, +3.13, +28.770,  -0.04738, +995.000, -15.000, +460.000
1642408440, +3.13, +28.754,  +0.07339, +995.000, -16.000, +460.000
1642408560, +3.13, +28.730,  +0.01455, +998.000, -16.000, +463.000
1642408680, +3.13, +28.689,  -0.07834, +995.000, -16.000, +462.000
1642408800, +3.13, +28.656,  +0.03313, +1103.000, -27.000, +359.000
1642408920, +3.13, +28.656,  -0.00093, +995.000, -15.000, +460.000
1642409040, +3.13, +28.632,  -0.04118, +995.000, -15.000, +462.000
1642409160, +3.13, +28.648,  -0.08454, +998.000, -15.000, +457.000
1642409280, +3.13, +28.648,  -0.10931, +995.000, -16.000, +462.000
1642409400, +3.13, +28.656,  -0.01022, +996.000, -15.000, +460.000
1642409520, +3.13, +28.648,  +0.06720, +995.000, -15.000, +460.000
1642409640, +3.13, +28.640,  -0.04738, +999.000, -16.000, +457.000
1642409760, +3.13, +28.648,  +0.02694, +996.000, -16.000, +460.000
1642409880, +3.13, +28.623,  -0.03809, +995.000, -16.000, +460.000
1642410000, +3.13, +28.648,  -0.08454, +995.000, -13.000, +460.000
1642410120, +3.13, +28.656,  -0.08454, +1104.000, -25.000, +359.000
1642410240, +3.13, +28.648,  -0.01332, +995.000, -16.000, +463.000
1642410360, +3.13, +28.640,  -0.04738, +998.000, -15.000, +460.000
1642410480, +3.13, +28.623,  -0.04738, +1100.000, -23.000, +359.000
1642410600, +3.13, +28.640,  +0.16009, +998.000, -16.000, +460.000
1642410720, +3.13, +28.640,  -0.05976, +995.000, -16.000, +463.000
1642410840, +3.13, +28.656,  -0.01951, +998.000, -16.000, +460.000
1642410960, +3.13, +28.656,  -0.05667, +993.000, -15.000, +460.000
1642411080, +3.13, +28.664,  -0.07525, +998.000, -16.000, +462.000
1642411200, +3.13, +28.664,  -0.04118, +998.000, -16.000, +463.000
1642411320, +3.13, +28.689,  -0.01951, +1103.000, -25.000, +355.000
1642411440, +3.13, +28.672,  +0.04242, +998.000, -16.000, +460.000
1642411560, +3.13, +28.664,  +0.02384, +998.000, -16.000, +460.000
1642411680, +3.13, +28.664,  +0.06100, +995.000, -15.000, +463.000
1642411800, +3.13, +28.656,  +0.11674, +998.000, -16.000, +460.000
1642411920, +3.13, +28.648,  -0.02261, +998.000, -16.000, +460.000
1642412040, +3.13, +28.656,  -0.01332, +993.000, -15.000, +460.000
1642412160, +3.13, +28.648,  -0.00093, +998.000, -16.000, +460.000
1642412280, +3.13, +28.648,  -0.12170, +998.000, -15.000, +462.000
1642412400, +3.13, +28.632,  +0.03933, +998.000, -15.000, +460.000
1642412520, +3.13, +28.615,  +0.02075, +998.000, -16.000, +462.000
1642412640, +3.13, +28.615,  -0.02570, +995.000, -16.000, +463.000
1642412760, +3.13, +28.599,  -0.10002, +995.000, -13.000, +460.000
1642412880, +3.13, +28.599,  -0.05667, +995.000, -13.000, +460.000
1642413000, +3.13, +28.558,  -0.01641, +998.000, -15.000, +459.000
1642413120, +3.13, +28.566,  -0.03809, +995.000, -15.000, +460.000
1642413240, +3.13, +28.558,  -0.05357, +998.000, -15.000, +463.000
1642413360, +3.13, +28.550,  +0.07029, +995.000, -15.000, +463.000
1642413480, +3.13, +28.525,  -0.03189, +995.000, -15.000, +462.000
1642413600, +3.13, +28.533,  -0.03809, +995.000, -15.000, +460.000
1642413720, +3.13, +28.517,  +0.05171, +998.000, -16.000, +460.000
1642413840, +3.13, +28.509,  +0.02694, +1063.000,  +7.000, +416.000
1642413960, +3.13, +28.492,  +0.03313, +995.000, -13.000, +460.000
1642414080, +3.13, +28.492,  +0.03313, +995.000, -15.000, +460.000
1642414200, +3.13, +28.517,  -0.18363, +995.000, -15.000, +462.000
1642414320, +3.13, +28.517,  -0.02570, +998.000, -13.000, +462.000
1642414440, +3.13, +28.501,  -0.01022, +998.000, -13.000, +462.000
1642414560, +3.13, +28.492,  -0.02880, +995.000, -13.000, +460.000
1642414680, +3.13, +28.484,  +0.00836, +1063.000,  +8.000, +416.000
1642414800, +3.13, +28.468,  -0.09692, +995.000, -16.000, +463.000
1642414920, +3.13, +28.443,  -0.04118, +995.000, -13.000, +460.000
1642415040, +3.13, +28.443,  +0.06100, +996.000, -13.000, +460.000
1642415160, +3.13, +28.452,  -0.04428, +995.000, -16.000, +460.000
1642415280, +3.13, +28.443,  -0.14028, +998.000, -13.000, +455.000
1642415400, +3.13, +28.443,  -0.05976, +995.000, -13.000, +457.000
1642415520, +3.13, +28.435,  -0.00712, +999.000, -16.000, +462.000
1642415640, +3.13, +28.443,  -0.14337, +995.000, -15.000, +462.000
1642415760, +3.13, +28.435,  +0.00526, +998.000, -13.000, +462.000
1642415880, +3.13, +28.435,  -0.04118, +995.000, -16.000, +460.000
1642416000, +3.13, +28.443,  +0.06100, +998.000, -13.000, +457.000
1642416120, +3.13, +28.443,  -0.03189, +998.000, -15.000, +457.000
1642416240, +3.13, +28.435,  +0.12603, +995.000, -13.000, +460.000
1642416360, +3.13, +28.419,  -0.03189, +1065.000,  +8.000, +412.000
1642416480, +3.13, +28.419,  -0.09383, +995.000, -13.000, +457.000
1642416600, +3.13, +28.443,  -0.00712, +998.000, -13.000, +460.000
1642416720, +3.13, +28.443,  -0.04738, +998.000, -13.000, +460.000
1642416840, +3.13, +28.443,  -0.03189, +995.000, -16.000, +462.000
1642416960, +3.13, +28.427,  +0.05481, +1065.000,  +8.000, +400.000
1642417080, +3.13, +28.435,  -0.00403, +995.000, -15.000, +460.000
1642417200, +3.13, +28.435,  -0.05047, +999.000, -16.000, +460.000
1642417320, +3.13, +28.427,  +0.02075, +998.000, -13.000, +462.000
1642417440, +3.13, +28.435,  +0.03933, +995.000, -16.000, +462.000
1642417560, +3.13, +28.452,  +0.00217, +996.000, -16.000, +460.000
1642417680, +3.13, +28.452,  -0.14956, +998.000, -15.000, +460.000
1642417800, +3.13, +28.443,  -0.02261, +995.000, -15.000, +460.000
1642417920, +3.13, +28.435,  +0.03004, +995.000, -15.000, +462.000
1642418040, +3.13, +28.452,  +0.04552, +995.000, -13.000, +460.000
1642418160, +3.13, +28.452,  +0.05171, +999.000, -13.000, +460.000
1642418280, +3.13, +28.443,  -0.01022, +995.000, -16.000, +460.000
1642418400, +3.13, +28.460,  -0.03499, +996.000, -13.000, +457.000
1642418520, +3.13, +28.435,  -0.04428, +995.000, -16.000, +462.000
1642418640, +3.13, +28.460,  -0.05667, +995.000, -15.000, +462.000
1642418760, +3.13, +28.452,  -0.08763, +995.000, -16.000, +460.000
1642418880, +3.13, +28.452,  -0.01022, +1063.000,  +6.000, +414.000
1642419000, +3.13, +28.460,  +0.06410, +999.000, -15.000, +460.000
1642419120, +3.13, +28.460,  +0.07029, +998.000, -16.000, +462.000
1642419240, +3.13, +28.460,  -0.02880, +998.000, -16.000, +462.000
1642419360, +3.13, +28.452,  -0.04118, +998.000, -15.000, +460.000
1642419480, +3.13, +28.460,  +0.02694, +995.000, -13.000, +463.000
1642419600, +3.13, +28.460,  -0.10931, +995.000, -13.000, +460.000
1642419720, +3.13, +28.452,  +0.02384, +995.000, -15.000, +460.000
1642419840, +3.13, +28.443,  -0.01641, +995.000, -15.000, +462.000
1642419960, +3.13, +28.427,  +0.08578, +995.000, -13.000, +457.000
1642420080, +3.13, +28.386,  +0.01146, +995.000, -16.000, +460.000
1642420200, +3.13, +28.419,  -0.07525, +995.000, -15.000, +460.000
1642420320, +3.13, +28.394,  +0.10126, +998.000, -15.000, +460.000
1642420440, +3.13, +28.394,  -0.01332, +995.000, -13.000, +460.000
1642420560, +3.13, +28.386,  -0.10621, +995.000, -15.000, +460.000
1642420680, +3.13, +28.419,  -0.11860, +998.000, -16.000, +460.000
1642420800, +3.13, +28.402,  -0.01641, +995.000, -16.000, +460.000
1642420920, +3.13, +28.386,  -0.12789, +995.000, -16.000, +457.000
1642421040, +3.13, +28.402,  -0.04428, +1064.000,  +8.000, +408.000
1642421160, +3.13, +28.411,  +0.04552, +995.000, -16.000, +460.000
1642421280, +3.13, +28.394,  +0.13532, +995.000, -16.000, +460.000
1642421400, +3.13, +28.402,  +0.01455, +995.000, -13.000, +460.000
1642421520, +3.13, +28.402,  -0.08144, +995.000, -16.000, +460.000
1642421640, +3.13, +28.386,  -0.02261, +998.000, -16.000, +460.000
1642421760, +3.13, +28.378,  -0.02880, +1064.000,  +8.000, +412.000
1642421880, +3.13, +28.370,  -0.06596, +995.000, -15.000, +455.000
1642422000, +3.13, +28.361,  +0.07649, +1103.000, +20.000, +307.000
1642422120, +3.13, +28.345,  -0.07215, +995.000, -13.000, +457.000
1642422240, +3.13, +28.353,  +0.01146, +995.000, -13.000, +456.000
1642422360, +3.13, +28.337,  -0.00712, +1064.000,  +8.000, +408.000
1642422480, +3.13, +28.337,  +0.00217, +993.000, -15.000, +460.000
1642422600, +3.13, +28.337,  +0.07339, +1065.000, +12.000, +406.000
1642422720, +3.13, +28.329,  -0.06286, +995.000, -16.000, +460.000
1642422840, +3.13, +28.329,  -0.10002, +1068.000,  +8.000, +403.000
1642422960, +3.13, +28.329,  -0.07834, +1068.000, +12.000, +404.000
1642423080, +3.13, +28.320,  +0.07339, +1065.000,  +8.000, +406.000
1642423200, +3.13, +28.320,  -0.08144, +995.000, -13.000, +460.000
1642423320, +3.13, +28.320,  -0.08763, +995.000, -13.000, +460.000
1642423440, +3.13, +28.304,  -0.01951, +1068.000,  +9.000, +403.000
1642423560, +3.13, +28.304,  -0.04738, +1070.000,  +8.000, +400.000
1642423680, +3.13, +28.288,  -0.01332, +1071.000,  +8.000, +398.000
1642423800, +3.13, +28.279,  -0.10621, +1068.000, +12.000, +398.000
1642423920, +3.13, +28.279,  -0.11241, +1068.000,  +8.000, +406.000
1642424040, +3.13, +28.296,  -0.05357, +1070.000, +10.000, +403.000
1642424160, +3.13, +28.263,  -0.09692, +1068.000, +12.000, +400.000
1642424280, +3.13, +28.271,  -0.14956, +1068.000,  +8.000, +400.000
1642424400, +3.13, +28.263,  +0.02075, +1068.000,  +8.000, +403.000
1642424520, +3.13, +28.263,  -0.07834, +1070.000,  +8.000, +400.000
1642424640, +3.13, +28.222,  +0.02694, +995.000, -13.000, +456.000
1642424760, +3.13, +28.238,  -0.06596, +1070.000, +12.000, +403.000
1642424880, +3.13, +28.214,  +0.01765, +1068.000,  +8.000, +408.000
1642425000, +3.13, +28.238,  +0.19416, +1065.000,  +8.000, +408.000
1642425120, +3.13, +28.222,  +0.04552, +1055.000,  +4.000, +432.000
1642425240, +3.13, +28.230,  -0.20530, +1073.000, +14.000, +387.000
1642425360, +3.13, +28.222,  +0.00526, +1070.000, +12.000, +399.000
1642425480, +3.13, +28.230,  -0.02570, +998.000, -13.000, +462.000
1642425600, +3.13, +28.206,  -0.12170, +998.000, -16.000, +457.000
1642425720, +3.13, +28.214,  +0.00836, +1068.000, +12.000, +400.000
1642425840, +3.13, +28.214,  +0.04862, +1070.000,  +8.000, +396.000
1642425960, +3.13, +28.206,  -0.05357, +995.000, -13.000, +460.000
1642426080, +3.13, +28.214,  -0.00093, +996.000, -16.000, +462.000
1642426200, +3.13, +28.197,  -0.13099, +1072.000, +12.000, +400.000
1642426320, +3.13, +28.206,  +0.04862, +995.000, -16.000, +460.000
1642426440, +3.13, +28.165,  -0.03499, +1016.000,  -8.000, +467.000
1642426560, +3.13, +28.189,  -0.13408, +1070.000,  +8.000, +396.000
1642426680, +3.13, +28.165,  +0.01146, +1072.000, +15.000, +387.000
1642426800, +3.13, +28.148,  -0.08144, +1068.000,  +8.000, +403.000
1642426920, +3.13, +28.148,  -0.03499, +1068.000,  +8.000, +400.000
1642427040, +3.13, +28.115,  -0.09073, +1072.000, +12.000, +398.000
1642427160, +3.13, +28.099,  -0.01951, +1100.000, +24.000, +304.000
1642427280, +3.13, +28.099,  +0.00526, +995.000, -16.000, +456.000
1642427400, +3.13, +28.083,  +0.01455, +1070.000, +12.000, +400.000
1642427520, +3.13, +28.074,  -0.06286, +995.000, -16.000, +462.000
1642427640, +3.13, +28.066,  -0.04118, +1070.000, +12.000, +400.000
1642427760, +3.13, +28.042,  +0.01765, +1103.000, -25.000, +350.000
1642427880, +3.13, +28.050,  -0.01951, +998.000, -16.000, +460.000
1642428000, +3.13, +28.066,  -0.05357, +995.000, -13.000, +460.000
1642428120, +3.13, +28.050,  +0.13222, +1070.000,  +9.000, +400.000
1642428240, +3.13, +28.050,  +0.00836, +1070.000, +12.000, +398.000
1642428360, +3.13, +28.050,  +0.03004, +999.000, -16.000, +463.000
1642428480, +3.13, +28.033,  -0.01641, +995.000, -16.000, +460.000
1642428600, +3.13, +28.033,  -0.02261, +1008.000, -13.000, +468.000
1642428720, +3.13, +28.017,  -0.01332, +1055.000,  +4.000, +428.000
1642428840, +3.13, +28.009,  -0.11550, +999.000, -16.000, +463.000
1642428960, +3.13, +27.992,  +0.05481, +999.000, -16.000, +460.000
1642429080, +3.13, +28.000,  -0.04428, +1072.000, +12.000, +398.000
1642429200, +3.13, +28.000,  +0.02384, +1071.000, +12.000, +400.000
1642429320, +3.13, +27.976,  -0.02880, +998.000, -16.000, +457.000
1642429440, +3.13, +27.992,  -0.09073, +1088.000, +20.000, +336.000
1642429560, +3.13, +27.992,  -0.02880, +1009.000, -13.000, +468.000
1642429680, +3.13, +27.992,  +0.03623, +995.000, -13.000, +460.000
1642429800, +3.13, +27.976,  +0.00217, +1068.000,  +9.000, +403.000
1642429920, +3.13, +27.984,  -0.09383, +1048.000,  +0.000, +440.000
1642430040, +3.13, +27.984,  -0.01022, +998.000, -13.000, +456.000
1642430160, +3.13, +27.968,  +0.03004, +998.000, -16.000, +460.000
1642430280, +3.13, +27.984,  +0.08887, +1048.000,  +0.000, +444.000
1642430400, +3.13, +27.984,  -0.06286, +1065.000,  +8.000, +403.000
1642430520, +3.13, +27.968,  -0.09383, +998.000, -17.000, +459.000
1642430640, +3.13, +27.984,  -0.14028, +1070.000, +14.000, +398.000
1642430760, +3.13, +27.976,  +0.05791, +995.000, -16.000, +463.000
1642430880, +3.13, +27.976,  -0.03499, +998.000, -16.000, +462.000
1642431000, +3.13, +27.968,  -0.06905, +995.000, -16.000, +457.000
1642431120, +3.13, +27.976,  +0.00526, +998.000, -16.000, +456.000
1642431240, +3.13, +27.976,  +0.13532, +998.000, -16.000, +460.000
1642431360, +3.13, +27.968,  -0.17434, +1001.000, -16.000, +464.000
1642431480, +3.13, +27.959,  +0.01455, +995.000, -16.000, +460.000
1642431600, +3.13, +27.959,  -0.10931, +1103.000, +19.000, +305.000
1642431720, +3.13, +27.968,  +0.02384, +1063.000,  +8.000, +408.000
1642431840, +3.13, +27.943,  -0.10312, +1065.000,  +8.000, +408.000
1642431960, +3.13, +27.968,  +0.03933, +1004.000, -16.000, +467.000
1642432080, +3.13, +27.959,  +0.14461, +998.000, -16.000, +460.000
1642432200, +3.13, +27.951,  +0.14461, +995.000, -15.000, +457.000
1642432320, +3.13, +27.951,  +0.23131, +1072.000,  +8.000, +398.000
1642432440, +3.13, +27.959,  +0.40782, +995.000, -15.000, +456.000
1642432560, +3.13, +27.959,  +0.69580, +1068.000,  +8.000, +403.000
1642432680, +3.13, +27.943,  +0.95282, +995.000, -13.000, +462.000
1642432800, +3.13, +27.968,  +1.18197, +1070.000,  +8.000, +400.000
1642432920, +3.13, +27.976,  +1.56904, +1070.000,  +8.000, +399.000
1642433040, +3.13, +27.976,  +2.00875, +998.000, -16.000, +460.000
1642433160, +3.13, +27.968,  +2.77980, +998.000, -16.000, +457.000
1642433280, +3.13, +27.976,  +3.57872, +1072.000, +14.000, +388.000
1642433400, +3.13, +27.951,  +4.51079, +998.000, -16.000, +463.000
1642433520, +3.13, +27.984,  +5.71846, +1068.000,  +9.000, +406.000
1642433640, +3.13, +27.968,  +6.47093, +998.000, -16.000, +459.000
1642433760, +3.13, +27.976,  +7.41229, +995.000, -15.000, +460.000
1642433880, +3.13, +27.976,  +8.65402, +996.000, -15.000, +462.000
1642434000, +3.13, +27.968,  +9.48700, +1068.000,  +6.000, +403.000
1642434120, +3.13, +28.000, +10.51507, +995.000, -13.000, +457.000
1642434240, +3.13, +27.992, +11.36044, +1043.000,  +0.000, +451.000
1642434360, +3.13, +27.976, +12.41637, +1068.000,  +7.000, +408.000
1642434480, +3.13, +28.000, +13.49398, +1065.000,  +7.000, +406.000
1642434600, +3.13, +27.992, +14.48489, +1068.000,  +8.000, +400.000
1642434720, +3.13, +28.009, +15.20020, +1072.000, +12.000, +392.000
1642434840, +3.13, +28.025, +16.23755, +1103.000, -24.000, +336.000
1642434960, +3.13, +28.025, +16.59676, +995.000, -16.000, +460.000
1642435080, +3.13, +28.017, +17.90661, +1068.000,  +8.000, +404.000
1642435200, +3.13, +28.025, +18.51354, +1068.000,  +8.000, +403.000
1642435320, +3.13, +28.025, +19.23814, +995.000, -15.000, +460.000
1642435440, +3.13, +28.009, +20.30956, +1070.000, +12.000, +396.000
1642435560, +3.13, +28.009, +20.74928, +1070.000,  +8.000, +400.000
1642435680, +3.13, +28.009, +21.38717, +1056.000,  +3.000, +424.000
1642435800, +3.13, +27.976, +22.37498, +1072.000,  +8.000, +396.000
1642435920, +3.13, +27.976, +23.43092, +1070.000, +12.000, +398.000
1642436040, +3.13, +27.976, +23.62910, +1067.000,  +7.000, +408.000
1642436160, +3.13, +27.984, +24.30415, +1068.000,  +8.000, +401.000
1642436280, +3.13, +27.959, +25.21455, +1072.000,  +8.000, +396.000
1642436400, +3.13, +27.959, +24.75006, +998.000, -15.000, +460.000
1642436520, +3.13, +27.951, +25.45918, +1072.000,  +8.000, +400.000
1642436640, +3.13, +27.959, +26.24262, +1070.000,  +7.000, +400.000
1642436760, +3.13, +27.959, +26.08779, +1063.000,  +7.000, +416.000
1642436880, +3.13, +27.959, +26.58943, +1065.000,  +8.000, +403.000
1642437000, +3.13, +27.976, +30.63976, +1068.000,  +8.000, +408.000
1642437120, +3.13, +27.959, +31.43249, +1070.000,  +8.000, +400.000
1642437240, +3.13, +27.959, +28.79730, +1068.000,  +7.000, +403.000
1642437360, +3.13, +27.943, +28.89948, +1068.000,  +6.000, +406.000
1642437480, +3.13, +27.951, +31.21883, +1068.000,  +8.000, +400.000
1642437600, +3.13, +27.935, +28.59292, +998.000, -16.000, +457.000
1642437720, +3.13, +27.959, +29.30204, +1075.000, +12.000, +384.000
1642437840, +3.13, +27.951, +29.63647, +1080.000, +16.000, +368.000
1642437960, +3.13, +27.984, +33.95311, +998.000, -16.000, +460.000
1642438080, +3.13, +27.959, +80.80751, +995.000, -16.000, +462.000
1642438200, +3.13, +27.976, +34.67152, +999.000, -16.000, +460.000
1642438320, +3.13, +27.984, +31.59042, +1070.000, +14.000, +399.000
1642438440, +3.13, +27.976, +33.81376, +998.000, -16.000, +460.000
1642438560, +3.13, +28.000, +31.56564, +1063.000,  +8.000, +408.000
1642438680, +3.13, +27.992, +31.89078, +995.000, -16.000, +460.000
1642438800, +3.13, +28.009, +31.68951, +995.000, -16.000, +460.000
1642438920, +3.13, +28.009, +31.87840, +995.000, -16.000, +460.000
1642439040, +3.13, +28.033, +32.06729, +998.000, -16.000, +460.000
1642439160, +3.13, +28.025, +31.15689, +995.000, -15.000, +459.000
1642439280, +3.13, +28.017, +31.46346, +1070.000, +12.000, +399.000
1642439400, +3.13, +28.009, +31.60280, +995.000, -16.000, +460.000
1642439520, +3.13, +28.009, +31.98058, +1068.000,  +6.000, +408.000
1642439640, +3.13, +28.025, +38.26665, +995.000, -16.000, +460.000
1642439760, +3.13, +28.042, +35.91634, +999.000, -16.000, +459.000
1642439880, +3.13, +28.083, +33.10464, +1068.000,  +8.000, +408.000
1642440000, +3.13, +28.083, +33.25328, +995.000, -16.000, +462.000
1642440120, +3.13, +28.099, +35.18555, +995.000, -16.000, +460.000
1642440240, +3.13, +28.124, +34.77061, +998.000, -16.000, +460.000
1642440360, +3.13, +28.115, +47.35512, +998.000, -16.000, +456.000
1642440480, +3.13, +28.148, +272.78640, +1068.000,  +8.000, +403.000
1642440600, +3.13, +28.165, +133.18003, +995.000, -16.000, +460.000
1642440720, +3.13, +28.132, +37.85171, +998.000, -16.000, +459.000
1642440840, +3.13, +28.189, +35.19794, +995.000, -16.000, +460.000
1642440960, +3.13, +28.189, +36.92273, +995.000, -16.000, +462.000
1642441080, +3.13, +28.197, +34.68700, +1065.000,  +9.000, +404.000
1642441200, +3.13, +28.206, +34.04910, +995.000, -16.000, +460.000
1642441320, +3.13, +28.238, +35.01833, +1068.000,  +8.000, +408.000
1642441440, +3.13, +28.263, +45.09771, +1068.000,  +8.000, +401.000
1642441560, +3.13, +28.288, +34.24109, +998.000, -13.000, +462.000
1642441680, +3.13, +28.296, +34.86041, +995.000, -15.000, +460.000
1642441800, +3.13, +28.296, +36.34677, +998.000, -16.000, +460.000
1642441920, +3.13, +28.337, +34.96569, +995.000, -16.000, +462.000
1642442040, +3.13, +28.353, +35.56953, +998.000, -16.000, +460.000
1642442160, +3.13, +28.361, +42.55232, +998.000, -16.000, +463.000
1642442280, +3.13, +28.386, +33.65893, +998.000, -15.000, +462.000
1642442400, +3.13, +28.370, +34.98427, +995.000, -15.000, +462.000
1642442520, +3.13, +28.411, +39.13060, +993.000, -16.000, +460.000
1642442640, +3.13, +28.419, +71.69736, +995.000, -15.000, +460.000
1642442760, +3.13, +28.427, +41.05357, +995.000, -16.000, +460.000
1642442880, +3.13, +28.443, +70.04689, +999.000, -16.000, +460.000
1642443000, +3.13, +28.443, +36.50469, +998.000, -13.000, +457.000
1642443120, +3.13, +28.484, +39.05009, +995.000, -16.000, +462.000
1642443240, +3.13, +28.509, +36.15478, +995.000, -16.000, +459.000
1642443360, +3.13, +28.525, +37.39032, +998.000, -16.000, +460.000
1642443480, +3.13, +28.550, +49.71162, +995.000, -15.000, +462.000
1642443600, +3.13, +28.574, +56.95763, +999.000, -16.000, +463.000
1642443720, +3.13, +28.599, +39.08105, +998.000, -16.000, +462.000
1642443840, +3.13, +28.623, +37.07446, +995.000, -15.000, +460.000
1642443960, +3.13, +28.664, +36.72145, +998.000, -16.000, +460.000
1642444080, +3.13, +28.689, +37.33148, +998.000, -16.000, +462.000
1642444200, +3.13, +28.713, +37.43057, +995.000, -15.000, +463.000
1642444320, +3.13, +28.721, +36.35296, +995.000, -16.000, +460.000
1642444440, +3.13, +28.779, +37.07756, +995.000, -16.000, +462.000
1642444560, +3.13, +28.803, +30.33630, +999.000, -16.000, +462.000
1642444680, +3.13, +28.836, +34.39282, +995.000, -16.000, +460.000
1642444800, +3.13, +28.860, +34.76132, +995.000, -16.000, +462.000
1642444920, +3.13, +28.885, +34.95950, +995.000, -16.000, +460.000
1642445040, +3.13, +28.901, +39.48670, +995.000, -15.000, +460.000
1642445160, +3.13, +28.917, +37.98176, +995.000, -16.000, +463.000
1642445280, +3.13, +28.942, +41.45923, +984.000, +19.000, +527.000
1642445400, +3.13, +28.966, +35.80487, +984.000, +22.000, +527.000
1642445520, +3.13, +28.983, +55.63848, +987.000, +17.000, +527.000
1642445640, +3.13, +29.007, +44.26783, +984.000, +19.000, +527.000
1642445760, +3.13, +29.032, +42.15286, +985.000, +19.000, +527.000
1642445880, +3.13, +29.064, +41.70386, +985.000, +22.000, +527.000
1642446000, +3.13, +29.089, +47.24984, +1088.000, +13.000, +428.000
1642446120, +3.13, +29.113, +43.85598, +1088.000,  +9.000, +431.000
1642446240, +3.13, +29.137, +43.81882, +1088.000, +15.000, +431.000
1642446360, +3.13, +29.170, +44.20590, +984.000, +19.000, +527.000
1642446480, +3.13, +29.178, +49.21927, +1088.000, +15.000, +423.000
1642446600, +3.13, +29.211, +51.99071, +1088.000, +15.000, +431.000
1642446720, +3.13, +29.243, +46.11030, +1088.000, +12.000, +423.000
1642446840, +3.13, +29.260, +52.39017, +1088.000, +12.000, +423.000
1642446960, +3.13, +29.284, +51.23514, +1091.000,  +3.000, +423.000
1642447080, +3.13, +29.292, +49.05205, +1091.000, +12.000, +423.000
1642447200, +3.13, +29.300, +52.31895, +1088.000, +12.000, +423.000
1642447320, +3.13, +29.292, +55.85215, +1088.000, +14.000, +423.000
1642447440, +3.13, +29.317, +51.58505, +1088.000,  +8.000, +415.000
1642447560, +3.13, +29.325, +53.20457, +1088.000,  +8.000, +423.000
1642447680, +3.13, +29.341, +52.50474, +1088.000,  +8.000, +423.000
1642447800, +3.13, +29.357, +52.64099, +1088.000, +12.000, +423.000
1642447920, +3.13, +29.382, +58.14052, +1088.000, +13.000, +415.000
1642448040, +3.13, +29.390, +54.32243, +1092.000,  +8.000, +409.000
1642448160, +3.13, +29.438, +52.12386, +1088.000, +12.000, +419.000
1642448280, +3.13, +29.447, +61.82546, +1091.000,  +8.000, +415.000
1642448400, +3.13, +29.447, +44.38859, +1092.000, +12.000, +409.000
1642448520, +3.13, +29.479, +45.76348, +1095.000, +14.000, +409.000
1642448640, +3.13, +29.503, +50.81091, +1091.000,  +9.000, +407.000
1642448760, +3.13, +29.528, +51.74298, +1095.000, +28.000, +392.000
1642448880, +3.13, +29.552, +50.67156, +1091.000, +15.000, +407.000
1642449000, +3.13, +29.568, +49.55679, +1092.000, +12.000, +399.000
1642449120, +3.13, +29.601, +42.62664, +1095.000, +16.000, +391.000
1642449240, +3.13, +29.601, +54.97272, +1095.000, +11.000, +399.000
1642449360, +3.13, +29.625, +53.35940, +1092.000, +12.000, +399.000
1642449480, +3.13, +29.649, +53.58235, +1094.000, +16.000, +391.000
1642449600, +3.13, +29.657, +60.58373, +1094.000, +24.000, +384.000
1642449720, +3.13, +29.682, +60.71998, +1094.000, +24.000, +384.000
1642449840, +3.13, +29.690, +63.10125, +1092.000, +16.000, +396.000
1642449960, +3.13, +29.682, +92.75723, +1095.000, +16.000, +399.000
1642450080, +3.13, +29.722, +83.27549, +1092.000, +16.000, +387.000
1642450200, +3.13, +29.730, +60.74475, +1094.000, +16.000, +387.000
1642450320, +3.13, +29.771, +67.88857, +1095.000, +32.000, +368.000
1642450440, +3.13, +29.787, +61.04512, +1094.000, +16.000, +380.000
1642450560, +3.13, +29.795, +68.95379, +1095.000, +24.000, +376.000
1642450680, +3.13, +29.827, +105.23646, +1095.000, +24.000, +370.000
1642450800, +3.13, +29.844, +98.46114, +1099.000, +12.000, +336.000
1642450920, +3.13, +29.868, +89.05371, +1103.000, +12.000, +332.000
1642451040, +3.13, +29.868, +73.31688, +1102.000,  +6.000, +345.000
1642451160, +3.13, +29.852, +43.54323, +1100.000, +16.000, +332.000
1642451280, +3.13, +29.836, +62.81946, +1102.000,  +4.000, +345.000
1642451400, +3.13, +29.819, +68.47382, +1103.000, +19.000, +324.000
1642451520, +3.13, +29.827, +74.87136, +1102.000, +16.000, +328.000
1642451640, +3.13, +29.844, +68.94450, +1103.000,  +8.000, +336.000
1642451760, +3.13, +29.852, +73.39739, +1103.000, +12.000, +332.000
1642451880, +3.13, +29.868, +65.27815, +1100.000,  +8.000, +352.000
1642452000, +3.13, +29.852, +64.67431, +1100.000, +20.000, +328.000
1642452120, +3.13, +29.868, +62.54386, +1102.000, +16.000, +328.000
1642452240, +3.13, +29.892, +74.44713, +1102.000, +14.000, +332.000
1642452360, +3.13, +29.908, +75.55571, +1102.000, +19.000, +332.000
1642452480, +3.13, +29.925, +73.46551, +1103.000,  +8.000, +338.000
1642452600, +3.13, +29.916, +65.28124, +1102.000, +14.000, +332.000
1642452720, +3.13, +29.900, +66.86050, +1103.000, +12.000, +336.000
1642452840, +3.13, +29.892, +87.58284, +1102.000, +24.000, +324.000
1642452960, +3.13, +29.925, +88.27338, +1104.000, +16.000, +332.000
1642453080, +3.13, +29.933, +76.80053, +1103.000, +16.000, +330.000
1642453200, +3.13, +29.965, +80.76416, +1103.000, +24.000, +326.000
1642453320, +3.13, +29.997, +86.93256, +1103.000, +32.000, +320.000
1642453440, +3.13, +30.021, +80.97783, +1104.000, +12.000, +316.000
1642453560, +3.13, +30.038, +91.45666, +1103.000, +12.000, +316.000
1642453680, +3.13, +30.070, +100.47391, +1104.000,  +8.000, +319.000
1642453800, +3.13, +30.086, +96.14489, +1102.000, +16.000, +320.000
1642453920, +3.13, +30.094, +74.94878, +1103.000, +16.000, +312.000
1642454040, +3.13, +30.134, +83.17950, +1103.000, +16.000, +320.000
1642454160, +3.13, +30.142, +63.93113, +1103.000, +19.000, +312.000
1642454280, +3.13, +30.175, +94.52847, +1104.000, +17.000, +312.000
1642454400, +3.13, +30.134, +113.37738, +1103.000, +24.000, +316.000
1642454520, +3.13, +30.167, +104.27652, +1104.000, +17.000, +312.000
1642454640, +3.12, +30.175, +101.81164, +1103.000, +70.000, +304.000
1642454760, +3.13, +30.191, +104.65121, +1104.000, +56.000, +295.000
1642454880, +3.13, +30.199, +74.59577, +1104.000, +56.000, +296.000
1642455000, +3.13, +30.223, +87.93275, +1104.000, +60.000, +294.000
1642455120, +3.13, +30.231, +90.57104, +1104.000, +64.000, +295.000
1642455240, +3.13, +30.239, +86.30395, +1103.000, +60.000, +296.000
1642455360, +3.13, +30.231, +119.69131, +1104.000, +64.000, +294.000
1642455480, +3.13, +30.231, +128.87578, +1105.000, +56.000, +296.000
1642455600, +3.13, +30.247, +119.77492, +1105.000, +60.000, +296.000
1642455720, +3.13, +30.263, +119.49313, +1104.000, +64.000, +291.000
1642455840, +3.13, +30.247, +86.81798, +1104.000, +60.000, +295.000
1642455960, +3.12, +30.207, +75.21199, +1103.000, +67.000, +291.000
1642456080, +3.12, +30.247, +106.01990, +1104.000, +56.000, +294.000
1642456200, +3.12, +30.207, +92.16888, +1103.000, +56.000, +296.000
1642456320, +3.13, +30.231, +97.65912, +1103.000, +64.000, +294.000
1642456440, +3.13, +30.215, +98.01213, +1104.000, +60.000, +294.000
1642456560, +3.13, +30.223, +86.42162, +1104.000, +67.000, +288.000
1642456680, +3.13, +30.223, +114.81419, +1103.000, +56.000, +294.000
1642456800, +3.13, +30.199, +122.60829, +1104.000, +60.000, +292.000
1642456920, +3.13, +30.175, +91.14701, +1104.000, +56.000, +295.000
1642457040, +3.13, +30.159, +97.03361, +1104.000, +60.000, +296.000
1642457160, +3.13, +30.142, +94.78859, +1103.000, +60.000, +295.000
1642457280, +3.13, +30.151, +115.75555, +1107.000, +56.000, +288.000
1642457400, +3.13, +30.134, +123.21832, +1104.000, +60.000, +295.000
1642457520, +3.13, +30.118, +108.41046, +1104.000, +56.000, +294.000
1642457640, +3.13, +30.110, +156.11333, +1107.000, +52.000, +304.000
1642457760, +3.13, +30.102, +98.10503, +1107.000, +56.000, +294.000
1642457880, +3.13, +30.134, +120.43449, +1104.000, +56.000, +294.000
1642458000, +3.13, +30.134, +139.74479, +1107.000, +56.000, +294.000
1642458120, +3.13, +30.134, +116.15192, +1105.000, +60.000, +292.000
1642458240, +3.12, +30.151, +125.01744, +1104.000, +60.000, +294.000
1642458360, +3.13, +30.142, +131.76179, +1107.000, +60.000, +295.000
1642458480, +3.12, +30.142, +124.08846, +1104.000, +51.000, +296.000
1642458600, +3.12, +30.175, +127.77339, +1104.000, +60.000, +294.000
1642458720, +3.12, +30.167, +92.75104, +1104.000, +64.000, +288.000
1642458840, +3.13, +30.191, +79.58127, +1104.000, +52.000, +298.000
1642458960, +3.12, +30.231, +95.80117, +1103.000, +56.000, +292.000
1642459080, +3.12, +30.255, +116.77743, +1105.000, +56.000, +294.000
1642459200, +3.12, +30.255, +92.45067, +1104.000, +64.000, +294.000
1642459320, +3.12, +30.279, +69.79916, +1103.000, +64.000, +292.000
1642459440, +3.13, +30.271, +64.46375, +1105.000, +56.000, +296.000
1642459560, +3.13, +30.279, +76.16573, +1104.000, +56.000, +292.000
1642459680, +3.13, +30.279, +98.68409, +1104.000, +56.000, +294.000
1642459800, +3.12, +30.255, +105.04757, +1105.000, +56.000, +292.000
1642459920, +3.13, +30.255, +108.88114, +1103.000, +60.000, +294.000
1642460040, +3.13, +30.231, +85.47097, +1105.000, +64.000, +291.000
1642460160, +3.12, +30.223, +74.68557, +1105.000, +60.000, +291.000
1642460280, +3.12, +30.239, +95.79188, +1107.000, +60.000, +294.000
1642460400, +3.12, +30.223, +73.57389, +1103.000, +60.000, +294.000
1642460520, +3.12, +30.215, +62.26827, +1104.000, +56.000, +292.000
1642460640, +3.12, +30.215, +56.92047, +1105.000, +56.000, +296.000
1642460760, +3.12, +30.191, +66.82644, +1104.000, +56.000, +288.000
1642460880, +3.12, +30.159, +78.30547, +1105.000, +56.000, +292.000
1642461000, +3.13, +30.134, +75.37611, +1107.000, +52.000, +291.000
1642461120, +3.12, +30.118, +105.88674, +1088.000, -61.000, +400.000
1642461240, +3.12, +30.118, +99.77099, +1076.000, -84.000, +440.000
1642461360, +3.12, +30.102, +98.34966, +1076.000, -84.000, +444.000
1642461480, +3.13, +30.110, +97.71796, +1078.000, -90.000, +448.000
1642461600, +3.12, +30.102, +86.73747, +1078.000, -92.000, +449.000
1642461720, +3.12, +30.110, +110.28079, +1080.000, -88.000, +448.000
1642461840, +3.12, +30.110, +113.66846, +1078.000, -88.000, +448.000
1642461960, +3.13, +30.102, +105.78456, +1078.000, -80.000, +440.000
1642462080, +3.12, +30.126, +97.06767, +1078.000, -90.000, +448.000
1642462200, +3.13, +30.134, +100.11161, +1104.000, +152.000, +238.000
1642462320, +3.12, +30.118, +90.30783, +1103.000, +144.000, +240.000
1642462440, +3.12, +30.118, +113.67155, +1103.000, +144.000, +236.000
1642462560, +3.12, +30.126, +98.35895, +1104.000, +142.000, +236.000
1642462680, +3.12, +30.118, +79.44192, +1103.000, +142.000, +236.000
1642462800, +3.12, +30.134, +98.65932, +1103.000, +145.000, +240.000
1642462920, +3.12, +30.159, +107.65799, +1103.000, +144.000, +240.000
1642463040, +3.13, +30.167, +92.23081, +1103.000, +144.000, +232.000
1642463160, +3.13, +30.167, +88.37866, +1102.000, +142.000, +240.000
1642463280, +3.12, +30.159, +87.36917, +1102.000, +144.000, +232.000
1642463400, +3.12, +30.167, +97.34327, +1104.000, +144.000, +240.000
1642463520, +3.12, +30.167, +93.59640, +1104.000, +144.000, +236.000
1642463640, +3.12, +30.159, +80.45141, +1103.000, +156.000, +230.000
1642463760, +3.12, +30.167, +90.80328, +1103.000, +147.000, +236.000
1642463880, +3.12, +30.151, +91.23061, +1103.000, +144.000, +240.000
1642464000, +3.12, +30.151, +94.87529, +1102.000, +152.000, +236.000
1642464120, +3.12, +30.126, +63.17557, +1103.000, +142.000, +236.000
1642464240, +3.12, +30.126, +56.71919, +1102.000, +144.000, +236.000
1642464360, +3.13, +30.142, +59.47825, +1107.000, +120.000, +240.000
1642464480, +3.12, +30.151, +61.44458, +1104.000, +108.000, +244.000
1642464600, +3.12, +30.134, +54.20786, +1104.000, +120.000, +243.000
1642464720, +3.12, +30.159, +64.60619, +1107.000, +112.000, +240.000
1642464840, +3.12, +30.151, +56.46217, +1107.000, +112.000, +240.000
1642464960, +3.12, +30.142, +68.35615, +1104.000, +108.000, +248.000
1642465080, +3.12, +30.159, +61.93074, +1104.000, +112.000, +248.000
1642465200, +3.12, +30.159, +62.52838, +1104.000, +116.000, +240.000
1642465320, +3.12, +30.159, +59.36367, +1105.000, +120.000, +240.000
1642465440, +3.12, +30.151, +49.07992, +1104.000, +112.000, +242.000
1642465560, +3.12, +30.159, +52.50474, +1107.000, +112.000, +241.000
1642465680, +3.12, +30.159, +47.38918, +1105.000, +118.000, +240.000
1642465800, +3.12, +30.159, +49.33074, +1104.000, +112.000, +240.000
1642465920, +3.12, +30.159, +54.33792, +1104.000, +116.000, +244.000
1642466040, +3.12, +30.167, +55.17400, +1105.000, +112.000, +248.000
1642466160, +3.12, +30.183, +44.11610, +1105.000, +88.000, +256.000
1642466280, +3.12, +30.167, +38.52986, +1107.000, +81.000, +256.000
1642466400, +3.12, +30.159, +35.69958, +1107.000, +92.000, +256.000
1642466520, +3.12, +30.142, +36.54805, +1110.000, +81.000, +259.000
1642466640, +3.12, +30.126, +47.61833, +1110.000, +88.000, +256.000
1642466760, +3.12, +30.126, +49.02108, +1108.000, +80.000, +264.000
1642466880, +3.12, +30.102, +39.64773, +1105.000, +83.000, +256.000
1642467000, +3.12, +30.110, +32.41101, +1107.000, +80.000, +263.000
1642467120, +3.12, +30.094, +32.26547, +1104.000, +83.000, +256.000
1642467240, +3.12, +30.086, +32.29024, +1107.000, +80.000, +256.000
1642467360, +3.12, +30.078, +33.16348, +1107.000, +88.000, +256.000
1642467480, +3.12, +30.062, +31.68331, +1110.000, +88.000, +256.000
1642467600, +3.12, +30.070, +33.47623, +1107.000, +80.000, +265.000
1642467720, +3.12, +30.062, +33.12322, +1110.000, +84.000, +256.000
1642467840, +3.12, +30.062, +34.37424, +1107.000, +80.000, +266.000
1642467960, +3.12, +30.046, +31.13831, +1110.000, +83.000, +256.000
1642468080, +3.12, +30.046, +28.64866, +1107.000, +82.000, +260.000
1642468200, +3.12, +30.054, +29.86562, +1107.000, +88.000, +256.000
1642468320, +3.12, +30.038, +29.28965, +1105.000, +92.000, +256.000
1642468440, +3.12, +29.997, +32.22522, +1107.000, +83.000, +260.000
1642468560, +3.12, +30.030, +39.48361, +1104.000, +82.000, +272.000
1642468680, +3.12, +30.013, +39.75920, +1107.000, +78.000, +259.000
1642468800, +3.12, +30.005, +30.89988, +1107.000, +80.000, +260.000
1642468920, +3.12, +30.013, +28.58673, +1105.000, +76.000, +273.000
1642469040, +3.12, +30.013, +29.40113, +1107.000, +88.000, +256.000
1642469160, +3.12, +29.997, +29.56525, +1107.000, +76.000, +264.000
1642469280, +3.12, +29.989, +36.66262, +1104.000, +84.000, +263.000
1642469400, +3.12, +29.981, +29.92136, +1107.000, +80.000, +264.000
1642469520, +3.12, +29.981, +30.17528, +1107.000, +81.000, +256.000
1642469640, +3.12, +29.981, +29.08838, +1107.000, +82.000, +260.000
1642469760, +3.12, +29.981, +31.52539, +1107.000, +81.000, +257.000
1642469880, +3.12, +29.973, +38.55773, +1108.000, +82.000, +262.000
1642470000, +3.12, +29.965, +35.70268, +1104.000, +68.000, +273.000
1642470120, +3.12, +29.965, +26.75355, +1107.000, +80.000, +259.000
1642470240, +3.12, +29.925, +31.16618, +1104.000, +83.000, +263.000
1642470360, +3.12, +29.957, +35.33109, +1105.000, +83.000, +258.000
1642470480, +3.12, +29.957, +28.90877, +1107.000, +76.000, +268.000
1642470600, +3.12, +29.933, +28.93664, +1108.000, +80.000, +263.000
1642470720, +3.12, +29.941, +32.68661, +1107.000, +84.000, +256.000
1642470840, +3.12, +29.957, +31.07638, +1107.000, +92.000, +256.000
1642470960, +3.12, +29.949, +26.88051, +1107.000, +83.000, +256.000
1642471080, +3.12, +29.925, +54.61971, +1110.000, +80.000, +260.000
1642471200, +3.12, +29.933, +40.35994, +1108.000, +83.000, +259.000
1642471320, +3.12, +29.916, +41.11860, +1105.000, +76.000, +269.000
1642471440, +3.12, +29.916, +35.26916, +1105.000, +80.000, +268.000
1642471560, +3.12, +29.941, +42.44704, +1105.000, +76.000, +272.000
1642471680, +3.12, +29.925, +40.61696, +1107.000, +78.000, +270.000
1642471800, +3.12, +29.933, +39.62295, +1110.000, +104.000, +224.000
1642471920, +3.12, +29.933, +41.82462, +1107.000, +108.000, +218.000
1642472040, +3.12, +29.916, +64.16338, +1110.000, +104.000, +216.000
1642472160, +3.12, +29.916, +81.24103, +1107.000, +96.000, +231.000
1642472280, +3.12, +29.933, +68.10533, +1107.000, +103.000, +224.000
1642472400, +3.12, +29.941, +118.01606, +1104.000, +104.000, +228.000
1642472520, +3.12, +29.933, +108.21847, +1108.000, +104.000, +224.000
1642472640, +3.12, +29.949, +81.21936, +1107.000, +104.000, +222.000
1642472760, +3.12, +29.949, +71.49299, +1107.000, +102.000, +224.000
1642472880, +3.13, +29.933, +36.95679, +1104.000, +102.000, +230.000
1642473000, +3.12, +29.949, +29.09457, +1108.000, +103.000, +216.000
1642473120, +3.12, +29.949, +28.08508, +1107.000, +108.000, +224.000
1642473240, +3.12, +29.933, +24.51163, +1110.000, +102.000, +228.000
1642473360, +3.12, +29.949, +24.57975, +1107.000, +108.000, +216.000
1642473480, +3.12, +29.933, +24.93276, +1110.000, +102.000, +230.000
1642473600, +3.12, +29.933, +29.53119, +1107.000, +104.000, +224.000
1642473720, +3.12, +29.925, +28.02625, +1107.000, +112.000, +216.000
1642473840, +3.12, +29.900, +32.44817, +1107.000, +104.000, +224.000
1642473960, +3.12, +29.900, +31.88149, +1107.000, +104.000, +224.000
1642474080, +3.12, +29.884, +57.71939, +1107.000, +100.000, +227.000
1642474200, +3.12, +29.892, +47.14146, +1107.000, +100.000, +227.000
1642474320, +3.12, +29.892, +55.38456, +1107.000, +104.000, +231.000
1642474440, +3.12, +29.876, +53.63190, +1107.000, +108.000, +220.000
1642474560, +3.12, +29.892, +44.90882, +1107.000, +96.000, +243.000
1642474680, +3.12, +29.876, +40.21130, +1107.000, +104.000, +224.000
1642474800, +3.12, +29.876, +37.09304, +1108.000, +104.000, +224.000
1642474920, +3.12, +29.852, +31.75453, +1110.000, +104.000, +220.000
1642475040, +3.12, +29.852, +25.77194, +1107.000, +96.000, +232.000
1642475160, +3.12, +29.860, +23.93566, +1110.000, +100.000, +227.000
