7530-428102
OS REV: 1.05 Sensor Cal: 1572940800
Time (sec),  Bat (Volts),   T (deg C),  PAR (umol/(s m^2))  Ax (g), Ay (g), Az (g)
1644093360, +3.01, +29.357, +221.97456, +1044.000, +240.000, -129.000
1644093480, +3.01, +29.365, +211.65674, +1043.000, +246.000, -130.000
1644093600, +3.01, +29.382, +550.57780, +1043.000, +248.000, -148.000
1644093720, +3.01, +29.406, +1026.15419, +1043.000, +244.000, -144.000
1644093840, +3.01, +29.430, +801.46609, +1041.000, +248.000, -148.000
1644093960, +3.01, +29.455, +607.80886, +1040.000, +248.000, -137.000
1644094080, +3.01, +29.447, +1156.83311, +1043.000, +256.000, -152.000
1644094200, +3.01, +29.479, +1309.36771, +1043.000, +256.000, -159.000
1644094320, +3.01, +29.495, +425.88148, +1043.000, +248.000, -157.000
1644094440, +3.01, +29.503, +761.83911, +1043.000, +244.000, -146.000
1644094560, +3.01, +29.487, +614.45413, +1043.000, +252.000, -153.000
1644094680, +3.01, +29.511, +559.23275, +1041.000, +242.000, -145.000
1644094800, +3.01, +29.503, +543.40921, +1040.000, +256.000, -160.000
1644094920, +3.01, +29.560, +159.18204, +1043.000, +256.000, -160.000
1644095040, +3.01, +29.584, +505.75476, +1043.000, +252.000, -156.000
1644095160, +3.01, +29.609, +797.85857, +1043.000, +256.000, -159.000
1644095280, +3.01, +29.641, +1250.17342, +1043.000, +246.000, -146.000
1644095400, +3.01, +29.657, +560.71911, +1043.000, +256.000, -156.000
1644095520, +3.01, +29.666, +1146.14989, +1041.000, +248.000, -153.000
1644095640, +3.01, +29.674, +1184.27503, +1040.000, +248.000, -153.000
1644095760, +3.01, +29.714, +952.04366, +1040.000, +262.000, -160.000
1644095880, +3.01, +29.755, +1295.93473, +1041.000, +257.000, -160.000
1644096000, +3.01, +29.771, +1252.87984, +1043.000, +256.000, -148.000
1644096120, +3.01, +29.779, +1314.91059, +1043.000, +262.000, -160.000
1644096240, +3.01, +29.779, +1418.64304, +1043.000, +256.000, -153.000
1644096360, +3.01, +29.811, +1172.39963, +1043.000, +260.000, -160.000
1644096480, +3.01, +29.811, +1444.18986, +1041.000, +256.000, -156.000
1644096600, +3.01, +29.803, +1387.40161, +1041.000, +260.000, -160.000
1644096720, +3.01, +29.819, +1332.93581, +1043.000, +264.000, -160.000
1644096840, +3.01, +29.852, +1074.49495, +1043.000, +256.000, -160.000
1644096960, +3.01, +29.876, +1411.32272, +1043.000, +259.000, -160.000
1644097080, +3.01, +29.908, +636.48632, +1043.000, +260.000, -160.000
1644097200, +3.01, +29.916, +1592.50072, +1043.000, +268.000, -160.000
1644097320, +3.01, +29.957, +219.90295, +1041.000, +264.000, -160.000
1644097440, +3.01, +29.965, +216.62986, +1041.000, +262.000, -160.000
1644097560, +3.01, +29.981, +1541.93971, +1043.000, +263.000, -160.000
1644097680, +3.01, +29.949, +326.12195, +1040.000, +264.000, -160.000
1644097800, +3.01, +29.981, +1445.63906, +1040.000, +264.000, -164.000
1644097920, +3.01, +29.997, +1451.47302, +1043.000, +265.000, -168.000
1644098040, +3.01, +29.981, +193.45193, +1046.000, +262.000, -160.000
1644098160, +3.01, +30.021, +328.47845, +1041.000, +264.000, -160.000
1644098280, +3.01, +29.997, +285.38020, +1043.000, +264.000, -160.000
1644098400, +3.01, +29.997, +229.75318, +1040.000, +263.000, -160.000
1644098520, +3.01, +29.989, +318.69325, +1046.000, +264.000, -160.000
1644098640, +3.01, +29.981, +698.72765, +1043.000, +260.000, -160.000
1644098760, +3.01, +29.965, +260.14305, +1046.000, +256.000, -160.000
1644098880, +3.01, +29.965, +371.77178, +1048.000, +260.000, -160.000
1644099000, +3.01, +29.957, +372.10931, +1043.000, +262.000, -160.000
1644099120, +3.01, +29.957, +754.55285, +1043.000, +260.000, -160.000
1644099240, +3.01, +29.949, +1527.92147, +1043.000, +264.000, -160.000
1644099360, +3.01, +29.957, +1436.09229, +1041.000, +262.000, -160.000
1644099480, +3.01, +29.941, +1300.34736, +1041.000, +260.000, -160.000
1644099600, +3.01, +29.941, +1392.78657, +1040.000, +272.000, -168.000
1644099720, +3.01, +29.973, +710.03018, +1040.000, +264.000, -160.000
1644099840, +3.01, +29.957, +902.07099, +1040.000, +264.000, -160.000
1644099960, +3.01, +29.965, +1502.93514, +1043.000, +260.000, -160.000
1644100080, +3.01, +29.957, +1446.95201, +1043.000, +260.000, -160.000
1644100200, +3.01, +29.957, +230.54281, +1046.000, +259.000, -160.000
1644100320, +3.01, +29.957, +226.07134, +1040.000, +262.000, -160.000
1644100440, +3.01, +29.965, +292.10289, +1040.000, +264.000, -160.000
1644100560, +3.01, +29.989, +263.21486, +1043.000, +260.000, -160.000
1644100680, +3.01, +29.989, +257.70604, +1041.000, +264.000, -164.000
1644100800, +3.01, +29.989, +1428.66978, +1040.000, +264.000, -164.000
1644100920, +3.01, +29.981, +1101.60864, +1043.000, +260.000, -160.000
1644101040, +3.01, +29.989, +1343.14524, +1044.000, +264.000, -168.000
1644101160, +3.01, +29.997, +1586.76895, +1040.000, +268.000, -168.000
1644101280, +3.01, +30.005, +1364.31349, +1041.000, +264.000, -164.000
1644101400, +3.01, +29.989, +1125.54213, +1043.000, +258.000, -160.000
1644101520, +3.01, +29.997, +900.70540, +1043.000, +268.000, -168.000
1644101640, +3.01, +30.013, +354.91708, +1040.000, +263.000, -164.000
1644101760, +3.01, +30.013, +636.11163, +1040.000, +262.000, -160.000
1644101880, +3.01, +30.013, +458.61856, +1040.000, +272.000, -168.000
1644102000, +3.01, +30.021, +1299.88597, +1043.000, +262.000, -160.000
1644102120, +3.01, +30.030, +581.70466, +1041.000, +262.000, -160.000
1644102240, +3.01, +30.030, +1102.80701, +1043.000, +272.000, -168.000
1644102360, +3.01, +30.038, +1363.85210, +1040.000, +264.000, -164.000
1644102480, +3.01, +30.046, +1144.14021, +1043.000, +262.000, -160.000
1644102600, +3.01, +30.062, +1323.29614, +1041.000, +264.000, -164.000
1644102720, +3.01, +30.054, +1310.62183, +1039.000, +268.000, -168.000
1644102840, +3.01, +30.078, +1480.47562, +1039.000, +264.000, -168.000
1644102960, +3.01, +30.078, +1256.43471, +1040.000, +270.000, -168.000
1644103080, +3.01, +30.086, +369.10872, +1040.000, +268.000, -168.000
1644103200, +3.01, +30.086, +333.52898, +1044.000, +259.000, -160.000
1644103320, +3.01, +30.078, +393.38284, +1043.000, +262.000, -160.000
1644103440, +3.01, +30.102, +935.70918, +1040.000, +260.000, -160.000
1644103560, +3.01, +30.094, +495.27902, +1041.000, +264.000, -164.000
1644103680, +3.01, +30.118, +332.97779, +1040.000, +264.000, -164.000
1644103800, +3.01, +30.118, +444.58794, +1043.000, +263.000, -160.000
1644103920, +3.01, +30.110, +328.78811, +1040.000, +272.000, -168.000
1644104040, +3.01, +30.086, +316.97155, +1040.000, +262.000, -164.000
1644104160, +3.01, +30.078, +303.82036, +1041.000, +264.000, -164.000
1644104280, +3.01, +30.078, +223.48569, +1041.000, +264.000, -168.000
1644104400, +3.01, +30.038, +165.84898, +1040.000, +270.000, -168.000
1644104520, +3.01, +30.062, +147.80519, +1040.000, +263.000, -164.000
1644104640, +3.01, +30.062, +215.40051, +1043.000, +264.000, -164.000
1644104760, +3.01, +30.054, +273.06509, +1043.000, +263.000, -160.000
1644104880, +3.01, +30.030, +732.20791, +1043.000, +258.000, -168.000
1644105000, +3.01, +30.013, +446.74626, +1039.000, +262.000, -160.000
1644105120, +3.01, +30.030, +333.13262, +1040.000, +264.000, -164.000
1644105240, +3.01, +30.021, +950.65019, +1040.000, +264.000, -164.000
1644105360, +3.01, +30.021, +969.71895, +1040.000, +264.000, -168.000
1644105480, +3.01, +30.013, +875.73455, +1038.000, +248.000, -185.000
1644105600, +3.01, +29.989, +947.56909, +1033.000, +252.000, -192.000
1644105720, +3.01, +29.973, +940.21471, +1038.000, +248.000, -188.000
1644105840, +3.01, +29.957, +968.19543, +1036.000, +256.000, -192.000
1644105960, +3.01, +29.949, +751.30763, +1036.000, +248.000, -192.000
1644106080, +3.01, +29.949, +861.80921, +1036.000, +246.000, -192.000
1644106200, +3.01, +29.933, +921.44631, +1036.000, +248.000, -192.000
1644106320, +3.01, +29.941, +951.03107, +1036.000, +248.000, -190.000
1644106440, +3.01, +29.949, +961.55636, +1036.000, +252.000, -192.000
1644106560, +3.01, +29.957, +951.11158, +1036.000, +248.000, -188.000
1644106680, +3.01, +29.965, +827.02219, +1036.000, +248.000, -192.000
1644106800, +3.01, +29.941, +785.64565, +1036.000, +248.000, -192.000
1644106920, +3.01, +29.949, +902.09576, +1036.000, +252.000, -192.000
1644107040, +3.01, +29.957, +778.38416, +1033.000, +248.000, -192.000
1644107160, +3.01, +29.941, +487.69858, +1036.000, +248.000, -192.000
1644107280, +3.01, +29.957, +349.55999, +1036.000, +248.000, -192.000
1644107400, +3.01, +29.949, +182.08437, +1033.000, +248.000, -192.000
1644107520, +3.01, +29.949, +171.63340, +1036.000, +248.000, -192.000
1644107640, +3.01, +29.981, +155.95540, +1036.000, +240.000, -192.000
1644107760, +3.01, +29.957, +164.04058, +1036.000, +246.000, -192.000
1644107880, +3.01, +29.981, +167.47779, +1032.000, +256.000, -192.000
1644108000, +3.01, +29.997, +180.74974, +1036.000, +252.000, -192.000
1644108120, +3.01, +29.989, +126.53786, +1032.000, +248.000, -192.000
1644108240, +3.01, +29.997, +155.85631, +1036.000, +252.000, -192.000
1644108360, +3.01, +30.021, +149.98209, +1036.000, +248.000, -192.000
1644108480, +3.01, +30.021, +133.37821, +1033.000, +243.000, -192.000
1644108600, +3.01, +29.997, +143.68054, +1036.000, +248.000, -192.000
1644108720, +3.01, +30.038, +146.68113, +1036.000, +248.000, -192.000
1644108840, +3.01, +30.030, +139.05734, +1038.000, +246.000, -192.000
1644108960, +3.01, +29.997, +124.25877, +1036.000, +259.000, -192.000
1644109080, +3.01, +30.013, +121.22412, +1036.000, +248.000, -192.000
1644109200, +3.01, +30.021, +108.94926, +1036.000, +248.000, -192.000
1644109320, +3.01, +30.030, +122.35747, +1036.000, +246.000, -192.000
1644109440, +3.01, +30.030, +117.01586, +1038.000, +248.000, -192.000
1644109560, +3.01, +30.030, +103.32277, +1036.000, +248.000, -192.000
1644109680, +3.01, +30.030, +106.92719, +1038.000, +242.000, -192.000
1644109800, +3.01, +30.030, +111.91889, +1036.000, +240.000, -192.000
1644109920, +3.01, +30.013, +116.58234, +1036.000, +248.000, -192.000
1644110040, +3.01, +30.005, +111.07042, +1036.000, +248.000, -192.000
1644110160, +3.01, +30.030, +119.53029, +1036.000, +248.000, -192.000
1644110280, +3.01, +30.021, +139.63021, +1038.000, +248.000, -192.000
1644110400, +3.01, +30.030, +142.04864, +1036.000, +240.000, -192.000
1644110520, +3.01, +30.030, +169.15923, +1036.000, +243.000, -192.000
1644110640, +3.01, +30.013, +192.90693, +1039.000, +243.000, -192.000
1644110760, +3.01, +30.030, +163.01251, +1038.000, +252.000, -192.000
1644110880, +3.01, +30.021, +137.53383, +1036.000, +248.000, -192.000
1644111000, +3.01, +30.030, +123.69519, +1038.000, +246.000, -192.000
1644111120, +3.01, +30.021, +135.79045, +1038.000, +240.000, -192.000
1644111240, +3.01, +30.038, +141.59035, +1039.000, +248.000, -192.000
1644111360, +3.01, +30.013, +131.93211, +1036.000, +248.000, -192.000
1644111480, +3.01, +30.038, +113.41144, +1038.000, +243.000, -192.000
1644111600, +3.01, +30.021, +112.54440, +1038.000, +240.000, -192.000
1644111720, +3.01, +30.030, +108.46310, +1036.000, +248.000, -192.000
1644111840, +3.01, +30.021, +107.44432, +1038.000, +236.000, -192.000
1644111960, +3.01, +30.013, +116.15192, +1036.000, +243.000, -192.000
1644112080, +3.01, +30.005, +102.05937, +1035.000, +252.000, -192.000
1644112200, +3.01, +30.005, +92.19055, +1036.000, +248.000, -196.000
1644112320, +3.01, +30.005, +94.19714, +1038.000, +248.000, -192.000
1644112440, +3.01, +29.997, +109.40756, +1038.000, +243.000, -192.000
1644112560, +3.01, +29.981, +105.49967, +1038.000, +243.000, -192.000
1644112680, +3.01, +29.981, +98.04929, +1038.000, +243.000, -192.000
1644112800, +3.01, +29.981, +88.75335, +1036.000, +240.000, -192.000
1644112920, +3.01, +29.957, +83.95674, +1033.000, +238.000, -192.000
1644113040, +3.01, +29.941, +81.49186, +1036.000, +243.000, -192.000
1644113160, +3.01, +29.908, +85.93546, +1038.000, +236.000, -194.000
1644113280, +3.01, +29.884, +78.05775, +1036.000, +240.000, -192.000
1644113400, +3.01, +29.892, +72.27023, +1036.000, +240.000, -192.000
1644113520, +3.01, +29.884, +68.86399, +1036.000, +236.000, -191.000
1644113640, +3.01, +29.852, +73.37881, +1038.000, +238.000, -184.000
1644113760, +3.01, +29.860, +72.50867, +1036.000, +236.000, -188.000
1644113880, +3.01, +29.827, +66.64684, +1038.000, +240.000, -192.000
1644114000, +3.01, +29.827, +65.77050, +1039.000, +240.000, -192.000
1644114120, +3.01, +29.811, +74.40068, +1036.000, +241.000, -192.000
1644114240, +3.01, +29.779, +70.83342, +1039.000, +230.000, -178.000
1644114360, +3.01, +29.779, +79.94666, +1033.000, +232.000, -186.000
1644114480, +3.01, +29.763, +90.08797, +1036.000, +240.000, -180.000
1644114600, +3.01, +29.747, +84.22304, +1038.000, +240.000, -186.000
1644114720, +3.01, +29.747, +70.09953, +1038.000, +240.000, -192.000
1644114840, +3.01, +29.722, +64.33059, +1036.000, +240.000, -189.000
1644114960, +3.01, +29.722, +55.93575, +1036.000, +240.000, -192.000
1644115080, +3.01, +29.706, +52.34991, +1036.000, +240.000, -200.000
1644115200, +3.01, +29.657, +50.84187, +1038.000, +224.000, -168.000
1644115320, +3.01, +29.666, +46.75438, +1036.000, +236.000, -194.000
1644115440, +3.01, +29.633, +37.35935, +1036.000, +236.000, -192.000
1644115560, +3.01, +29.625, +33.95311, +1038.000, +224.000, -173.000
1644115680, +3.01, +29.625, +34.49501, +1038.000, +228.000, -178.000
1644115800, +3.01, +29.617, +33.44217, +1035.000, +224.000, -169.000
1644115920, +3.01, +29.601, +26.28597, +1036.000, +216.000, -165.000
1644116040, +3.01, +29.584, +22.91069, +1038.000, +236.000, -180.000
1644116160, +3.01, +29.560, +23.26990, +1036.000, +224.000, -169.000
1644116280, +3.01, +29.568, +22.39666, +1036.000, +224.000, -161.000
1644116400, +3.01, +29.552, +19.43323, +1036.000, +224.000, -167.000
1644116520, +3.01, +29.544, +18.40207, +1036.000, +232.000, -180.000
1644116640, +3.01, +29.520, +16.58437, +1036.000, +236.000, -180.000
1644116760, +3.01, +29.520, +14.32077, +1033.000, +224.000, -170.000
1644116880, +3.01, +29.495, +12.19651, +1036.000, +224.000, -168.000
1644117000, +3.01, +29.503, +10.48720, +1036.000, +224.000, -173.000
1644117120, +3.01, +29.479,  +8.80575, +1033.000, +228.000, -177.000
1644117240, +3.01, +29.487,  +6.80846, +1033.000, +224.000, -161.000
1644117360, +3.01, +29.471,  +5.65034, +1036.000, +224.000, -161.000
1644117480, +3.01, +29.463,  +4.23829, +1036.000, +224.000, -161.000
1644117600, +3.01, +29.438,  +3.08636, +1036.000, +224.000, -165.000
1644117720, +3.01, +29.438,  +2.16978, +1036.000, +224.000, -168.000
1644117840, +3.01, +29.414,  +1.51949, +1036.000, +224.000, -161.000
1644117960, +3.01, +29.430,  +1.29654, +1036.000, +216.000, -161.000
1644118080, +3.01, +29.398,  +0.96211, +1036.000, +216.000, -157.000
1644118200, +3.01, +29.398,  +0.69580, +1036.000, +224.000, -161.000
1644118320, +3.01, +29.414,  +0.32731, +1036.000, +226.000, -178.000
1644118440, +3.01, +29.398,  +0.23131, +1038.000, +232.000, -161.000
1644118560, +3.01, +29.390,  +0.09816, +1038.000, +224.000, -161.000
1644118680, +3.01, +29.373,  +0.07649, +1036.000, +230.000, -173.000
1644118800, +3.01, +29.373,  +0.04552, +1032.000, +232.000, -181.000
1644118920, +3.01, +29.341,  -0.07834, +1036.000, +236.000, -176.000
1644119040, +3.01, +29.333,  -0.07215, +1038.000, +228.000, -157.000
1644119160, +3.01, +29.333,  +0.05791, +1038.000, +232.000, -161.000
1644119280, +3.01, +29.333,  -0.04738, +1032.000, +231.000, -170.000
1644119400, +3.01, +29.325,  -0.00093, +1038.000, +231.000, -173.000
1644119520, +3.01, +29.317,  -0.02880, +1036.000, +233.000, -167.000
1644119640, +3.01, +29.317,  +0.02384, +1038.000, +232.000, -169.000
1644119760, +3.01, +29.300,  -0.08454, +1036.000, +231.000, -177.000
1644119880, +3.01, +29.268,  +0.03933, +1036.000, +224.000, -157.000
1644120000, +3.01, +29.276,  -0.05976, +1038.000, +232.000, -165.000
1644120120, +3.01, +29.276,  -0.00712, +1036.000, +230.000, -167.000
1644120240, +3.01, +29.235,  +0.05791, +1036.000, +231.000, -168.000
1644120360, +3.01, +29.243,  -0.05667, +1036.000, +231.000, -163.000
1644120480, +3.01, +29.243,  +0.04552, +1036.000, +231.000, -169.000
1644120600, +3.01, +29.227,  +0.02075, +1038.000, +231.000, -176.000
1644120720, +3.01, +29.203,  -0.07834, +1033.000, +217.000, -148.000
1644120840, +3.01, +29.186,  -0.08454, +1033.000, +216.000, -157.000
1644120960, +3.01, +29.162,  -0.03189, +1033.000, +220.000, -145.000
1644121080, +3.01, +29.170,  -0.04428, +1036.000, +224.000, -161.000
1644121200, +3.01, +29.154,  -0.13099, +1036.000, +232.000, -165.000
1644121320, +3.01, +29.146,  -0.03809, +1032.000, +220.000, -151.000
1644121440, +3.01, +29.137,  -0.04738, +1033.000, +220.000, -153.000
1644121560, +3.01, +29.129,  -0.00093, +1036.000, +222.000, -153.000
1644121680, +3.01, +29.113,  -0.01951, +1038.000, +216.000, -151.000
1644121800, +3.01, +29.089,  -0.08144, +1033.000, +220.000, -145.000
1644121920, +3.01, +29.080,  +0.04242, +1036.000, +231.000, -165.000
1644122040, +3.01, +29.080,  -0.06905, +1032.000, +216.000, -145.000
1644122160, +3.01, +29.064,  -0.10931, +1036.000, +219.000, -141.000
1644122280, +3.01, +29.040,  -0.08144, +1032.000, +220.000, -143.000
1644122400, +3.01, +29.048,  +0.07958, +1038.000, +220.000, -149.000
1644122520, +3.01, +29.032,  -0.01641, +1036.000, +219.000, -153.000
1644122640, +3.01, +29.015,  -0.02880, +1036.000, +220.000, -151.000
1644122760, +3.01, +29.015,  +0.07958, +1036.000, +219.000, -149.000
1644122880, +3.01, +28.999,  -0.00403, +1036.000, +217.000, -141.000
1644123000, +3.01, +28.983,  -0.05047, +1036.000, +219.000, -141.000
1644123120, +3.01, +28.966,  -0.01951, +1033.000, +216.000, -153.000
1644123240, +3.01, +28.958,  +0.06410, +1036.000, +224.000, -157.000
1644123360, +3.01, +28.950,  +0.03623, +1038.000, +216.000, -145.000
1644123480, +3.01, +28.934,  -0.07834, +1036.000, +215.000, -147.000
1644123600, +3.01, +28.909,  +0.10745, +1039.000, +216.000, -145.000
1644123720, +3.01, +28.909,  -0.07215, +935.000, +212.000,  +3.000
1644123840, +3.01, +28.893,  -0.00712, +1038.000, +214.000, -141.000
1644123960, +3.01, +28.885,  -0.03499, +1039.000, +209.000, -145.000
1644124080, +3.01, +28.868,  -0.09383, +935.000, +216.000,  -1.000
1644124200, +3.01, +28.868,  -0.07215, +934.000, +216.000,  +3.000
1644124320, +3.01, +28.828,  +0.00217, +935.000, +215.000,  +1.000
1644124440, +3.01, +28.803,  +0.05791, +934.000, +216.000,  -1.000
1644124560, +3.01, +28.811,  +0.00836, +1038.000, +216.000, -145.000
1644124680, +3.01, +28.787,  -0.04738, +1036.000, +216.000, -148.000
1644124800, +3.01, +28.795,  -0.03189, +935.000, +212.000,  +3.000
1644124920, +3.01, +28.779,  -0.04428, +931.000, +216.000,  +3.000
1644125040, +3.01, +28.754,  -0.06596, +931.000, +215.000,  -2.000
1644125160, +3.01, +28.770,  -0.04738, +935.000, +211.000,  -1.000
1644125280, +3.01, +28.738,  +0.03004, +932.000, +216.000,  +3.000
1644125400, +3.01, +28.738,  -0.01641, +935.000, +216.000,  -1.000
1644125520, +3.01, +28.721,  +0.04552, +934.000, +215.000,  +1.000
1644125640, +3.01, +28.713,  +0.01146, +935.000, +216.000,  -1.000
1644125760, +3.01, +28.713,  -0.02880, +1036.000, +217.000, -145.000
1644125880, +3.01, +28.713,  -0.05047, +1036.000, +217.000, -141.000
1644126000, +3.01, +28.689,  -0.02570, +934.000, +215.000,  -2.000
1644126120, +3.01, +28.681,  -0.10621, +934.000, +216.000,  +3.000
1644126240, +3.01, +28.681,  -0.01951, +935.000, +216.000,  +3.000
1644126360, +3.01, +28.664,  +0.03313, +932.000, +216.000,  -1.000
1644126480, +3.01, +28.664,  -0.06905, +935.000, +215.000,  +3.000
1644126600, +3.01, +28.656,  -0.04738, +934.000, +216.000,  -1.000
1644126720, +3.01, +28.640,  +0.04242, +931.000, +216.000,  -1.000
1644126840, +3.01, +28.632,  -0.03809, +934.000, +216.000,  -4.000
1644126960, +3.01, +28.615,  +0.01765, +932.000, +209.000,  +1.000
1644127080, +3.01, +28.623,  -0.01332, +934.000, +216.000,  +3.000
1644127200, +3.01, +28.599,  +0.00526, +935.000, +216.000,  -1.000
1644127320, +3.01, +28.599,  -0.16195, +1036.000, +222.000, -141.000
1644127440, +3.01, +28.599,  +0.00836, +934.000, +217.000,  +0.000
1644127560, +3.01, +28.582,  -0.04738, +934.000, +217.000,  +0.000
1644127680, +3.01, +28.582,  +0.11364, +935.000, +216.000,  +3.000
1644127800, +3.01, +28.574,  -0.07215, +934.000, +215.000,  +1.000
1644127920, +3.01, +28.566,  -0.07215, +935.000, +215.000,  +0.000
1644128040, +3.01, +28.550,  +0.04552, +931.000, +215.000,  -1.000
1644128160, +3.01, +28.550,  -0.02261, +931.000, +216.000,  +3.000
1644128280, +3.01, +28.542,  -0.10002, +935.000, +211.000,  -4.000
1644128400, +3.01, +28.533,  +0.06410, +931.000, +216.000,  -1.000
1644128520, +3.01, +28.517,  +0.03004, +931.000, +214.000,  -2.000
1644128640, +3.01, +28.517,  -0.05667, +934.000, +216.000,  -2.000
1644128760, +3.01, +28.492,  -0.08144, +934.000, +215.000,  +0.000
1644128880, +3.01, +28.492,  -0.02570, +934.000, +216.000,  -1.000
1644129000, +3.01, +28.484,  -0.09073, +931.000, +216.000,  -7.000
1644129120, +3.01, +28.484,  +0.02694, +931.000, +216.000,  -1.000
1644129240, +3.01, +28.476,  -0.06905, +935.000, +215.000,  +3.000
1644129360, +3.01, +28.468,  -0.11860, +934.000, +215.000,  +1.000
1644129480, +3.01, +28.468,  -0.03809, +934.000, +215.000,  -1.000
1644129600, +3.01, +28.460,  -0.00403, +935.000, +214.000,  -2.000
1644129720, +3.01, +28.452,  -0.11241, +931.000, +216.000,  +3.000
1644129840, +3.01, +28.452,  -0.04738, +931.000, +214.000,  -1.000
1644129960, +3.01, +28.427,  -0.10931, +931.000, +215.000,  -2.000
1644130080, +3.01, +28.419,  +0.00217, +931.000, +217.000,  -4.000
1644130200, +3.01, +28.419,  -0.17743, +931.000, +215.000,  -2.000
1644130320, +3.01, +28.411,  +0.00836, +931.000, +216.000,  -4.000
1644130440, +3.01, +28.402,  -0.07215, +935.000, +214.000,  -1.000
1644130560, +3.01, +28.411,  -0.02261, +934.000, +212.000,  +4.000
1644130680, +3.01, +28.394,  -0.02570, +935.000, +216.000,  -4.000
1644130800, +3.01, +28.394,  +0.00526, +934.000, +216.000,  -1.000
1644130920, +3.01, +28.378,  -0.03809, +931.000, +215.000,  -4.000
1644131040, +3.01, +28.378,  -0.00093, +935.000, +212.000,  -1.000
1644131160, +3.01, +28.402,  -0.06596, +934.000, +216.000,  -2.000
1644131280, +3.01, +28.394,  +0.01455, +998.000, +248.000, -96.000
1644131400, +3.01, +28.378,  +0.01765, +929.000, +216.000,  -1.000
1644131520, +3.01, +28.394,  +0.02694, +931.000, +216.000,  -1.000
1644131640, +3.01, +28.386,  -0.02880, +931.000, +216.000,  -1.000
1644131760, +3.01, +28.386,  -0.08454, +931.000, +216.000,  -4.000
1644131880, +3.01, +28.361,  -0.10002, +931.000, +214.000,  -2.000
1644132000, +3.01, +28.353,  -0.05976, +931.000, +216.000,  -7.000
1644132120, +3.01, +28.345,  -0.05047, +934.000, +211.000,  +0.000
1644132240, +3.01, +28.337,  -0.07215, +999.000, +252.000, -93.000
1644132360, +3.01, +28.329,  -0.00403, +935.000, +216.000,  -1.000
1644132480, +3.01, +28.337,  -0.09073, +934.000, +216.000,  -4.000
1644132600, +3.01, +28.345,  +0.03313, +934.000, +216.000,  -7.000
1644132720, +3.01, +28.345,  +0.00217, +931.000, +216.000,  -4.000
1644132840, +3.01, +28.320,  +0.01455, +931.000, +216.000,  -2.000
1644132960, +3.01, +28.312,  -0.06286, +934.000, +216.000,  -2.000
1644133080, +3.01, +28.304,  -0.02261, +995.000, +248.000, -84.000
1644133200, +3.01, +28.279,  -0.07525, +934.000, +216.000,  -4.000
1644133320, +3.01, +28.296,  -0.08454, +931.000, +215.000,  -8.000
1644133440, +3.01, +28.304,  -0.00093, +934.000, +215.000,  -2.000
1644133560, +3.01, +28.288,  +0.00217, +934.000, +214.000,  -2.000
1644133680, +3.01, +28.271,  -0.04118, +932.000, +216.000,  -4.000
1644133800, +3.01, +28.263,  -0.04428, +934.000, +215.000,  -4.000
1644133920, +3.01, +28.271,  -0.06286, +931.000, +216.000,  -7.000
1644134040, +3.01, +28.263,  -0.06596, +935.000, +214.000,  -2.000
1644134160, +3.01, +28.271,  -0.03499, +931.000, +215.000,  +0.000
1644134280, +3.01, +28.255,  -0.03499, +934.000, +215.000,  -4.000
1644134400, +3.01, +28.255,  -0.05667, +931.000, +216.000,  -4.000
1644134520, +3.01, +28.255,  +0.00526, +1000.000, +252.000, -93.000
1644134640, +3.01, +28.230,  +0.00217, +999.000, +252.000, -96.000
1644134760, +3.01, +28.247,  +0.03623, +931.000, +216.000,  -7.000
1644134880, +3.01, +28.238,  -0.04428, +931.000, +216.000,  +0.000
1644135000, +3.01, +28.230,  -0.01332, +931.000, +216.000,  -1.000
1644135120, +3.01, +28.230,  -0.06596, +934.000, +215.000,  +0.000
1644135240, +3.01, +28.230,  -0.08763, +931.000, +217.000,  -4.000
1644135360, +3.01, +28.230,  +0.04242, +1001.000, +252.000, -100.000
1644135480, +3.01, +28.230,  -0.06286, +995.000, +252.000, -88.000
1644135600, +3.01, +28.230,  -0.15576, +992.000, +246.000, -76.000
1644135720, +3.01, +28.206,  -0.05976, +998.000, +248.000, -88.000
1644135840, +3.01, +28.206,  -0.00712, +932.000, +216.000,  -8.000
1644135960, +3.01, +28.197,  -0.03189, +995.000, +256.000, -92.000
1644136080, +3.01, +28.197,  -0.01951, +931.000, +216.000,  -8.000
1644136200, +3.01, +28.173,  +0.10126, +931.000, +214.000,  -8.000
1644136320, +3.01, +28.206,  -0.06286, +993.000, +248.000, -80.000
1644136440, +3.01, +28.206,  -0.03809, +931.000, +217.000,  -4.000
1644136560, +3.01, +28.206,  +0.00217, +931.000, +216.000,  -8.000
1644136680, +3.01, +28.173,  +0.02694, +934.000, +215.000,  -7.000
1644136800, +3.01, +28.206,  -0.14956, +931.000, +216.000,  -7.000
1644136920, +3.01, +28.197,  +0.04242, +1000.000, +256.000, -100.000
1644137040, +3.01, +28.197,  +0.01455, +931.000, +217.000,  -8.000
1644137160, +3.01, +28.173,  -0.03809, +934.000, +216.000,  -8.000
1644137280, +3.01, +28.181,  +0.09816, +931.000, +216.000,  -4.000
1644137400, +3.01, +28.156,  -0.01332, +935.000, +216.000,  -4.000
1644137520, +3.01, +28.181,  +0.02075, +932.000, +216.000,  -2.000
1644137640, +3.01, +28.165,  +0.02384, +934.000, +215.000,  +0.000
1644137760, +3.01, +28.156,  +0.00217, +1000.000, +252.000, -96.000
1644137880, +3.01, +28.156,  -0.05357, +931.000, +215.000,  -4.000
1644138000, +3.01, +28.148,  +0.00217, +931.000, +216.000,  -5.000
1644138120, +3.01, +28.165,  -0.01022, +931.000, +214.000,  -8.000
1644138240, +3.01, +28.140,  -0.12479, +931.000, +216.000,  -5.000
1644138360, +3.01, +28.173,  -0.10312, +998.000, +252.000, -93.000
1644138480, +3.01, +28.156,  -0.01641, +999.000, +256.000, -104.000
1644138600, +3.01, +28.148,  +0.02075, +931.000, +216.000,  -7.000
1644138720, +3.01, +28.156,  -0.02570, +993.000, +248.000, -84.000
1644138840, +3.01, +28.148,  -0.03189, +931.000, +214.000,  -4.000
1644138960, +3.01, +28.140,  +0.06410, +934.000, +214.000,  -4.000
1644139080, +3.01, +28.148,  -0.01951, +996.000, +248.000, -88.000
1644139200, +3.01, +28.148,  +0.01146, +998.000, +248.000, -88.000
1644139320, +3.01, +28.132,  -0.06596, +931.000, +216.000,  -4.000
1644139440, +3.01, +28.124,  -0.05357, +927.000, +220.000,  -8.000
1644139560, +3.01, +28.140,  -0.00403, +998.000, +252.000, -96.000
1644139680, +3.01, +28.132,  -0.10002, +999.000, +252.000, -100.000
1644139800, +3.01, +28.124,  -0.05667, +927.000, +220.000, -16.000
1644139920, +3.01, +28.124,  +0.03623, +927.000, +217.000, -18.000
1644140040, +3.01, +28.115,  -0.07215, +929.000, +216.000, -13.000
1644140160, +3.01, +28.115,  -0.01022, +995.000, +256.000, -104.000
1644140280, +3.01, +28.099,  -0.00712, +928.000, +217.000, -12.000
1644140400, +3.01, +28.099,  +0.00836, +992.000, +252.000, -96.000
1644140520, +3.01, +28.107,  -0.07525, +995.000, +252.000, -104.000
1644140640, +3.01, +28.107,  -0.02261, +996.000, +256.000, -104.000
1644140760, +3.01, +28.115,  -0.08763, +927.000, +216.000, -18.000
1644140880, +3.01, +28.124,  -0.05667, +995.000, +256.000, -104.000
1644141000, +3.01, +28.107,  -0.00403, +929.000, +217.000, -12.000
1644141120, +3.01, +28.115,  -0.12789, +929.000, +216.000, -15.000
1644141240, +3.01, +28.115,  -0.03189, +928.000, +216.000, -16.000
1644141360, +3.01, +28.083,  -0.13408, +1030.000, +224.000, -162.000
1644141480, +3.01, +28.099,  -0.02880, +1001.000, +260.000, -120.000
1644141600, +3.01, +28.083,  -0.08454, +992.000, +256.000, -104.000
1644141720, +3.01, +28.058,  -0.01022, +929.000, +216.000,  -9.000
1644141840, +3.01, +28.099,  +0.03933, +926.000, +220.000, -15.000
1644141960, +3.01, +28.107,  -0.03809, +993.000, +256.000, -100.000
1644142080, +3.01, +28.107,  +0.01146, +995.000, +236.000, -112.000
1644142200, +3.01, +28.115,  -0.00403, +992.000, +238.000, -104.000
1644142320, +3.01, +28.107,  -0.16195, +928.000, +201.000, -24.000
1644142440, +3.01, +28.099,  -0.01332, +928.000, +199.000, -20.000
1644142560, +3.01, +28.091,  -0.03809, +999.000, +240.000, -128.000
1644142680, +3.01, +28.091,  -0.04428, +1000.000, +236.000, -116.000
1644142800, +3.01, +28.083,  -0.04428, +996.000, +236.000, -109.000
1644142920, +3.01, +28.091,  -0.03189, +931.000, +199.000, -20.000
1644143040, +3.01, +28.066,  +0.01765, +931.000, +198.000, -24.000
1644143160, +3.01, +28.050,  -0.00403, +928.000, +201.000, -18.000
1644143280, +3.01, +28.074,  -0.07215, +992.000, +233.000, -109.000
1644143400, +3.01, +28.083,  +0.07958, +931.000, +199.000, -21.000
1644143520, +3.01, +28.083,  -0.04118, +931.000, +198.000, -20.000
1644143640, +3.01, +28.099,  -0.09383, +928.000, +201.000, -20.000
1644143760, +3.01, +28.091,  -0.06905, +928.000, +199.000, -25.000
1644143880, +3.01, +28.083,  -0.10621, +999.000, +233.000, -120.000
1644144000, +3.01, +28.050,  -0.06905, +928.000, +198.000, -24.000
1644144120, +3.01, +28.083,  +0.00526, +1000.000, +240.000, -120.000
1644144240, +3.01, +28.074,  -0.02880, +928.000, +204.000, -23.000
1644144360, +3.01, +28.066,  +0.01765, +929.000, +200.000, -20.000
1644144480, +3.01, +28.066,  -0.04428, +996.000, +238.000, -112.000
1644144600, +3.01, +28.058,  -0.01641, +929.000, +199.000, -24.000
1644144720, +3.01, +28.058,  -0.06905, +996.000, +240.000, -116.000
1644144840, +3.01, +28.050,  -0.10002, +987.000, +231.000, -93.000
1644144960, +3.01, +28.058,  -0.06905, +928.000, +200.000, -20.000
1644145080, +3.01, +28.058,  -0.02261, +995.000, +236.000, -114.000
1644145200, +3.01, +28.058,  +0.00836, +927.000, +199.000, -18.000
1644145320, +3.01, +28.066,  -0.02261, +995.000, +236.000, -114.000
1644145440, +3.01, +28.050,  -0.02570, +929.000, +199.000, -24.000
1644145560, +3.01, +28.050,  -0.07525, +927.000, +200.000, -25.000
1644145680, +3.01, +28.066,  -0.02570, +927.000, +201.000, -25.000
1644145800, +3.01, +28.074,  +0.01146, +999.000, +236.000, -114.000
1644145920, +3.01, +28.074,  +0.03933, +929.000, +198.000, -23.000
1644146040, +3.01, +28.083,  -0.10621, +966.000, +216.000, -40.000
1644146160, +3.01, +28.058,  -0.04428, +992.000, +232.000, -109.000
1644146280, +3.01, +28.066,  -0.03499, +931.000, +199.000, -20.000
1644146400, +3.01, +28.066,  +0.03004, +992.000, +236.000, -106.000
1644146520, +3.01, +28.066,  -0.14028, +927.000, +198.000, -25.000
1644146640, +3.01, +28.058,  -0.08763, +995.000, +236.000, -112.000
1644146760, +3.01, +28.066,  -0.06286, +995.000, +231.000, -108.000
1644146880, +3.01, +28.058,  -0.01951, +928.000, +198.000, -17.000
1644147000, +3.01, +28.058,  +0.01146, +992.000, +232.000, -104.000
1644147120, +3.01, +28.066,  -0.06286, +995.000, +230.000, -112.000
1644147240, +3.01, +28.058,  +0.03004, +988.000, +227.000, -90.000
1644147360, +3.01, +28.066,  -0.02570, +931.000, +195.000, -18.000
1644147480, +3.01, +28.033,  -0.18672, +995.000, +232.000, -114.000
1644147600, +3.01, +28.042,  -0.02261, +995.000, +232.000, -109.000
1644147720, +3.01, +28.058,  -0.10002, +996.000, +230.000, -112.000
1644147840, +3.01, +28.050,  -0.00403, +995.000, +231.000, -110.000
1644147960, +3.01, +28.058,  -0.02261, +992.000, +230.000, -104.000
1644148080, +3.01, +28.050,  -0.06286, +996.000, +231.000, -112.000
1644148200, +3.01, +28.042,  -0.05976, +995.000, +231.000, -114.000
1644148320, +3.01, +28.042,  +0.04242, +992.000, +230.000, -104.000
1644148440, +3.01, +28.042,  -0.01951, +927.000, +196.000, -23.000
1644148560, +3.01, +28.042,  -0.00403, +993.000, +232.000, -112.000
1644148680, +3.01, +28.042,  -0.06905, +988.000, +227.000, -93.000
1644148800, +3.01, +28.025,  -0.02880, +996.000, +232.000, -114.000
1644148920, +3.01, +28.033,  -0.01641, +995.000, +231.000, -116.000
1644149040, +3.01, +28.074,  +0.00836, +998.000, +232.000, -116.000
1644149160, +3.01, +28.050,  +0.03313, +993.000, +230.000, -109.000
1644149280, +3.01, +28.042,  +0.01146, +995.000, +230.000, -109.000
1644149400, +3.01, +28.033,  +0.02694, +934.000, +195.000, -24.000
1644149520, +3.01, +28.042,  +0.00526, +999.000, +230.000, -112.000
1644149640, +3.01, +28.042,  -0.08763, +929.000, +196.000, -24.000
1644149760, +3.01, +28.042,  -0.09073, +1014.000, +244.000, -173.000
1644149880, +3.01, +28.058,  -0.04428, +993.000, +231.000, -106.000
1644150000, +3.01, +28.042,  -0.07834, +929.000, +196.000, -20.000
1644150120, +3.01, +28.033,  +0.07649, +929.000, +195.000, -25.000
1644150240, +3.01, +28.050,  -0.05667, +1000.000, +240.000, -136.000
1644150360, +3.01, +28.042,  +0.05481, +992.000, +232.000, -104.000
1644150480, +3.01, +28.042,  +0.01765, +995.000, +230.000, -108.000
1644150600, +3.01, +28.042,  +0.01146, +992.000, +227.000, -104.000
1644150720, +3.01, +28.033,  -0.00093, +999.000, +231.000, -116.000
1644150840, +3.01, +28.033,  -0.04118, +1004.000, +236.000, -141.000
1644150960, +3.01, +28.017,  +0.03933, +929.000, +193.000, -24.000
1644151080, +3.01, +28.009,  +0.05481, +995.000, +230.000, -104.000
1644151200, +3.01, +28.033,  -0.03189, +928.000, +192.000, -24.000
1644151320, +3.01, +28.009,  -0.01022, +995.000, +231.000, -114.000
1644151440, +3.01, +28.000,  -0.04118, +936.000, +200.000, -28.000
1644151560, +3.01, +28.000,  +0.06410, +1004.000, +240.000, -136.000
1644151680, +3.01, +28.000,  +0.01455, +929.000, +193.000, -20.000
1644151800, +3.01, +27.992,  -0.00403, +998.000, +236.000, -128.000
1644151920, +3.01, +28.017,  -0.02261, +993.000, +232.000, -112.000
1644152040, +3.01, +28.017,  -0.00712, +929.000, +193.000, -23.000
1644152160, +3.01, +28.025,  -0.00403, +992.000, +231.000, -114.000
1644152280, +3.01, +28.025,  -0.11241, +929.000, +195.000, -20.000
1644152400, +3.01, +28.025,  -0.01332, +995.000, +230.000, -112.000
1644152520, +3.01, +28.033,  -0.09073, +1004.000, +233.000, -143.000
1644152640, +3.01, +28.025,  -0.06286, +931.000, +193.000, -21.000
1644152760, +3.01, +28.025,  -0.09073, +999.000, +231.000, -122.000
1644152880, +3.01, +28.017,  +0.04862, +992.000, +230.000, -112.000
1644153000, +3.01, +28.009,  +0.02075, +931.000, +195.000, -20.000
1644153120, +3.01, +28.017,  -0.03499, +996.000, +232.000, -111.000
1644153240, +3.01, +28.025,  -0.06905, +984.000, +224.000, -80.000
1644153360, +3.01, +28.017,  -0.04118, +1000.000, +233.000, -128.000
1644153480, +3.01, +28.025,  -0.03499, +995.000, +230.000, -109.000
1644153600, +3.01, +27.992,  -0.04428, +995.000, +231.000, -116.000
1644153720, +3.01, +28.017,  -0.01951, +928.000, +195.000, -25.000
1644153840, +3.01, +28.017,  -0.02261, +995.000, +231.000, -108.000
1644153960, +3.01, +28.017,  -0.10002, +928.000, +198.000, -26.000
1644154080, +3.01, +28.025,  -0.06286, +927.000, +193.000, -23.000
1644154200, +3.01, +28.009,  +0.00526, +998.000, +230.000, -114.000
1644154320, +3.01, +27.984,  -0.01641, +999.000, +232.000, -128.000
1644154440, +3.01, +27.992,  -0.02570, +934.000, +195.000, -24.000
1644154560, +3.01, +27.992,  +0.04242, +1031.000, +230.000, -221.000
1644154680, +3.01, +27.992,  -0.04118, +1027.000, +244.000, -222.000
1644154800, +3.01, +27.984,  -0.04428, +929.000, +195.000, -18.000
1644154920, +3.01, +27.992,  +0.12913, +992.000, +236.000, -112.000
1644155040, +3.01, +27.984,  +0.02384, +931.000, +193.000, -18.000
1644155160, +3.01, +27.992,  -0.02880, +1032.000, +224.000, -217.000
1644155280, +3.01, +27.984,  +0.06410, +995.000, +232.000, -112.000
1644155400, +3.01, +27.992,  -0.03189, +995.000, +236.000, -112.000
1644155520, +3.01, +27.976,  +0.02075, +998.000, +232.000, -114.000
1644155640, +3.01, +27.984,  -0.03189, +928.000, +192.000, -25.000
1644155760, +3.01, +28.000,  +0.00836, +1004.000, +240.000, -144.000
1644155880, +3.01, +27.976,  -0.01951, +1032.000, +232.000, -224.000
1644156000, +3.01, +27.968,  +0.02694, +928.000, +195.000, -23.000
1644156120, +3.01, +27.976,  -0.02261, +929.000, +195.000, -20.000
1644156240, +3.01, +27.984,  +0.05171, +927.000, +192.000, -20.000
1644156360, +3.01, +27.959,  -0.05976, +1006.000, +238.000, -140.000
1644156480, +3.01, +27.984,  -0.08454, +996.000, +232.000, -120.000
1644156600, +3.01, +27.984,  +0.01765, +929.000, +193.000, -24.000
1644156720, +3.01, +27.959,  +0.00526, +1030.000, +248.000, -220.000
1644156840, +3.01, +27.968,  -0.05976, +928.000, +195.000, -23.000
1644156960, +3.01, +27.976,  +0.06100, +928.000, +195.000, -25.000
1644157080, +3.01, +27.984,  -0.05047, +927.000, +195.000, -26.000
1644157200, +3.01, +27.959,  -0.10931, +929.000, +193.000, -25.000
1644157320, +3.01, +27.951,  -0.07525, +1024.000, +248.000, -204.000
1644157440, +3.01, +27.968,  -0.01951, +992.000, +228.000, -111.000
1644157560, +3.01, +27.984,  +0.00217, +992.000, +230.000, -104.000
1644157680, +3.01, +27.951,  +0.03933, +928.000, +195.000, -24.000
1644157800, +3.01, +27.968,  +0.00217, +928.000, +195.000, -25.000
1644157920, +3.01, +27.959,  -0.03499, +995.000, +230.000, -112.000
1644158040, +3.01, +27.968,  -0.01951, +931.000, +195.000, -24.000
1644158160, +3.01, +27.976,  -0.06286, +929.000, +195.000, -25.000
1644158280, +3.01, +27.959,  +0.07958, +931.000, +195.000, -25.000
1644158400, +3.01, +27.959,  -0.05357, +931.000, +192.000, -20.000
1644158520, +3.01, +27.959,  -0.05976, +928.000, +193.000, -23.000
1644158640, +3.01, +27.968,  +0.04242, +998.000, +232.000, -112.000
1644158760, +3.01, +27.959,  +0.05481, +931.000, +195.000, -24.000
1644158880, +3.01, +27.951,  +0.02075, +998.000, +232.000, -116.000
1644159000, +3.01, +27.951,  -0.06286, +1024.000, +252.000, -208.000
1644159120, +3.01, +27.927,  -0.02880, +929.000, +195.000, -20.000
1644159240, +3.01, +27.943,  -0.08454, +998.000, +230.000, -112.000
1644159360, +3.01, +27.943,  +0.02694, +927.000, +193.000, -24.000
1644159480, +3.01, +27.927,  -0.00403, +929.000, +192.000, -24.000
1644159600, +3.01, +27.927,  -0.08454, +931.000, +192.000, -25.000
1644159720, +3.01, +27.902,  +0.02384, +960.000, +206.000, -40.000
1644159840, +3.01, +27.910,  -0.01022, +999.000, +232.000, -122.000
1644159960, +3.01, +27.910,  -0.03809, +982.000, +224.000, -80.000
1644160080, +3.01, +27.910,  -0.12170, +999.000, +232.000, -122.000
1644160200, +3.01, +27.918,  -0.01332, +929.000, +195.000, -25.000
1644160320, +3.01, +27.885,  +0.02384, +1031.000, +240.000, -224.000
1644160440, +3.01, +27.918,  +0.06720, +1000.000, +232.000, -124.000
1644160560, +3.01, +27.894,  +0.20035, +929.000, +195.000, -20.000
1644160680, +3.01, +27.894,  +0.26847, +927.000, +195.000, -24.000
1644160800, +3.01, +27.902,  +0.46975, +998.000, +232.000, -114.000
1644160920, +3.01, +27.902,  +0.79799, +927.000, +193.000, -20.000
1644161040, +3.01, +27.902,  +0.96211, +992.000, +228.000, -104.000
1644161160, +3.01, +27.902,  +1.27177, +929.000, +192.000, -24.000
1644161280, +3.01, +27.910,  +1.69290, +995.000, +230.000, -112.000
1644161400, +3.01, +27.885,  +2.24719, +992.000, +231.000, -104.000
1644161520, +3.01, +27.894,  +3.16068, +998.000, +232.000, -120.000
1644161640, +3.01, +27.894,  +4.17327, +998.000, +224.000, -111.000
1644161760, +3.01, +27.894,  +5.69678, +928.000, +190.000, -20.000
1644161880, +3.01, +27.902,  +7.93252, +995.000, +227.000, -114.000
1644162000, +3.01, +27.894,  +8.63854, +998.000, +225.000, -112.000
1644162120, +3.01, +27.910, +10.45623, +995.000, +224.000, -112.000
1644162240, +3.01, +27.894, +12.35754, +999.000, +224.000, -116.000
1644162360, +3.01, +27.894, +13.88725, +931.000, +192.000, -23.000
1644162480, +3.01, +27.877, +14.24026, +929.000, +191.000, -20.000
1644162600, +3.01, +27.894, +15.26832, +929.000, +191.000, -24.000
1644162720, +3.01, +27.877, +16.09821, +995.000, +224.000, -104.000
1644162840, +3.01, +27.885, +20.02468, +929.000, +192.000, -20.000
1644162960, +3.01, +27.885, +19.21647, +998.000, +224.000, -116.000
1644163080, +3.01, +27.877, +20.33433, +929.000, +192.000, -26.000
1644163200, +3.01, +27.877, +23.92018, +931.000, +192.000, -25.000
1644163320, +3.01, +27.869, +24.54259, +995.000, +225.000, -116.000
1644163440, +3.01, +27.877, +27.10347, +931.000, +193.000, -23.000
1644163560, +3.01, +27.869, +27.01057, +995.000, +224.000, -109.000
1644163680, +3.01, +27.877, +29.07289, +929.000, +192.000, -23.000
1644163800, +3.01, +27.877, +29.13173, +931.000, +191.000, -20.000
1644163920, +3.01, +27.877, +32.87550, +929.000, +190.000, -20.000
1644164040, +3.01, +27.877, +34.71487, +996.000, +224.000, -112.000
1644164160, +3.01, +27.877, +37.69688, +931.000, +192.000, -23.000
1644164280, +3.01, +27.877, +38.31929, +929.000, +192.000, -26.000
1644164400, +3.01, +27.894, +39.35355, +931.000, +190.000, -24.000
1644164520, +3.01, +27.894, +41.01951, +995.000, +224.000, -109.000
1644164640, +3.01, +27.885, +44.16254, +929.000, +192.000, -24.000
1644164760, +3.01, +27.894, +41.97016, +931.000, +190.000, -23.000
1644164880, +3.01, +27.902, +44.95527, +928.000, +192.000, -24.000
1644165000, +3.01, +27.902, +47.44183, +998.000, +226.000, -114.000
1644165120, +3.01, +27.902, +45.02959, +927.000, +191.000, -25.000
1644165240, +3.01, +27.910, +46.37041, +992.000, +224.000, -104.000
1644165360, +3.01, +27.894, +47.73910, +953.000, +199.000, -32.000
1644165480, +3.01, +27.894, +49.94077, +998.000, +224.000, -112.000
1644165600, +3.01, +27.902, +53.41514, +931.000, +188.000, -24.000
1644165720, +3.01, +27.902, +57.79061, +995.000, +224.000, -109.000
1644165840, +3.01, +27.902, +54.48036, +995.000, +227.000, -112.000
1644165960, +3.01, +27.918, +54.59184, +995.000, +224.000, -108.000
1644166080, +3.01, +27.927, +52.68744, +1024.000, +243.000, -192.000
1644166200, +3.01, +27.910, +56.84615, +931.000, +190.000, -25.000
1644166320, +3.01, +27.918, +57.77822, +995.000, +224.000, -104.000
1644166440, +3.01, +27.935, +60.85623, +929.000, +192.000, -23.000
1644166560, +3.01, +27.927, +60.06040, +931.000, +191.000, -24.000
1644166680, +3.01, +27.918, +60.64875, +931.000, +191.000, -20.000
1644166800, +3.01, +27.943, +66.95650, +931.000, +191.000, -24.000
1644166920, +3.01, +27.927, +86.42162, +995.000, +224.000, -104.000
1644167040, +3.01, +27.935, +77.60255, +998.000, +224.000, -120.000
1644167160, +3.01, +27.943, +63.66173, +928.000, +191.000, -20.000
1644167280, +3.01, +27.935, +58.92086, +929.000, +192.000, -26.000
1644167400, +3.01, +27.943, +59.35129, +931.000, +191.000, -24.000
1644167520, +3.01, +27.935, +64.49471, +931.000, +190.000, -20.000
1644167640, +3.01, +27.951, +65.77360, +996.000, +224.000, -112.000
1644167760, +3.01, +27.959, +63.13221, +931.000, +188.000, -20.000
1644167880, +3.01, +27.959, +58.94873, +935.000, +191.000, -25.000
1644168000, +3.01, +27.968, +61.00796, +1000.000, +231.000, -128.000
1644168120, +3.01, +27.976, +66.35885, +931.000, +191.000, -20.000
1644168240, +3.01, +27.976, +67.39931, +931.000, +191.000, -20.000
1644168360, +3.01, +27.959, +93.21243, +1031.000, +236.000, -223.000
1644168480, +3.01, +27.984, +84.53270, +998.000, +224.000, -112.000
1644168600, +3.01, +27.976, +67.31880, +931.000, +188.000, -20.000
1644168720, +3.01, +27.984, +74.52455, +934.000, +192.000, -24.000
1644168840, +3.01, +28.000, +69.70936, +931.000, +190.000, -20.000
1644168960, +3.01, +28.000, +65.98417, +928.000, +192.000, -20.000
1644169080, +3.01, +27.992, +70.93870, +929.000, +191.000, -24.000
1644169200, +3.01, +28.017, +88.79670, +929.000, +192.000, -25.000
1644169320, +3.01, +28.025, +88.49633, +931.000, +190.000, -23.000
1644169440, +3.01, +28.017, +93.08237, +928.000, +190.000, -20.000
1644169560, +3.01, +28.017, +110.57497, +931.000, +192.000, -23.000
1644169680, +3.01, +28.017, +119.56435, +928.000, +192.000, -23.000
1644169800, +3.01, +28.025, +101.73113, +928.000, +192.000, -20.000
1644169920, +3.01, +28.033, +94.10424, +931.000, +188.000, -20.000
1644170040, +3.01, +28.033, +89.90528, +929.000, +188.000, -18.000
1644170160, +3.01, +28.050, +88.04423, +999.000, +224.000, -116.000
1644170280, +3.01, +28.033, +75.03238, +931.000, +192.000, -24.000
1644170400, +3.00, +28.058, +72.88336, +928.000, +192.000, -20.000
1644170520, +3.01, +28.058, +64.21912, +929.000, +192.000, -24.000
1644170640, +3.01, +28.066, +68.35305, +927.000, +191.000, -24.000
1644170760, +3.00, +28.074, +69.07765, +992.000, +224.000, -104.000
1644170880, +3.01, +28.066, +63.09196, +929.000, +192.000, -24.000
1644171000, +3.01, +28.083, +70.21100, +931.000, +192.000, -20.000
1644171120, +3.01, +28.107, +68.11152, +931.000, +192.000, -23.000
1644171240, +3.01, +28.115, +75.59906, +931.000, +192.000, -24.000
1644171360, +3.00, +28.124, +66.45795, +931.000, +190.000, -23.000
1644171480, +3.01, +28.132, +71.42177, +928.000, +192.000, -20.000
1644171600, +3.01, +28.115, +40.65102, +929.000, +192.000, -23.000
1644171720, +3.01, +28.140, +103.07814, +931.000, +192.000, -24.000
1644171840, +3.01, +28.148, +111.28099, +929.000, +192.000, -24.000
1644171960, +3.00, +28.148, +81.04595, +931.000, +191.000, -20.000
1644172080, +3.00, +28.156, +66.66232, +928.000, +192.000, -20.000
1644172200, +3.00, +28.165, +63.08577, +929.000, +188.000, -18.000
1644172320, +3.00, +28.181, +67.49530, +929.000, +192.000, -18.000
1644172440, +3.00, +28.181, +77.87195, +929.000, +188.000, -23.000
1644172560, +3.00, +28.189, +73.66679, +929.000, +192.000, -20.000
1644172680, +3.00, +28.189, +83.65637, +931.000, +191.000, -20.000
1644172800, +3.00, +28.214, +77.01729, +931.000, +190.000, -18.000
1644172920, +3.00, +28.197, +83.70592, +929.000, +191.000, -20.000
1644173040, +3.00, +28.206, +73.56460, +929.000, +190.000, -20.000
1644173160, +3.00, +28.214, +68.28493, +929.000, +191.000, -21.000
1644173280, +3.01, +28.214, +70.53305, +929.000, +190.000, -23.000
1644173400, +3.00, +28.214, +78.23116, +992.000, +224.000, -104.000
1644173520, +3.00, +28.222, +90.07559, +931.000, +191.000, -24.000
1644173640, +3.00, +28.247, +101.64752, +931.000, +188.000, -21.000
1644173760, +3.00, +28.247, +94.97438, +929.000, +191.000, -16.000
1644173880, +3.00, +28.255, +99.28173, +931.000, +190.000, -20.000
1644174000, +3.01, +28.263, +176.15132, +928.000, +191.000, -21.000
1644174120, +3.00, +28.271, +74.59886, +931.000, +188.000, -18.000
1644174240, +3.00, +28.271, +108.76037, +931.000, +190.000, -18.000
1644174360, +3.00, +28.288, +105.05995, +928.000, +192.000, -23.000
1644174480, +3.01, +28.312, +102.16775, +929.000, +192.000, -23.000
1644174600, +3.00, +28.329, +88.64497, +931.000, +190.000, -18.000
1644174720, +3.00, +28.329, +156.32080, +927.000, +192.000, -21.000
1644174840, +3.00, +28.353, +277.74403, +929.000, +190.000, -20.000
1644174960, +3.00, +28.353, +128.29052, +927.000, +195.000, -29.000
1644175080, +3.00, +28.386, +118.36907, +931.000, +192.000, -23.000
1644175200, +3.00, +28.394, +96.98716, +928.000, +192.000, -18.000
1644175320, +3.00, +28.402, +119.00387, +931.000, +190.000, -18.000
1644175440, +3.00, +28.411, +88.08448, +929.000, +188.000, -20.000
1644175560, +3.00, +28.427, +99.59448, +928.000, +188.000, -20.000
1644175680, +3.00, +28.435, +84.26640, +931.000, +188.000, -21.000
1644175800, +3.00, +28.452, +112.12326, +931.000, +190.000, -20.000
1644175920, +3.00, +28.452, +87.28557, +931.000, +188.000, -20.000
1644176040, +3.00, +28.468, +126.67101, +929.000, +188.000, -20.000
1644176160, +3.00, +28.460, +105.22407, +927.000, +192.000, -24.000
1644176280, +3.00, +28.484, +89.15590, +931.000, +188.000, -24.000
1644176400, +3.00, +28.509, +104.71004, +929.000, +188.000, -23.000
1644176520, +3.00, +28.501, +123.91195, +929.000, +191.000, -24.000
1644176640, +3.01, +28.533, +116.68143, +929.000, +188.000, -20.000
1644176760, +3.01, +28.558, +119.52100, +929.000, +188.000, -20.000
1644176880, +3.01, +28.533, +119.94523, +931.000, +192.000, -21.000
1644177000, +3.01, +28.533, +118.75614, +929.000, +188.000, -25.000
1644177120, +3.01, +28.582, +139.29578, +929.000, +192.000, -20.000
1644177240, +3.01, +28.582, +107.06344, +931.000, +188.000, -20.000
1644177360, +3.01, +28.599, +101.81783, +931.000, +188.000, -24.000
1644177480, +3.00, +28.615, +110.89392, +929.000, +188.000, -25.000
1644177600, +3.01, +28.648, +115.85464, +931.000, +190.000, -18.000
1644177720, +3.01, +28.664, +162.91342, +929.000, +188.000, -25.000
1644177840, +3.01, +28.672, +113.59414, +929.000, +188.000, -20.000
1644177960, +3.01, +28.681, +160.90993, +931.000, +188.000, -23.000
1644178080, +3.01, +28.697, +110.04855, +928.000, +191.000, -23.000
1644178200, +3.01, +28.705, +166.30418, +931.000, +187.000, -21.000
1644178320, +3.01, +28.746, +146.40554, +931.000, +191.000, -24.000
1644178440, +3.01, +28.762, +166.66339, +928.000, +191.000, -20.000
1644178560, +3.00, +28.754, +205.09818, +931.000, +188.000, -20.000
1644178680, +3.01, +28.787, +245.09675, +931.000, +188.000, -18.000
1644178800, +3.01, +28.787, +138.82510, +927.000, +192.000, -25.000
1644178920, +3.00, +28.787, +130.07725, +929.000, +188.000, -18.000
1644179040, +3.00, +28.803, +199.72561, +929.000, +184.000, -20.000
1644179160, +3.01, +28.819, +190.80435, +931.000, +185.000, -20.000
1644179280, +3.00, +28.795, +174.00229, +929.000, +188.000, -24.000
1644179400, +3.00, +28.836, +170.96454, +929.000, +188.000, -23.000
1644179520, +3.00, +28.828, +216.94571, +931.000, +190.000, -20.000
1644179640, +3.00, +28.868, +191.16975, +1031.000, +192.000, -161.000
1644179760, +3.01, +28.868, +138.36990, +929.000, +188.000, -25.000
