7530-428102
OS REV: 1.05 Sensor Cal: 1572940800
Time (sec),  Bat (Volts),   T (deg C),  PAR (umol/(s m^2))  Ax (g), Ay (g), Az (g)
1655912640, +2.77, +25.204,  +7.13360, +318.000, +1087.000, +748.000
1655912760, +2.77, +25.196,  +8.06257, +321.000, +1116.000, +764.000
1655912880, +2.77, +25.188,  +8.99774, +342.000, +1171.000, +723.000
1655913000, +2.77, +25.188, +10.35095, +316.000, +1087.000, +752.000
1655913120, +2.77, +25.188, +12.09742, +324.000, +1123.000, +764.000
1655913240, +2.77, +25.171, +12.50927, +316.000, +1091.000, +755.000
1655913360, +2.77, +25.154, +12.69506, +316.000, +1105.000, +764.000
1655913480, +2.77, +25.163, +14.35174, +344.000, +1174.000, +723.000
1655913600, +2.77, +25.171, +13.54662, +334.000, +1151.000, +752.000
1655913720, +2.77, +25.179, +14.91531, +328.000, +1136.000, +760.000
1655913840, +2.77, +25.146, +18.22866, +340.000, +1167.000, +728.000
1655913960, +2.77, +25.171, +19.12667, +339.000, +1166.000, +732.000
1655914080, +2.77, +25.154, +20.83598, +316.000, +1102.000, +762.000
1655914200, +2.77, +25.146, +23.01288, +348.000, +1180.000, +710.000
1655914320, +2.77, +25.154, +25.21455, +344.000, +1176.000, +712.000
1655914440, +2.77, +25.146, +27.45028, +344.000, +1176.000, +716.000
1655914560, +2.77, +25.146, +35.34347, +348.000, +1180.000, +705.000
1655914680, +2.77, +25.129, +31.12593, +326.000, +1121.000, +768.000
1655914800, +2.77, +25.138, +31.72047, +318.000, +1087.000, +752.000
1655914920, +2.77, +25.138, +32.14470, +352.000, +1183.000, +694.000
1655915040, +2.77, +25.138, +33.04581, +340.000, +1169.000, +728.000
1655915160, +2.77, +25.129, +33.84473, +348.000, +1180.000, +704.000
1655915280, +2.77, +25.129, +36.44895, +316.000, +1097.000, +760.000
1655915400, +2.77, +25.146, +36.98466, +312.000, +1096.000, +758.000
1655915520, +2.77, +25.138, +38.21401, +323.000, +1112.000, +768.000
1655915640, +2.77, +25.121, +39.96358, +316.000, +1100.000, +760.000
1655915760, +2.77, +25.096, +42.09093, +316.000, +1095.000, +760.000
1655915880, +2.77, +25.104, +43.44723, +344.000, +1176.000, +713.000
1655916000, +2.77, +25.113, +46.32086, +339.000, +1161.000, +736.000
1655916120, +2.77, +25.113, +47.26532, +318.000, +1107.000, +764.000
1655916240, +2.77, +25.113, +44.94288, +348.000, +1184.000, +704.000
1655916360, +2.77, +25.104, +48.55350, +344.000, +1167.000, +728.000
1655916480, +2.77, +25.096, +53.40275, +336.000, +1160.000, +736.000
1655916600, +2.77, +25.104, +65.35246, +348.000, +1177.000, +710.000
1655916720, +2.77, +25.096, +56.02865, +348.000, +1177.000, +710.000
1655916840, +2.77, +25.088, +54.15832, +344.000, +1176.000, +707.000
1655916960, +2.77, +25.104, +67.06797, +344.000, +1171.000, +720.000
1655917080, +2.77, +25.104, +76.36392, +344.000, +1176.000, +712.000
1655917200, +2.77, +25.104, +76.31437, +348.000, +1176.000, +707.000
1655917320, +2.77, +25.113, +104.14027, +336.000, +1153.000, +748.000
1655917440, +2.77, +25.096, +65.24099, +348.000, +1188.000, +688.000
1655917560, +2.77, +25.096, +92.50641, +352.000, +1190.000, +680.000
1655917680, +2.77, +25.113, +89.89908, +336.000, +1166.000, +734.000
1655917800, +2.77, +25.113, +149.66934, +316.000, +1097.000, +761.000
1655917920, +2.77, +25.096, +158.20042, +320.000, +1120.000, +764.000
1655918040, +2.77, +25.104, +148.08698, +340.000, +1169.000, +726.000
1655918160, +2.77, +25.113, +117.14282, +352.000, +1184.000, +696.000
1655918280, +2.77, +25.113, +114.75845, +352.000, +1187.000, +691.000
1655918400, +2.77, +25.104, +69.57930, +340.000, +1166.000, +732.000
1655918520, +2.77, +25.088, +70.40609, +348.000, +1182.000, +704.000
1655918640, +2.77, +25.104, +67.69039, +344.000, +1171.000, +721.000
1655918760, +2.77, +25.096, +105.61424, +348.000, +1182.000, +704.000
1655918880, +2.77, +25.071, +129.45484, +348.000, +1182.000, +704.000
1655919000, +2.77, +25.071, +81.02737, +320.000, +1120.000, +766.000
1655919120, +2.77, +25.080, +208.74905, +332.000, +1144.000, +755.000
1655919240, +2.77, +25.080, +469.82200, +339.000, +1169.000, +728.000
1655919360, +2.77, +25.096, +70.80555, +316.000, +1103.000, +764.000
1655919480, +2.77, +25.129, +74.12199, +344.000, +1172.000, +721.000
1655919600, +2.77, +25.121, +83.51393, +326.000, +1128.000, +764.000
1655919720, +2.77, +25.121, +81.54450, +327.000, +1136.000, +760.000
1655919840, +2.77, +25.154, +81.63740, +364.000, +1201.000, +636.000
1655919960, +2.77, +25.154, +84.48316, +352.000, +1187.000, +691.000
1655920080, +2.77, +25.154, +101.12729, +323.000, +1120.000, +764.000
1655920200, +2.77, +25.179, +93.77910, +334.000, +1150.000, +752.000
1655920320, +2.77, +25.146, +191.19762, +323.000, +1120.000, +764.000
1655920440, +2.77, +25.196, +90.41931, +328.000, +1139.000, +760.000
1655920560, +2.77, +25.179, +208.99678, +348.000, +1185.000, +696.000
1655920680, +2.77, +25.204, +245.50550, +334.000, +1151.000, +751.000
1655920800, +2.77, +25.213, +516.64235, +344.000, +1172.000, +718.000
1655920920, +2.77, +25.221, +666.97838, +332.000, +1143.000, +760.000
1655921040, +2.77, +25.238, +848.89956, +332.000, +1148.000, +752.000
1655921160, +2.77, +25.254, +725.88159, +332.000, +1139.000, +760.000
1655921280, +2.77, +25.263, +799.16843, +324.000, +1126.000, +768.000
1655921400, +2.77, +25.271, +757.16947, +324.000, +1126.000, +768.000
1655921520, +2.77, +25.296, +684.83018, +316.000, +1086.000, +750.000
1655921640, +2.77, +25.321, +883.30260, +366.000, +1201.000, +636.000
1655921760, +2.77, +25.329, +848.25547, +336.000, +1158.000, +744.000
1655921880, +2.77, +25.346, +788.63075, +318.000, +1086.000, +752.000
1655922000, +2.77, +25.362, +1013.77714, +313.000, +1089.000, +755.000
1655922120, +2.77, +25.396, +791.56012, +315.000, +1089.000, +752.000
1655922240, +2.77, +25.404, +910.35435, +316.000, +1087.000, +751.000
1655922360, +2.77, +25.421, +880.95229, +313.000, +1089.000, +752.000
1655922480, +2.77, +25.437, +885.48569, +318.000, +1086.000, +752.000
1655922600, +2.77, +25.437, +892.26102, +316.000, +1086.000, +748.000
1655922720, +2.77, +25.445, +900.94693, +316.000, +1087.000, +752.000
1655922840, +2.77, +25.479, +996.85431, +316.000, +1084.000, +750.000
1655922960, +2.77, +25.495, +856.24156, +368.000, +1200.000, +627.000
1655923080, +2.77, +25.470, +853.02730, +316.000, +1087.000, +752.000
1655923200, +2.77, +25.529, +897.95254, +316.000, +1087.000, +751.000
1655923320, +2.77, +25.537, +965.04002, +316.000, +1087.000, +750.000
1655923440, +2.77, +25.537, +898.28697, +372.000, +1160.000, +649.000
1655923560, +2.77, +25.562, +976.19701, +368.000, +1151.000, +671.000
1655923680, +2.77, +25.570, +947.71463, +316.000, +1087.000, +752.000
1655923800, +2.77, +25.595, +959.39494, +369.000, +1192.000, +624.000
1655923920, +2.77, +25.628, +998.06818, +316.000, +1087.000, +752.000
1655924040, +2.77, +25.645, +1103.73909, +344.000, +1176.000, +716.000
1655924160, +2.77, +25.637, +987.19297, +348.000, +1180.000, +700.000
1655924280, +2.77, +25.670, +971.49949, +364.000, +1200.000, +643.000
1655924400, +2.77, +25.670, +1021.38855, +316.000, +1087.000, +748.000
1655924520, +2.77, +25.678, +966.09905, +344.000, +1176.000, +712.000
1655924640, +2.77, +25.711, +1038.93688, +368.000, +1200.000, +632.000
1655924760, +2.77, +25.720, +1000.43087, +352.000, +1191.000, +680.000
1655924880, +2.77, +25.736, +984.50824, +352.000, +1191.000, +678.000
1655925000, +2.77, +25.753, +1097.83700, +368.000, +1200.000, +627.000
1655925120, +2.77, +25.778, +1086.78839, +364.000, +1200.000, +632.000
1655925240, +2.77, +25.794, +1019.88980, +342.000, +1168.000, +728.000
1655925360, +2.77, +25.794, +1128.31048, +344.000, +1176.000, +711.000
1655925480, +2.77, +25.803, +1066.64511, +344.000, +1174.000, +718.000
1655925600, +2.77, +25.861, +1099.88074, +316.000, +1084.000, +752.000
1655925720, +2.77, +25.844, +1011.49806, +344.000, +1176.000, +712.000
1655925840, +2.77, +25.869, +1019.51821, +313.000, +1086.000, +751.000
1655925960, +2.77, +25.902, +1041.71142, +316.000, +1091.000, +755.000
1655926080, +2.77, +25.902, +1039.55001, +345.000, +1171.000, +719.000
1655926200, +2.77, +25.886, +1120.78268, +344.000, +1180.000, +711.000
1655926320, +2.77, +25.911, +1098.14356, +348.000, +1176.000, +710.000
1655926440, +2.77, +25.952, +1031.99125, +360.000, +1203.000, +638.000
1655926560, +2.77, +25.935, +1091.91323, +318.000, +1084.000, +750.000
1655926680, +2.77, +25.969, +1109.89509, +316.000, +1086.000, +752.000
1655926800, +2.77, +25.977, +1141.13962, +316.000, +1086.000, +750.000
1655926920, +2.77, +26.010, +1165.59024, +318.000, +1089.000, +755.000
1655927040, +2.77, +26.018, +997.52008, +313.000, +1087.000, +752.000
1655927160, +2.77, +26.043, +973.28002, +313.000, +1086.000, +751.000
1655927280, +2.77, +26.052, +1065.02870, +313.000, +1086.000, +752.000
1655927400, +2.77, +26.060, +1064.87077, +316.000, +1087.000, +750.000
1655927520, +2.77, +26.101, +1041.54421, +344.000, +1176.000, +718.000
1655927640, +2.77, +26.110, +1112.86162, +348.000, +1176.000, +711.000
1655927760, +2.77, +26.101, +1102.38898, +316.000, +1084.000, +752.000
1655927880, +2.77, +26.143, +1071.56868, +348.000, +1182.000, +704.000
1655928000, +2.77, +26.143, +1120.11382, +316.000, +1087.000, +750.000
1655928120, +2.77, +26.176, +1053.80668, +348.000, +1176.000, +712.000
1655928240, +2.77, +26.184, +1074.25961, +316.000, +1086.000, +748.000
1655928360, +2.77, +26.226, +1027.20703, +316.000, +1086.000, +750.000
1655928480, +2.77, +26.242, +1061.81135, +316.000, +1087.000, +750.000
1655928600, +2.77, +26.226, +1200.31223, +344.000, +1177.000, +712.000
1655928720, +2.77, +26.242, +1146.76921, +316.000, +1086.000, +748.000
1655928840, +2.77, +26.292, +634.61289, +344.000, +1176.000, +712.000
1655928960, +2.77, +26.284, +418.56426, +348.000, +1176.000, +712.000
1655929080, +2.77, +26.325, +364.12013, +344.000, +1175.000, +716.000
1655929200, +2.77, +26.333, +459.03970, +316.000, +1087.000, +748.000
1655929320, +2.77, +26.358, +394.47593, +344.000, +1176.000, +718.000
1655929440, +2.77, +26.367, +399.14558, +316.000, +1087.000, +748.000
1655929560, +2.77, +26.375, +207.09548, +313.000, +1086.000, +751.000
1655929680, +2.77, +26.375, +247.56163, +313.000, +1087.000, +750.000
1655929800, +2.77, +26.350, +1070.95556, +316.000, +1087.000, +752.000
1655929920, +2.77, +26.375, +1076.53560, +344.000, +1174.000, +718.000
1655930040, +2.77, +26.358, +1063.70336, +316.000, +1089.000, +748.000
1655930160, +2.77, +26.342, +1053.73855, +316.000, +1087.000, +750.000
1655930280, +2.77, +26.400, +1185.83261, +344.000, +1174.000, +718.000
1655930400, +2.77, +26.391, +1190.51464, +344.000, +1177.000, +711.000
1655930520, +2.77, +26.408, +1156.16424, +344.000, +1176.000, +712.000
1655930640, +2.77, +26.425, +542.92924, +344.000, +1176.000, +720.000
1655930760, +2.77, +26.433, +1127.37221, +344.000, +1176.000, +716.000
1655930880, +2.77, +26.441, +533.95225, +344.000, +1176.000, +714.000
1655931000, +2.77, +26.458, +373.43155, +316.000, +1084.000, +752.000
1655931120, +2.77, +26.466, +1156.37481, +316.000, +1084.000, +752.000
1655931240, +2.77, +26.466, +328.15641, +315.000, +1087.000, +752.000
1655931360, +2.77, +26.483, +358.53389, +315.000, +1087.000, +751.000
1655931480, +2.77, +26.483, +524.81733, +316.000, +1086.000, +750.000
1655931600, +2.77, +26.483, +1195.62710, +315.000, +1087.000, +751.000
1655931720, +2.77, +26.499, +372.28582, +344.000, +1176.000, +711.000
1655931840, +2.77, +26.516, +352.00010, +316.000, +1087.000, +748.000
1655931960, +2.77, +26.532, +379.07043, +316.000, +1087.000, +748.000
1655932080, +2.77, +26.524, +486.05429, +316.000, +1087.000, +748.000
1655932200, +2.77, +26.541, +756.70807, +318.000, +1084.000, +751.000
1655932320, +2.77, +26.549, +1136.60932, +316.000, +1087.000, +752.000
1655932440, +2.77, +26.516, +1079.54858, +316.000, +1087.000, +751.000
1655932560, +2.77, +26.549, +1059.03061, +319.000, +1086.000, +751.000
1655932680, +2.77, +26.582, +1065.05966, +316.000, +1087.000, +752.000
1655932800, +2.77, +26.574, +660.61799, +316.000, +1086.000, +748.000
1655932920, +2.77, +26.590, +730.98785, +313.000, +1086.000, +750.000
1655933040, +2.77, +26.598, +248.52467, +316.000, +1086.000, +752.000
1655933160, +2.77, +26.607, +927.42582, +316.000, +1084.000, +748.000
1655933280, +2.77, +26.623, +321.87344, +316.000, +1086.000, +750.000
1655933400, +2.77, +26.640, +441.33034, +318.000, +1084.000, +750.000
1655933520, +2.77, +26.632, +900.32452, +316.000, +1087.000, +748.000
1655933640, +2.77, +26.640, +412.94705, +316.000, +1087.000, +750.000
1655933760, +2.77, +26.648, +981.06484, +316.000, +1086.000, +750.000
1655933880, +2.77, +26.656, +254.74261, +316.000, +1086.000, +750.000
1655934000, +2.77, +26.656, +939.98866, +315.000, +1084.000, +750.000
1655934120, +2.77, +26.681, +908.22700, +316.000, +1087.000, +750.000
1655934240, +2.77, +26.698, +915.66499, +312.000, +1087.000, +751.000
1655934360, +2.77, +26.689, +868.20056, +315.000, +1084.000, +752.000
1655934480, +2.77, +26.723, +787.55005, +316.000, +1087.000, +750.000
1655934600, +2.77, +26.739, +449.39694, +316.000, +1084.000, +750.000
1655934720, +2.77, +26.739, +930.24371, +318.000, +1087.000, +748.000
1655934840, +2.77, +26.780, +279.64533, +316.000, +1087.000, +748.000
1655934960, +2.77, +26.780, +389.59262, +313.000, +1086.000, +751.000
1655935080, +2.77, +26.797, +741.55649, +316.000, +1084.000, +748.000
1655935200, +2.77, +26.805, +928.69232, +316.000, +1087.000, +748.000
1655935320, +2.77, +26.822, +306.58561, +316.000, +1086.000, +750.000
1655935440, +2.77, +26.814, +336.26326, +316.000, +1086.000, +751.000
1655935560, +2.77, +26.805, +438.65489, +318.000, +1084.000, +748.000
1655935680, +2.77, +26.838, +903.93823, +316.000, +1087.000, +748.000
1655935800, +2.77, +26.822, +445.15152, +316.000, +1087.000, +748.000
1655935920, +2.77, +26.847, +891.50855, +316.000, +1086.000, +750.000
1655936040, +2.77, +26.855, +314.78226, +111.000, +1056.000, +608.000
1655936160, +2.77, +26.814, +152.45936, +1041.000, +177.000, +505.000
1655936280, +2.77, +26.656, +277.26406, +735.000, +279.000, +985.000
1655936400, +2.77, +26.598, +978.69285, +736.000, +279.000, +987.000
1655936520, +2.77, +26.598, +1209.00744, +736.000, +275.000, +984.000
1655936640, +2.77, +26.623, +809.93215, +790.000, +316.000, +974.000
1655936760, +2.77, +26.656, +1072.97453, +736.000, +276.000, +990.000
1655936880, +2.77, +26.681, +1044.47358, +735.000, +278.000, +990.000
1655937000, +2.77, +26.681, +971.15577, +735.000, +273.000, +992.000
1655937120, +2.77, +26.698, +1037.80353, +734.000, +275.000, +991.000
1655937240, +2.77, +26.706, +984.35031, +732.000, +280.000, +991.000
1655937360, +2.77, +26.731, +1009.25923, +732.000, +280.000, +991.000
1655937480, +2.77, +26.756, +1022.05741, +732.000, +280.000, +990.000
1655937600, +2.77, +26.780, +1024.95271, +732.000, +280.000, +992.000
1655937720, +2.77, +26.772, +1051.11265, +732.000, +281.000, +991.000
1655937840, +2.77, +26.814, +1101.38259, +734.000, +280.000, +990.000
1655937960, +2.77, +26.805, +1145.56154, +735.000, +275.000, +992.000
1655938080, +2.77, +26.838, +1007.47560, +732.000, +281.000, +992.000
1655938200, +2.77, +26.847, +992.34879, +742.000, +268.000, +988.000
1655938320, +2.77, +26.855, +1021.37926, +728.000, +280.000, +991.000
1655938440, +2.77, +26.888, +964.52908, +734.000, +280.000, +991.000
1655938560, +2.77, +26.896, +387.35999, +732.000, +278.000, +991.000
1655938680, +2.77, +26.921, +968.51129, +732.000, +280.000, +990.000
1655938800, +2.77, +26.888, +947.81992, +732.000, +284.000, +992.000
1655938920, +2.77, +26.913, +1028.10813, +732.000, +280.000, +991.000
1655939040, +2.77, +26.913, +449.27617, +734.000, +280.000, +992.000
1655939160, +2.77, +26.938, +609.05678, +816.000, +295.000, +934.000
1655939280, +2.77, +26.962, +878.32949, +729.000, +280.000, +991.000
1655939400, +2.77, +26.954, +890.75608, +732.000, +280.000, +992.000
1655939520, +2.77, +26.987, +835.54709, +734.000, +278.000, +991.000
1655939640, +2.77, +26.987, +943.93990, +734.000, +281.000, +991.000
1655939760, +2.77, +26.987, +558.14895, +816.000, +288.000, +927.000
1655939880, +2.77, +26.979, +866.28687, +734.000, +280.000, +988.000
1655940000, +2.77, +26.962, +849.25566, +731.000, +281.000, +990.000
1655940120, +2.77, +26.995, +855.08653, +819.000, +291.000, +931.000
1655940240, +2.77, +26.971, +421.02914, +735.000, +275.000, +991.000
1655940360, +2.77, +27.012, +358.44409, +729.000, +284.000, +990.000
1655940480, +2.77, +26.987, +709.97444, +732.000, +284.000, +990.000
1655940600, +2.77, +27.012, +352.41814, +734.000, +279.000, +988.000
1655940720, +2.77, +27.012, +208.93485, +732.000, +280.000, +991.000
1655940840, +2.77, +26.995, +186.27715, +732.000, +281.000, +991.000
1655940960, +2.77, +26.995, +754.20913, +732.000, +283.000, +990.000
1655941080, +2.77, +26.979, +420.76902, +734.000, +280.000, +991.000
1655941200, +2.77, +26.987, +273.17347, +732.000, +280.000, +992.000
1655941320, +2.77, +26.962, +756.48512, +728.000, +284.000, +992.000
1655941440, +2.77, +26.971, +268.34899, +732.000, +280.000, +991.000
1655941560, +2.77, +26.954, +229.60144, +732.000, +284.000, +992.000
1655941680, +2.77, +26.954, +781.63247, +734.000, +284.000, +992.000
1655941800, +2.77, +26.946, +741.60913, +732.000, +284.000, +991.000
1655941920, +2.77, +26.946, +522.74261, +729.000, +287.000, +990.000
1655942040, +2.77, +26.962, +315.79485, +732.000, +287.000, +992.000
1655942160, +2.77, +26.946, +781.04722, +728.000, +286.000, +991.000
1655942280, +2.77, +26.938, +364.56913, +732.000, +284.000, +990.000
1655942400, +2.77, +26.921, +360.69221, +732.000, +284.000, +990.000
1655942520, +2.77, +26.946, +761.04948, +731.000, +286.000, +991.000
1655942640, +2.77, +26.921, +308.60768, +732.000, +286.000, +991.000
1655942760, +2.77, +26.921, +260.44651, +731.000, +288.000, +991.000
1655942880, +2.77, +26.904, +490.75181, +732.000, +284.000, +988.000
1655943000, +2.77, +26.880, +627.30185, +735.000, +281.000, +988.000
1655943120, +2.77, +26.904, +762.90124, +731.000, +287.000, +991.000
1655943240, +2.77, +26.888, +863.27390, +729.000, +286.000, +990.000
1655943360, +2.77, +26.913, +347.11988, +732.000, +289.000, +992.000
1655943480, +2.77, +26.929, +348.15724, +729.000, +287.000, +991.000
1655943600, +2.77, +26.913, +336.26636, +729.000, +288.000, +991.000
1655943720, +2.77, +26.904, +721.94273, +732.000, +286.000, +991.000
1655943840, +2.77, +26.904, +392.35168, +729.000, +289.000, +991.000
1655943960, +2.77, +26.888, +479.32232, +728.000, +294.000, +992.000
1655944080, +2.77, +26.871, +377.89063, +726.000, +291.000, +995.000
1655944200, +2.77, +26.896, +578.73194, +728.000, +294.000, +992.000
1655944320, +2.77, +26.871, +246.30751, +728.000, +296.000, +992.000
1655944440, +2.77, +26.855, +218.19053, +726.000, +300.000, +995.000
1655944560, +2.77, +26.847, +183.12482, +727.000, +297.000, +993.000
1655944680, +2.77, +26.855, +200.84347, +723.000, +300.000, +992.000
1655944800, +2.77, +26.871, +177.77702, +723.000, +304.000, +995.000
1655944920, +2.77, +26.871, +196.64451, +723.000, +304.000, +992.000
1655945040, +2.77, +26.863, +469.68266, +723.000, +304.000, +996.000
1655945160, +2.77, +26.830, +577.04121, +723.000, +307.000, +995.000
1655945280, +2.77, +26.814, +273.85472, +723.000, +302.000, +992.000
1655945400, +2.77, +26.780, +235.73578, +723.000, +305.000, +992.000
1655945520, +2.77, +26.789, +173.58115, +720.000, +310.000, +993.000
1655945640, +2.77, +26.789, +235.21245, +720.000, +311.000, +996.000
1655945760, +2.77, +26.764, +549.28343, +719.000, +311.000, +993.000
1655945880, +2.77, +26.747, +554.39589, +719.000, +312.000, +995.000
1655946000, +2.77, +26.756, +629.32082, +719.000, +316.000, +995.000
1655946120, +2.77, +26.756, +285.35853, +768.000, +355.000, +984.000
1655946240, +2.77, +26.764, +211.56075, +716.000, +319.000, +995.000
1655946360, +2.77, +26.731, +199.24254, +718.000, +319.000, +998.000
1655946480, +2.77, +26.723, +233.17181, +713.000, +319.000, +998.000
1655946600, +2.77, +26.731, +204.07011, +716.000, +319.000, +995.000
1655946720, +2.77, +26.698, +168.49037, +716.000, +321.000, +999.000
1655946840, +2.77, +26.706, +162.83291, +715.000, +321.000, +999.000
1655946960, +2.77, +26.689, +171.54670, +716.000, +323.000, +995.000
1655947080, +2.77, +26.689, +391.24620, +719.000, +318.000, +998.000
1655947200, +2.77, +26.673, +364.01484, +716.000, +323.000, +998.000
1655947320, +2.77, +26.648, +159.72704, +712.000, +327.000, +995.000
1655947440, +2.77, +26.640, +230.18980, +716.000, +321.000, +998.000
1655947560, +2.77, +26.632, +260.12447, +716.000, +323.000, +995.000
1655947680, +2.77, +26.582, +266.22164, +716.000, +323.000, +999.000
1655947800, +2.77, +26.598, +274.22631, +768.000, +364.000, +984.000
1655947920, +2.77, +26.590, +375.93669, +768.000, +368.000, +979.000
1655948040, +2.77, +26.549, +217.22440, +768.000, +368.000, +980.000
1655948160, +2.77, +26.549, +288.22287, +716.000, +327.000, +995.000
1655948280, +2.77, +26.541, +194.91352, +713.000, +328.000, +995.000
1655948400, +2.77, +26.524, +112.90360, +712.000, +332.000, +995.000
1655948520, +2.77, +26.507, +101.16755, +768.000, +371.000, +976.000
1655948640, +2.77, +26.524, +139.49396, +764.000, +374.000, +979.000
1655948760, +2.77, +26.483, +149.14292, +712.000, +332.000, +995.000
1655948880, +2.77, +26.491, +184.65144, +712.000, +335.000, +995.000
1655949000, +2.77, +26.491, +207.88510, +768.000, +379.000, +979.000
1655949120, +2.77, +26.499, +178.86392, +711.000, +339.000, +998.000
1655949240, +2.77, +26.499, +105.45941, +760.000, +380.000, +982.000
1655949360, +2.77, +26.483, +99.54804, +711.000, +335.000, +995.000
1655949480, +2.77, +26.491, +105.01970, +711.000, +337.000, +995.000
1655949600, +2.77, +26.466, +119.83375, +711.000, +336.000, +993.000
1655949720, +2.77, +26.458, +120.39424, +712.000, +335.000, +995.000
1655949840, +2.77, +26.458, +153.20873, +713.000, +335.000, +998.000
1655949960, +2.77, +26.441, +156.13810, +712.000, +335.000, +992.000
1655950080, +2.77, +26.416, +209.33431, +711.000, +337.000, +995.000
1655950200, +2.77, +26.425, +146.83906, +764.000, +384.000, +984.000
1655950320, +2.77, +26.408, +153.85901, +710.000, +339.000, +993.000
1655950440, +2.77, +26.408, +153.92095, +711.000, +337.000, +995.000
1655950560, +2.77, +26.408, +163.19521, +768.000, +384.000, +976.000
1655950680, +2.77, +26.416, +106.07873, +768.000, +380.000, +975.000
1655950800, +2.77, +26.408, +88.61090, +768.000, +384.000, +977.000
1655950920, +2.77, +26.383, +75.42875, +739.000, +366.000, +1016.000
1655951040, +2.77, +26.367, +66.90695, +711.000, +342.000, +995.000
1655951160, +2.77, +26.375, +70.04689, +711.000, +342.000, +993.000
1655951280, +2.77, +26.342, +72.89265, +711.000, +344.000, +995.000
1655951400, +2.77, +26.325, +77.87195, +711.000, +344.000, +995.000
1655951520, +2.77, +26.300, +66.82334, +711.000, +339.000, +992.000
1655951640, +2.77, +26.300, +70.94489, +711.000, +343.000, +992.000
1655951760, +2.77, +26.309, +66.21641, +711.000, +344.000, +992.000
1655951880, +2.77, +26.292, +84.17660, +760.000, +391.000, +974.000
1655952000, +2.77, +26.275, +88.45917, +761.000, +384.000, +980.000
1655952120, +2.77, +26.259, +79.58127, +764.000, +390.000, +975.000
1655952240, +2.77, +26.251, +67.56033, +764.000, +390.000, +976.000
1655952360, +2.77, +26.226, +66.81715, +760.000, +385.000, +984.000
1655952480, +2.77, +26.209, +71.00373, +710.000, +345.000, +992.000
1655952600, +2.77, +26.217, +77.76047, +768.000, +392.000, +968.000
1655952720, +2.77, +26.168, +68.60388, +796.000, +396.000, +896.000
1655952840, +2.77, +26.159, +49.96554, +707.000, +352.000, +995.000
1655952960, +2.77, +26.159, +51.67795, +764.000, +400.000, +964.000
1655953080, +2.77, +26.168, +31.45417, +711.000, +350.000, +995.000
1655953200, +2.77, +26.126, +29.27727, +760.000, +396.000, +975.000
1655953320, +2.77, +26.110, +27.85903, +790.000, +376.000, +931.000
1655953440, +2.77, +26.093, +28.09128, +705.000, +352.000, +1004.000
1655953560, +2.77, +26.118, +21.64419, +705.000, +352.000, +1000.000
1655953680, +2.77, +26.093, +13.42586, +704.000, +359.000, +998.000
1655953800, +2.77, +26.085,  +9.53345, +704.000, +355.000, +999.000
1655953920, +2.77, +26.085,  +6.91994, +758.000, +400.000, +975.000
1655954040, +2.77, +26.052,  +5.46454, +704.000, +359.000, +995.000
1655954160, +2.77, +26.052,  +3.83574, +704.000, +359.000, +995.000
1655954280, +2.77, +26.027,  +2.76432, +707.000, +360.000, +1009.000
1655954400, +2.77, +26.027,  +2.01804, +760.000, +408.000, +967.000
1655954520, +2.77, +26.027,  +1.65265, +704.000, +360.000, +992.000
1655954640, +2.77, +26.002,  +1.27177, +764.000, +400.000, +967.000
1655954760, +2.77, +26.002,  +0.68961, +760.000, +401.000, +975.000
1655954880, +2.77, +26.010,  +0.42021, +736.000, +385.000, +1014.000
1655955000, +2.77, +25.994,  +0.17558, +768.000, +414.000, +952.000
1655955120, +2.77, +25.985,  +0.09197, +760.000, +404.000, +976.000
1655955240, +2.77, +25.960,  +0.04552, +704.000, +359.000, +998.000
1655955360, +2.77, +25.944,  +0.02384, +771.000, +419.000, +935.000
1655955480, +2.77, +25.927,  +0.05481, +780.000, +430.000, +910.000
1655955600, +2.77, +25.927,  +0.00217, +768.000, +412.000, +952.000
1655955720, +2.77, +25.927,  +0.01455, +707.000, +356.000, +995.000
1655955840, +2.77, +25.911,  -0.02570, +792.000, +419.000, +888.000
1655955960, +2.77, +25.911,  -0.01332, +760.000, +408.000, +972.000
1655956080, +2.77, +25.877,  -0.01332, +769.000, +419.000, +940.000
1655956200, +2.77, +25.894,  -0.01022, +788.000, +422.000, +889.000
1655956320, +2.77, +25.886,  -0.02261, +785.000, +423.000, +896.000
1655956440, +2.77, +25.886,  -0.02570, +792.000, +419.000, +888.000
1655956560, +2.77, +25.869,  -0.05357, +704.000, +360.000, +999.000
1655956680, +2.77, +25.869,  -0.04428, +760.000, +408.000, +968.000
1655956800, +2.77, +25.852,  +0.01455, +705.000, +364.000, +995.000
1655956920, +2.77, +25.852,  -0.05357, +787.000, +391.000, +924.000
1655957040, +2.77, +25.861,  -0.02570, +704.000, +371.000, +1008.000
1655957160, +2.77, +25.811,  -0.05357, +788.000, +380.000, +931.000
1655957280, +2.77, +25.836,  -0.01332, +704.000, +366.000, +995.000
1655957400, +2.77, +25.803,  -0.00403, +704.000, +366.000, +993.000
1655957520, +2.77, +25.794,  +0.00217, +780.000, +425.000, +920.000
1655957640, +2.77, +25.778,  +0.00836, +711.000, +360.000, +1008.000
1655957760, +2.77, +25.786,  -0.00093, +704.000, +364.000, +1006.000
1655957880, +2.77, +25.761,  -0.00712, +792.000, +376.000, +927.000
1655958000, +2.77, +25.753,  +0.02075, +728.000, +384.000, +1016.000
1655958120, +2.77, +25.761,  -0.00712, +787.000, +384.000, +927.000
1655958240, +2.77, +25.745,  -0.04118, +775.000, +440.000, +912.000
1655958360, +2.77, +25.753,  -0.02880, +784.000, +388.000, +935.000
1655958480, +2.77, +25.745,  -0.03809, +783.000, +399.000, +935.000
1655958600, +2.77, +25.728,  -0.01641, +696.000, +382.000, +995.000
1655958720, +2.77, +25.703,  -0.01332, +697.000, +380.000, +992.000
1655958840, +2.77, +25.686,  -0.09692, +696.000, +380.000, +999.000
1655958960, +2.77, +25.670,  -0.02570, +699.000, +380.000, +995.000
1655959080, +2.77, +25.653,  -0.02570, +780.000, +401.000, +935.000
1655959200, +2.77, +25.653,  -0.01022, +696.000, +387.000, +995.000
1655959320, +2.77, +25.661,  -0.01022, +700.000, +384.000, +1006.000
1655959440, +2.77, +25.645,  -0.00403, +697.000, +380.000, +993.000
1655959560, +2.77, +25.645,  -0.03809, +696.000, +384.000, +999.000
1655959680, +2.77, +25.637,  -0.02570, +713.000, +401.000, +1024.000
1655959800, +2.77, +25.637,  -0.01641, +697.000, +383.000, +992.000
1655959920, +2.77, +25.620,  +0.03933, +700.000, +384.000, +1008.000
1655960040, +2.77, +25.612,  -0.00712, +728.000, +428.000, +1008.000
1655960160, +2.77, +25.620,  -0.03189, +688.000, +396.000, +999.000
1655960280, +2.77, +25.578,  -0.03809, +691.000, +393.000, +998.000
1655960400, +2.77, +25.562,  +0.03004, +691.000, +393.000, +999.000
1655960520, +2.77, +25.570,  -0.01641, +691.000, +392.000, +998.000
1655960640, +2.77, +25.570,  -0.04428, +692.000, +404.000, +1016.000
1655960760, +2.77, +25.562,  -0.01641, +710.000, +422.000, +1024.000
1655960880, +2.77, +25.578,  -0.02261, +689.000, +393.000, +999.000
1655961000, +2.77, +25.578,  -0.01951, +776.000, +422.000, +927.000
1655961120, +2.77, +25.537,  -0.00403, +728.000, +423.000, +1012.000
1655961240, +2.77, +25.587,  -0.00403, +721.000, +432.000, +1012.000
1655961360, +2.77, +25.553,  -0.03499, +691.000, +396.000, +999.000
1655961480, +2.77, +25.537,  -0.05357, +776.000, +435.000, +905.000
1655961600, +2.77, +25.570,  -0.05976, +691.000, +395.000, +999.000
1655961720, +2.77, +25.570,  -0.02261, +716.000, +419.000, +1020.000
1655961840, +2.77, +25.545,  -0.02261, +700.000, +408.000, +1020.000
1655961960, +2.77, +25.537,  -0.04428, +776.000, +420.000, +931.000
1655962080, +2.77, +25.562,  -0.01641, +732.000, +435.000, +999.000
1655962200, +2.77, +25.562,  -0.03189, +696.000, +400.000, +1014.000
1655962320, +2.77, +25.553,  -0.00403, +689.000, +399.000, +1006.000
1655962440, +2.77, +25.553,  -0.04118, +737.000, +448.000, +984.000
1655962560, +2.77, +25.562,  -0.01332, +689.000, +399.000, +998.000
1655962680, +2.77, +25.537,  -0.07834, +691.000, +392.000, +999.000
1655962800, +2.77, +25.537,  -0.02570, +696.000, +403.000, +1016.000
1655962920, +2.77, +25.537,  -0.00712, +688.000, +398.000, +1000.000
1655963040, +2.77, +25.537,  +0.04552, +691.000, +396.000, +1000.000
1655963160, +2.77, +25.495,  -0.02570, +688.000, +398.000, +999.000
1655963280, +2.77, +25.520,  -0.03499, +691.000, +398.000, +1008.000
1655963400, +2.77, +25.512,  +0.01146, +694.000, +400.000, +1014.000
1655963520, +2.77, +25.512,  -0.02570, +694.000, +403.000, +1009.000
1655963640, +2.77, +25.504,  +0.00836, +688.000, +396.000, +1000.000
1655963760, +2.77, +25.512,  -0.04738, +688.000, +398.000, +999.000
1655963880, +2.77, +25.487,  -0.01951, +700.000, +408.000, +1020.000
1655964000, +2.77, +25.512,  -0.01951, +688.000, +400.000, +999.000
1655964120, +2.77, +25.520,  -0.02570, +775.000, +444.000, +904.000
1655964240, +2.77, +25.495,  -0.02261, +688.000, +396.000, +998.000
1655964360, +2.77, +25.529,  +0.01455, +688.000, +400.000, +1000.000
1655964480, +2.77, +25.479,  -0.02570, +771.000, +460.000, +892.000
1655964600, +2.77, +25.520,  -0.01641, +688.000, +400.000, +1004.000
1655964720, +2.77, +25.512,  -0.01022, +688.000, +399.000, +1000.000
1655964840, +2.77, +25.520,  +0.03313, +688.000, +399.000, +995.000
1655964960, +2.77, +25.520,  +0.03004, +688.000, +400.000, +1006.000
1655965080, +2.77, +25.504,  -0.06596, +723.000, +424.000, +1016.000
1655965200, +2.77, +25.495,  -0.02880, +716.000, +417.000, +1020.000
1655965320, +2.77, +25.512,  -0.00403, +696.000, +408.000, +1016.000
1655965440, +2.77, +25.479,  -0.05976, +696.000, +412.000, +1020.000
1655965560, +2.77, +25.479,  -0.03809, +704.000, +415.000, +1024.000
1655965680, +2.77, +25.487,  +0.00836, +696.000, +408.000, +1017.000
1655965800, +2.77, +25.479,  +0.01455, +707.000, +414.000, +1024.000
1655965920, +2.77, +25.487,  -0.03809, +694.000, +400.000, +1014.000
1655966040, +2.77, +25.479,  -0.00403, +707.000, +408.000, +1017.000
1655966160, +2.77, +25.479,  -0.01022, +734.000, +438.000, +995.000
1655966280, +2.77, +25.462,  +0.00526, +691.000, +399.000, +1008.000
1655966400, +2.77, +25.454,  -0.00712, +689.000, +400.000, +999.000
1655966520, +2.77, +25.429,  -0.01332, +687.000, +404.000, +1000.000
1655966640, +2.77, +25.454,  +0.02075, +691.000, +400.000, +1008.000
1655966760, +2.77, +25.462,  -0.02880, +689.000, +399.000, +1000.000
1655966880, +2.77, +25.454,  +0.01146, +688.000, +399.000, +999.000
1655967000, +2.77, +25.445,  -0.01022, +689.000, +399.000, +998.000
1655967120, +2.77, +25.445,  -0.06905, +689.000, +401.000, +1008.000
1655967240, +2.77, +25.437,  -0.05667, +697.000, +408.000, +1020.000
1655967360, +2.77, +25.437,  -0.00403, +743.000, +448.000, +975.000
1655967480, +2.77, +25.429,  -0.08144, +772.000, +424.000, +927.000
1655967600, +2.77, +25.429,  +0.02694, +688.000, +399.000, +998.000
1655967720, +2.77, +25.421,  -0.04428, +739.000, +444.000, +985.000
1655967840, +2.77, +25.396,  -0.01951, +687.000, +406.000, +1001.000
1655967960, +2.77, +25.429,  -0.05667, +689.000, +398.000, +999.000
1655968080, +2.77, +25.421,  -0.03499, +727.000, +435.000, +1008.000
1655968200, +2.77, +25.412,  -0.04428, +697.000, +408.000, +1020.000
1655968320, +2.77, +25.437,  -0.01332, +745.000, +451.000, +963.000
1655968440, +2.77, +25.429,  -0.03189, +694.000, +404.000, +1016.000
1655968560, +2.77, +25.412,  -0.00712, +726.000, +432.000, +1008.000
1655968680, +2.77, +25.404,  -0.00712, +720.000, +428.000, +1016.000
1655968800, +2.77, +25.437,  +0.00526, +739.000, +444.000, +988.000
1655968920, +2.77, +25.445,  -0.02261, +721.000, +432.000, +1011.000
1655969040, +2.77, +25.429,  -0.02880, +689.000, +403.000, +1011.000
1655969160, +2.77, +25.437,  -0.00093, +720.000, +428.000, +1016.000
1655969280, +2.77, +25.445,  +0.00836, +691.000, +399.000, +996.000
1655969400, +2.77, +25.429,  -0.02570, +691.000, +400.000, +1011.000
1655969520, +2.77, +25.445,  +0.01146, +696.000, +406.000, +1016.000
1655969640, +2.77, +25.462,  -0.00403, +691.000, +399.000, +1001.000
1655969760, +2.77, +25.454,  +0.00217, +691.000, +403.000, +1009.000
1655969880, +2.77, +25.470,  -0.04428, +688.000, +399.000, +999.000
1655970000, +2.77, +25.421,  -0.05357, +728.000, +440.000, +1000.000
1655970120, +2.77, +25.454,  -0.05047, +729.000, +435.000, +1003.000
1655970240, +2.77, +25.462,  -0.03189, +688.000, +400.000, +1000.000
1655970360, +2.77, +25.421,  -0.03499, +736.000, +444.000, +988.000
1655970480, +2.77, +25.421,  +0.02075, +720.000, +428.000, +1016.000
1655970600, +2.77, +25.404,  +0.01765, +739.000, +454.000, +979.000
1655970720, +2.77, +25.421,  +0.02384, +736.000, +440.000, +995.000
1655970840, +2.77, +25.396,  -0.06286, +710.000, +416.000, +1024.000
1655970960, +2.77, +25.404,  -0.02570, +689.000, +403.000, +1011.000
1655971080, +2.77, +25.387,  +0.00836, +739.000, +448.000, +984.000
1655971200, +2.77, +25.387,  -0.01332, +688.000, +400.000, +998.000
1655971320, +2.77, +25.379,  +0.00217, +736.000, +444.000, +992.000
1655971440, +2.77, +25.396,  -0.01641, +688.000, +400.000, +1006.000
1655971560, +2.77, +25.371,  -0.04738, +688.000, +401.000, +999.000
1655971680, +2.77, +25.396,  -0.01951, +688.000, +403.000, +1000.000
1655971800, +2.77, +25.362,  -0.03189, +691.000, +403.000, +1014.000
1655971920, +2.77, +25.362,  +0.00217, +688.000, +399.000, +999.000
1655972040, +2.77, +25.354,  -0.03189, +689.000, +400.000, +1006.000
1655972160, +2.77, +25.362,  -0.03809, +694.000, +408.000, +1016.000
1655972280, +2.77, +25.362,  -0.00093, +689.000, +401.000, +999.000
1655972400, +2.77, +25.362,  -0.02880, +688.000, +398.000, +999.000
1655972520, +2.77, +25.362,  -0.05667, +689.000, +400.000, +1008.000
1655972640, +2.77, +25.371,  -0.05976, +691.000, +399.000, +999.000
1655972760, +2.77, +25.371,  +0.00836, +734.000, +440.000, +998.000
1655972880, +2.77, +25.362,  -0.00712, +720.000, +432.000, +1016.000
1655973000, +2.77, +25.379,  -0.02880, +688.000, +401.000, +996.000
1655973120, +2.77, +25.396,  -0.02880, +691.000, +403.000, +1008.000
1655973240, +2.77, +25.379,  -0.07215, +742.000, +448.000, +979.000
1655973360, +2.77, +25.396,  -0.01022, +691.000, +401.000, +1000.000
1655973480, +2.77, +25.404,  -0.00403, +691.000, +399.000, +1000.000
1655973600, +2.77, +25.396,  -0.04118, +692.000, +406.000, +1014.000
1655973720, +2.77, +25.379,  -0.02570, +712.000, +424.000, +1020.000
1655973840, +2.77, +25.371,  -0.02570, +688.000, +399.000, +999.000
1655973960, +2.77, +25.396,  -0.04738, +688.000, +400.000, +1000.000
1655974080, +2.77, +25.404,  -0.00403, +688.000, +400.000, +1004.000
1655974200, +2.77, +25.387,  -0.01332, +742.000, +451.000, +974.000
1655974320, +2.77, +25.379,  +0.01146, +697.000, +409.000, +1017.000
1655974440, +2.77, +25.371,  -0.02570, +691.000, +404.000, +1014.000
1655974560, +2.77, +25.379,  +0.01455, +728.000, +438.000, +1004.000
1655974680, +2.77, +25.354,  +0.01146, +691.000, +403.000, +1008.000
1655974800, +2.77, +25.371,  -0.01951, +732.000, +440.000, +992.000
1655974920, +2.77, +25.337,  -0.03809, +744.000, +448.000, +972.000
1655975040, +2.77, +25.362,  +0.01146, +716.000, +424.000, +1019.000
1655975160, +2.77, +25.346,  -0.02261, +728.000, +440.000, +999.000
1655975280, +2.77, +25.337,  -0.07215, +719.000, +424.000, +1015.000
1655975400, +2.77, +25.346,  -0.01951, +704.000, +419.000, +1024.000
1655975520, +2.77, +25.354,  -0.02880, +688.000, +399.000, +1000.000
1655975640, +2.77, +25.354,  +0.00836, +721.000, +432.000, +1012.000
1655975760, +2.77, +25.329,  -0.03809, +688.000, +403.000, +1004.000
1655975880, +2.77, +25.337,  -0.00403, +688.000, +401.000, +999.000
1655976000, +2.77, +25.346,  -0.05976, +726.000, +436.000, +1008.000
1655976120, +2.77, +25.312,  -0.02880, +718.000, +428.000, +1015.000
1655976240, +2.77, +25.321,  -0.04118, +691.000, +399.000, +998.000
1655976360, +2.77, +25.312,  -0.02261, +739.000, +444.000, +984.000
1655976480, +2.77, +25.312,  -0.00093, +734.000, +440.000, +996.000
1655976600, +2.77, +25.321,  +0.00836, +732.000, +436.000, +1001.000
1655976720, +2.77, +25.321,  -0.03189, +736.000, +448.000, +992.000
1655976840, +2.77, +25.337,  -0.02570, +704.000, +416.000, +1019.000
1655976960, +2.77, +25.346,  +0.00836, +704.000, +416.000, +1022.000
1655977080, +2.77, +25.354,  +0.00836, +696.000, +408.000, +1016.000
1655977200, +2.77, +25.362,  -0.03809, +723.000, +432.000, +1008.000
1655977320, +2.77, +25.371,  +0.01455, +716.000, +423.000, +1020.000
1655977440, +2.77, +25.362,  -0.00403, +688.000, +401.000, +995.000
1655977560, +2.77, +25.404,  -0.02570, +719.000, +428.000, +1014.000
1655977680, +2.77, +25.371,  -0.01332, +711.000, +422.000, +1020.000
1655977800, +2.77, +25.371,  -0.03809, +691.000, +400.000, +1000.000
1655977920, +2.77, +25.387,  -0.01332, +716.000, +424.000, +1017.000
1655978040, +2.77, +25.404,  -0.02261, +691.000, +403.000, +1008.000
1655978160, +2.77, +25.379,  -0.00712, +729.000, +440.000, +1000.000
1655978280, +2.77, +25.396,  -0.04118, +696.000, +412.000, +1017.000
1655978400, +2.77, +25.362,  -0.01332, +689.000, +398.000, +999.000
1655978520, +2.77, +25.387,  +0.04242, +716.000, +424.000, +1020.000
1655978640, +2.77, +25.404,  +0.00217, +710.000, +417.000, +1024.000
1655978760, +2.77, +25.396,  -0.04118, +688.000, +401.000, +999.000
1655978880, +2.77, +25.387,  +0.01455, +742.000, +448.000, +976.000
1655979000, +2.77, +25.379,  -0.03809, +732.000, +444.000, +995.000
1655979120, +2.77, +25.371,  -0.02261, +728.000, +438.000, +1004.000
1655979240, +2.77, +25.396,  +0.01146, +732.000, +441.000, +992.000
1655979360, +2.77, +25.362,  -0.05667, +712.000, +422.000, +1016.000
1655979480, +2.77, +25.371,  -0.03189, +696.000, +412.000, +1016.000
1655979600, +2.77, +25.362,  -0.03189, +719.000, +432.000, +1016.000
1655979720, +2.77, +25.387,  -0.02570, +736.000, +440.000, +992.000
1655979840, +2.77, +25.379,  -0.04118, +728.000, +438.000, +1006.000
1655979960, +2.77, +25.379,  -0.04738, +774.000, +415.000, +927.000
1655980080, +2.77, +25.354,  -0.00712, +691.000, +401.000, +995.000
1655980200, +2.77, +25.371,  -0.05357, +688.000, +399.000, +995.000
1655980320, +2.77, +25.371,  +0.01765, +696.000, +409.000, +1016.000
1655980440, +2.77, +25.371,  +0.03004, +736.000, +448.000, +985.000
1655980560, +2.77, +25.379,  -0.06286, +720.000, +432.000, +1016.000
1655980680, +2.77, +25.396,  +0.03623, +688.000, +401.000, +999.000
1655980800, +2.77, +25.387,  +0.01455, +696.000, +408.000, +1016.000
1655980920, +2.77, +25.387,  -0.02570, +742.000, +451.000, +975.000
1655981040, +2.77, +25.387,  +0.00526, +710.000, +419.000, +1024.000
1655981160, +2.77, +25.404,  -0.05976, +704.000, +414.000, +1024.000
1655981280, +2.77, +25.362,  -0.01332, +689.000, +403.000, +995.000
1655981400, +2.77, +25.396,  -0.03499, +689.000, +403.000, +1008.000
1655981520, +2.77, +25.379,  -0.00403, +712.000, +422.000, +1020.000
1655981640, +2.77, +25.387,  -0.00403, +732.000, +440.000, +995.000
1655981760, +2.77, +25.354,  -0.02261, +729.000, +440.000, +999.000
1655981880, +2.77, +25.387,  -0.02261, +688.000, +400.000, +999.000
1655982000, +2.77, +25.404,  -0.02880, +691.000, +400.000, +999.000
1655982120, +2.77, +25.387,  +0.02075, +704.000, +419.000, +1020.000
1655982240, +2.77, +25.387,  -0.03809, +700.000, +412.000, +1016.000
1655982360, +2.77, +25.396,  -0.03499, +710.000, +419.000, +1024.000
1655982480, +2.77, +25.396,  -0.01951, +691.000, +403.000, +1011.000
1655982600, +2.77, +25.387,  -0.05047, +689.000, +400.000, +998.000
1655982720, +2.77, +25.371,  +0.00217, +720.000, +433.000, +1016.000
1655982840, +2.77, +25.387,  -0.02261, +699.000, +416.000, +1024.000
1655982960, +2.77, +25.371,  -0.03499, +704.000, +416.000, +1024.000
1655983080, +2.77, +25.396,  -0.01332, +696.000, +414.000, +1024.000
1655983200, +2.77, +25.387,  -0.04738, +720.000, +432.000, +1011.000
1655983320, +2.77, +25.387,  -0.02261, +688.000, +403.000, +998.000
1655983440, +2.77, +25.379,  -0.04118, +691.000, +408.000, +1020.000
1655983560, +2.77, +25.396,  -0.05667, +687.000, +404.000, +1004.000
1655983680, +2.77, +25.379,  -0.01641, +688.000, +406.000, +1011.000
1655983800, +2.77, +25.396,  -0.05047, +691.000, +409.000, +1016.000
1655983920, +2.77, +25.396,  -0.00093, +719.000, +432.000, +1016.000
1655984040, +2.77, +25.412,  -0.05357, +688.000, +403.000, +995.000
1655984160, +2.77, +25.404,  -0.02261, +728.000, +438.000, +1004.000
1655984280, +2.77, +25.387,  -0.00093, +728.000, +440.000, +1004.000
1655984400, +2.77, +25.396,  -0.03499, +687.000, +400.000, +1000.000
1655984520, +2.77, +25.396,  -0.02880, +691.000, +408.000, +1016.000
1655984640, +2.77, +25.404,  -0.04118, +688.000, +404.000, +1012.000
1655984760, +2.77, +25.387,  +0.02694, +710.000, +428.000, +1020.000
1655984880, +2.77, +25.362,  -0.03809, +711.000, +424.000, +1020.000
1655985000, +2.77, +25.379,  -0.01951, +694.000, +414.000, +1020.000
1655985120, +2.77, +25.379,  -0.02570, +720.000, +436.000, +1011.000
1655985240, +2.77, +25.354,  -0.02261, +688.000, +403.000, +1008.000
1655985360, +2.77, +25.371,  -0.01641, +688.000, +401.000, +1001.000
1655985480, +2.77, +25.371,  -0.01332, +688.000, +403.000, +1001.000
1655985600, +2.77, +25.371,  +0.00526, +736.000, +448.000, +988.000
1655985720, +2.77, +25.371,  -0.04428, +744.000, +456.000, +966.000
1655985840, +2.77, +25.371,  -0.05667, +710.000, +422.000, +1020.000
1655985960, +2.77, +25.379,  -0.03809, +729.000, +444.000, +998.000
1655986080, +2.77, +25.354,  -0.00093, +720.000, +432.000, +1016.000
1655986200, +2.77, +25.362,  -0.00403, +704.000, +422.000, +1024.000
1655986320, +2.77, +25.346,  +0.01455, +691.000, +408.000, +1017.000
1655986440, +2.77, +25.362,  -0.07215, +712.000, +428.000, +1020.000
1655986560, +2.77, +25.362,  -0.03189, +688.000, +401.000, +999.000
1655986680, +2.77, +25.329,  +0.02694, +696.000, +414.000, +1020.000
1655986800, +2.77, +25.321,  -0.01951, +719.000, +432.000, +1019.000
1655986920, +2.77, +25.329,  -0.03499, +704.000, +419.000, +1024.000
1655987040, +2.77, +25.321,  +0.01765, +704.000, +416.000, +1024.000
1655987160, +2.77, +25.346,  -0.03499, +687.000, +401.000, +999.000
1655987280, +2.77, +25.321,  +0.00526, +743.000, +456.000, +972.000
1655987400, +2.77, +25.337,  -0.06286, +704.000, +416.000, +1024.000
1655987520, +2.77, +25.312,  -0.03499, +704.000, +422.000, +1024.000
1655987640, +2.77, +25.321,  -0.01022, +704.000, +417.000, +1025.000
1655987760, +2.77, +25.312,  -0.01332, +688.000, +400.000, +1000.000
1655987880, +2.77, +25.279,  +0.01455, +686.000, +403.000, +999.000
1655988000, +2.77, +25.304,  -0.02261, +704.000, +417.000, +1024.000
1655988120, +2.77, +25.312,  -0.06905, +694.000, +412.000, +1016.000
1655988240, +2.77, +25.296,  -0.01022, +687.000, +403.000, +1000.000
1655988360, +2.77, +25.296,  +0.01765, +688.000, +401.000, +1008.000
1655988480, +2.77, +25.312,  -0.01332, +688.000, +408.000, +1015.000
1655988600, +2.77, +25.312,  -0.03189, +688.000, +408.000, +1014.000
1655988720, +2.77, +25.304,  -0.03809, +716.000, +432.000, +1016.000
1655988840, +2.77, +25.296,  +0.03004, +736.000, +448.000, +988.000
1655988960, +2.77, +25.279,  -0.04428, +728.000, +440.000, +1000.000
1655989080, +2.77, +25.287,  -0.04428, +712.000, +430.000, +1020.000
1655989200, +2.77, +25.296,  -0.02880, +750.000, +463.000, +944.000
1655989320, +2.77, +25.287,  +0.00217, +688.000, +408.000, +1016.000
1655989440, +2.77, +25.271,  -0.03809, +710.000, +424.000, +1024.000
1655989560, +2.77, +25.271,  -0.03809, +728.000, +436.000, +1004.000
1655989680, +2.77, +25.263,  -0.00712, +708.000, +423.000, +1020.000
1655989800, +2.77, +25.254,  -0.00403, +707.000, +428.000, +1024.000
1655989920, +2.77, +25.238,  +0.01455, +718.000, +430.000, +1020.000
1655990040, +2.77, +25.246,  -0.09073, +732.000, +444.000, +995.000
1655990160, +2.77, +25.246,  -0.01951, +742.000, +454.000, +976.000
1655990280, +2.77, +25.246,  -0.03809, +728.000, +440.000, +1000.000
1655990400, +2.77, +25.246,  -0.01641, +687.000, +404.000, +1000.000
1655990520, +2.77, +25.229,  +0.01765, +707.000, +422.000, +1024.000
1655990640, +2.77, +25.221,  -0.02880, +726.000, +440.000, +1008.000
1655990760, +2.77, +25.229,  -0.02570, +732.000, +448.000, +999.000
1655990880, +2.77, +25.221,  -0.06596, +691.000, +408.000, +1016.000
1655991000, +2.77, +25.229,  -0.09073, +737.000, +451.000, +980.000
1655991120, +2.77, +25.221,  -0.03809, +696.000, +414.000, +1020.000
1655991240, +2.77, +25.229,  -0.01641, +688.000, +406.000, +1008.000
1655991360, +2.77, +25.229,  -0.01332, +742.000, +454.000, +974.000
1655991480, +2.77, +25.221,  -0.04738, +688.000, +408.000, +1011.000
1655991600, +2.77, +25.204,  -0.01332, +687.000, +401.000, +999.000
1655991720, +2.77, +25.213,  -0.01641, +704.000, +422.000, +1024.000
1655991840, +2.77, +25.204,  -0.00403, +711.000, +424.000, +1024.000
1655991960, +2.77, +25.196,  -0.02880, +696.000, +416.000, +1020.000
1655992080, +2.77, +25.213,  -0.04738, +742.000, +455.000, +974.000
1655992200, +2.77, +25.204,  -0.05667, +742.000, +455.000, +972.000
1655992320, +2.77, +25.213,  +0.03004, +718.000, +432.000, +1014.000
1655992440, +2.77, +25.204,  -0.01641, +732.000, +444.000, +998.000
1655992560, +2.77, +25.188,  -0.02880, +737.000, +449.000, +979.000
1655992680, +2.77, +25.196,  -0.03499, +742.000, +455.000, +966.000
1655992800, +2.77, +25.179,  -0.01951, +712.000, +428.000, +1020.000
1655992920, +2.77, +25.196,  -0.00712, +739.000, +451.000, +975.000
1655993040, +2.77, +25.196,  -0.02880, +737.000, +449.000, +984.000
1655993160, +2.77, +25.188,  -0.03499, +699.000, +416.000, +1020.000
1655993280, +2.77, +25.179,  +0.02075, +711.000, +424.000, +1024.000
1655993400, +2.77, +25.179,  -0.01022, +750.000, +464.000, +942.000
1655993520, +2.77, +25.179,  -0.03499, +736.000, +448.000, +983.000
1655993640, +2.77, +25.163,  -0.02261, +755.000, +467.000, +928.000
1655993760, +2.77, +25.188,  +0.00836, +728.000, +440.000, +1006.000
1655993880, +2.77, +25.163,  -0.03189, +744.000, +455.000, +968.000
1655994000, +2.77, +25.179,  -0.02261, +736.000, +448.000, +984.000
1655994120, +2.77, +25.163,  +0.05791, +736.000, +451.000, +984.000
1655994240, +2.77, +25.138,  -0.05976, +731.000, +448.000, +993.000
1655994360, +2.77, +25.154,  +0.00526, +708.000, +424.000, +1024.000
1655994480, +2.77, +25.146,  -0.06596, +692.000, +412.000, +1016.000
1655994600, +2.77, +25.146,  -0.01951, +748.000, +460.000, +952.000
1655994720, +2.77, +25.146,  -0.04118, +742.000, +454.000, +972.000
1655994840, +2.77, +25.154,  -0.04428, +704.000, +422.000, +1024.000
1655994960, +2.77, +25.171,  +0.00836, +728.000, +440.000, +1000.000
1655995080, +2.77, +25.154,  -0.01332, +687.000, +404.000, +1004.000
1655995200, +2.77, +25.163,  -0.01332, +742.000, +455.000, +974.000
1655995320, +2.77, +25.138,  +0.00217, +742.000, +451.000, +975.000
1655995440, +2.77, +25.121,  -0.04428, +736.000, +448.000, +984.000
1655995560, +2.77, +25.146,  -0.03189, +739.000, +454.000, +975.000
1655995680, +2.77, +25.138,  +0.00526, +736.000, +448.000, +990.000
1655995800, +2.77, +25.146,  -0.06905, +728.000, +444.000, +1000.000
1655995920, +2.77, +25.129,  +0.00526, +691.000, +414.000, +1016.000
1655996040, +2.77, +25.138,  +0.00526, +736.000, +452.000, +976.000
1655996160, +2.77, +25.154,  +0.00526, +712.000, +428.000, +1020.000
1655996280, +2.77, +25.121,  -0.05357, +742.000, +456.000, +967.000
1655996400, +2.77, +25.146,  -0.02261, +716.000, +428.000, +1019.000
1655996520, +2.77, +25.138,  +0.04862, +732.000, +440.000, +996.000
1655996640, +2.77, +25.154,  +0.00836, +764.000, +470.000, +908.000
1655996760, +2.77, +25.138,  -0.05047, +736.000, +448.000, +984.000
1655996880, +2.77, +25.171,  -0.00712, +737.000, +452.000, +976.000
1655997000, +2.77, +25.121,  -0.01641, +744.000, +460.000, +960.000
1655997120, +2.77, +25.138,  +0.00217, +732.000, +448.000, +988.000
1655997240, +2.77, +25.113,  +0.10435, +728.000, +440.000, +1004.000
1655997360, +2.77, +25.138,  +0.17248, +748.000, +460.000, +960.000
1655997480, +2.77, +25.121,  +0.19725, +744.000, +456.000, +960.000
1655997600, +2.77, +25.104,  +0.24989, +737.000, +454.000, +976.000
1655997720, +2.77, +25.129,  +0.56884, +736.000, +448.000, +988.000
1655997840, +2.77, +25.121,  +0.91876, +748.000, +460.000, +958.000
1655997960, +2.77, +25.113,  +1.22841, +736.000, +452.000, +982.000
1655998080, +2.77, +25.121,  +1.83535, +729.000, +448.000, +992.000
1655998200, +2.77, +25.104,  +2.53517, +742.000, +455.000, +972.000
1655998320, +2.77, +25.113,  +3.42389, +736.000, +448.000, +988.000
1655998440, +2.77, +25.080,  +4.76781, +704.000, +419.000, +1024.000
1655998560, +2.77, +25.088,  +6.33158, +708.000, +424.000, +1022.000
1655998680, +2.77, +25.071,  +8.44965, +736.000, +451.000, +976.000
1655998800, +2.77, +25.088, +10.38501, +712.000, +424.000, +1024.000
1655998920, +2.77, +25.096, +12.01072, +687.000, +403.000, +1000.000
1655999040, +2.77, +25.080, +13.56520, +742.000, +455.000, +972.000
