7530-428102
OS REV: 1.05 Sensor Cal: 1572940800
Time (sec),  Bat (Volts),   T (deg C),  PAR (umol/(s m^2))  Ax (g), Ay (g), Az (g)
1654009200, +2.84, +24.096,  -0.05667, +1072.000, +220.000, +294.000
1654009320, +2.84, +24.088,  -0.01332, +1068.000, +216.000, +312.000
1654009440, +2.84, +24.088,  +0.00526, +1046.000, +200.000, +360.000
1654009560, +2.84, +24.088,  -0.01641, +1031.000, +192.000, +384.000
1654009680, +2.84, +24.055,  -0.01951, +1084.000, +225.000, +272.000
1654009800, +2.84, +24.080,  -0.06286, +1054.000, +207.000, +348.000
1654009920, +2.84, +24.071,  -0.01332, +1070.000, +220.000, +308.000
1654010040, +2.84, +24.105,  -0.01641, +1052.000, +206.000, +352.000
1654010160, +2.84, +24.071,  -0.04118, +1052.000, +206.000, +352.000
1654010280, +2.84, +24.096,  +0.00217, +1070.000, +216.000, +308.000
1654010400, +2.84, +24.038,  -0.03499, +1056.000, +208.000, +339.000
1654010520, +2.84, +24.080,  -0.02880, +1054.000, +207.000, +344.000
1654010640, +2.84, +24.080,  +0.04242, +1068.000, +216.000, +310.000
1654010760, +2.84, +24.080,  +0.03623, +1067.000, +216.000, +316.000
1654010880, +2.84, +24.063,  -0.03189, +1024.000, +192.000, +387.000
1654011000, +2.84, +24.088,  -0.04738, +1027.000, +192.000, +384.000
1654011120, +2.84, +24.063,  +0.00526, +1040.000, +200.000, +368.000
1654011240, +2.84, +24.080,  -0.05047, +1055.000, +204.000, +344.000
1654011360, +2.84, +24.071,  -0.01951, +1032.000, +192.000, +384.000
1654011480, +2.84, +24.088,  -0.01332, +1056.000, +208.000, +344.000
1654011600, +2.84, +24.088,  -0.09383, +1048.000, +204.000, +359.000
1654011720, +2.84, +24.063,  +0.02075, +992.000, +179.000, +387.000
1654011840, +2.84, +24.063,  +0.02694, +1039.000, +196.000, +371.000
1654011960, +2.84, +24.071,  +0.03313, +1057.000, +208.000, +339.000
1654012080, +2.84, +24.080,  -0.00093, +1075.000, +224.000, +296.000
1654012200, +2.84, +24.080,  -0.01332, +1063.000, +211.000, +330.000
1654012320, +2.84, +24.055,  -0.06905, +1043.000, +199.000, +368.000
1654012440, +2.84, +24.046,  +0.00217, +1054.000, +206.000, +348.000
1654012560, +2.84, +24.071,  +0.03933, +1080.000, +224.000, +284.000
1654012680, +2.84, +24.063,  +0.02384, +1055.000, +208.000, +344.000
1654012800, +2.84, +24.063,  +0.05171, +1073.000, +220.000, +292.000
1654012920, +2.84, +24.071,  -0.06286, +1014.000, +188.000, +391.000
1654013040, +2.84, +24.046,  -0.04738, +1043.000, +198.000, +368.000
1654013160, +2.84, +24.055,  +0.05481, +1059.000, +211.000, +336.000
1654013280, +2.84, +24.063,  +0.01765, +1024.000, +192.000, +387.000
1654013400, +2.84, +24.063,  +3.56014, +1064.000, +209.000, +324.000
1654013520, +2.84, +24.063,  +4.54486, +1062.000, +212.000, +332.000
1654013640, +2.84, +24.071,  +4.71207, +1060.000, +211.000, +329.000
1654013760, +2.84, +24.038,  +4.74613, +1052.000, +207.000, +352.000
1654013880, +2.84, +24.063,  +4.72446, +1036.000, +195.000, +380.000
1654014000, +2.84, +24.071,  +4.73994, +1072.000, +217.000, +304.000
1654014120, +2.84, +24.080,  +4.64395, +1068.000, +220.000, +308.000
1654014240, +2.84, +24.055,  +4.67182, +1057.000, +211.000, +336.000
1654014360, +2.84, +24.080,  +4.80497, +1054.000, +208.000, +344.000
1654014480, +2.84, +24.088,  +4.85761, +1070.000, +216.000, +304.000
1654014600, +2.84, +24.080,  +4.84213, +1048.000, +200.000, +359.000
1654014720, +2.84, +24.088,  +4.95051, +992.000, +176.000, +390.000
1654014840, +2.84, +24.105,  +4.78639, +1072.000, +216.000, +304.000
1654014960, +2.84, +24.080,  +4.89167, +1052.000, +206.000, +352.000
1654015080, +2.84, +24.096,  +4.78949, +1038.000, +199.000, +371.000
1654015200, +2.84, +24.130,  +4.82355, +1072.000, +217.000, +304.000
1654015320, +2.84, +24.138,  +4.79878, +1052.000, +206.000, +352.000
1654015440, +2.84, +24.138,  +4.79568, +1016.000, +188.000, +391.000
1654015560, +2.84, +24.155,  +4.83903, +1046.000, +203.000, +358.000
1654015680, +2.84, +24.138,  +4.82974, +1040.000, +199.000, +368.000
1654015800, +2.84, +24.171,  +4.80187, +1032.000, +192.000, +380.000
1654015920, +2.84, +24.155,  +4.84213, +1038.000, +195.000, +376.000
1654016040, +2.84, +24.180,  +4.83284, +1001.000, +180.000, +393.000
1654016160, +2.84, +24.180,  +4.83903, +1065.000, +216.000, +320.000
1654016280, +2.84, +24.196,  +4.87619, +1039.000, +199.000, +368.000
1654016400, +2.84, +24.205,  +4.83903, +1062.000, +216.000, +321.000
1654016520, +2.84, +24.205,  +4.86071, +1043.000, +200.000, +368.000
1654016640, +2.84, +24.221,  +4.78020, +1057.000, +207.000, +332.000
1654016760, +2.84, +24.205,  +4.82974, +1027.000, +192.000, +384.000
1654016880, +2.84, +24.230,  +4.79878, +1039.000, +199.000, +371.000
1654017000, +2.84, +24.221,  +4.81426, +992.000, +176.000, +388.000
1654017120, +2.84, +24.221,  +4.78639, +1039.000, +198.000, +376.000
1654017240, +2.84, +24.213,  +4.78020, +1027.000, +192.000, +384.000
1654017360, +2.84, +24.221,  +4.81116, +1039.000, +198.000, +372.000
1654017480, +2.84, +24.221,  +4.73375, +1072.000, +220.000, +304.000
1654017600, +2.84, +24.230,  +4.73065, +995.000, +176.000, +391.000
1654017720, +2.84, +24.213,  +4.74613, +991.000, +179.000, +384.000
1654017840, +2.84, +24.246,  +4.75233, +1048.000, +204.000, +360.000
1654017960, +2.84, +24.230,  +4.78639, +1030.000, +193.000, +380.000
1654018080, +2.84, +24.213,  +4.73375, +993.000, +177.000, +387.000
1654018200, +2.84, +24.238,  +4.78329, +1016.000, +185.000, +391.000
1654018320, +2.84, +24.238,  +4.82664, +992.000, +177.000, +390.000
1654018440, +2.84, +24.238,  +4.78020, +995.000, +176.000, +390.000
1654018560, +2.84, +24.221,  +4.80187, +1048.000, +204.000, +356.000
1654018680, +2.84, +24.246,  +4.74304, +1024.000, +192.000, +384.000
1654018800, +2.84, +24.246,  +4.74613, +999.000, +180.000, +392.000
1654018920, +2.84, +24.246,  +4.73375, +992.000, +179.000, +387.000
1654019040, +2.84, +24.255,  +4.75852, +995.000, +176.000, +391.000
1654019160, +2.84, +24.246,  +4.77091, +1033.000, +193.000, +376.000
1654019280, +2.84, +24.246,  +4.82664, +1049.000, +206.000, +355.000
1654019400, +2.84, +24.263,  +4.75852, +992.000, +179.000, +390.000
1654019520, +2.84, +24.263,  +4.79568, +1016.000, +185.000, +390.000
1654019640, +2.84, +24.255,  +4.73065, +992.000, +176.000, +387.000
1654019760, +2.84, +24.246,  +4.78020, +1048.000, +204.000, +358.000
1654019880, +2.84, +24.238,  +4.76471, +1015.000, +188.000, +391.000
1654020000, +2.84, +24.230,  +4.73065, +1031.000, +195.000, +384.000
1654020120, +2.84, +24.255,  +4.73065, +1046.000, +200.000, +360.000
1654020240, +2.84, +24.246,  +4.73375, +992.000, +176.000, +387.000
1654020360, +2.84, +24.221,  +4.73994, +998.000, +179.000, +391.000
1654020480, +2.84, +24.238,  +4.74923, +1065.000, +216.000, +316.000
1654020600, +2.84, +24.230,  +4.73994, +1001.000, +182.000, +392.000
1654020720, +2.84, +24.238,  +4.69968, +1016.000, +184.000, +390.000
1654020840, +2.84, +24.213,  +4.73684, +1004.000, +184.000, +393.000
1654020960, +2.84, +24.238,  +4.74923, +1064.000, +216.000, +320.000
1654021080, +2.84, +24.221,  +4.68420, +1072.000, +220.000, +304.000
1654021200, +2.84, +24.238,  +4.67801, +992.000, +176.000, +387.000
1654021320, +2.84, +24.230,  +4.68730, +998.000, +179.000, +392.000
1654021440, +2.84, +24.205,  +4.66872, +1042.000, +198.000, +364.000
1654021560, +2.84, +24.213,  +4.64704, +992.000, +176.000, +388.000
1654021680, +2.84, +24.230,  +4.75542, +1024.000, +192.000, +385.000
1654021800, +2.84, +24.221,  +4.73684, +1063.000, +216.000, +324.000
1654021920, +2.84, +24.196,  +4.65014, +1025.000, +192.000, +387.000
1654022040, +2.84, +24.238,  +4.74923, +1020.000, +192.000, +387.000
1654022160, +2.84, +24.238,  +4.69349, +992.000, +176.000, +390.000
1654022280, +2.84, +24.213,  +4.62227, +1016.000, +188.000, +388.000
1654022400, +2.84, +24.213,  +4.69968, +1032.000, +193.000, +380.000
1654022520, +2.84, +24.230,  +4.64704, +991.000, +176.000, +385.000
1654022640, +2.84, +24.213,  +4.67801, +1068.000, +216.000, +312.000
1654022760, +2.84, +24.196,  +4.65014, +1016.000, +192.000, +390.000
1654022880, +2.84, +24.196,  +4.67491, +1048.000, +206.000, +355.000
1654023000, +2.84, +24.171,  +4.71517, +1072.000, +216.000, +304.000
1654023120, +2.84, +24.163,  +4.67182, +1048.000, +204.000, +353.000
1654023240, +2.84, +24.138,  +4.68420, +1060.000, +211.000, +332.000
1654023360, +2.84, +24.121,  +4.79258, +999.000, +179.000, +392.000
1654023480, +2.84, +24.105,  +4.68730, +1036.000, +195.000, +376.000
1654023600, +2.84, +24.080,  +4.71826, +1055.000, +206.000, +344.000
1654023720, +2.84, +24.063,  +4.70897, +1055.000, +207.000, +342.000
1654023840, +2.84, +24.063,  +4.70897, +1060.000, +211.000, +334.000
1654023960, +2.84, +24.046,  +4.71517, +1072.000, +220.000, +295.000
1654024080, +2.84, +24.030,  +4.76781, +1091.000, +228.000, +243.000
1654024200, +2.84, +23.988,  +4.68111, +1072.000, +220.000, +302.000
1654024320, +2.84, +23.980,  +4.65943, +1072.000, +220.000, +304.000
1654024440, +2.84, +23.946,  +4.70897, +1102.000, +224.000, +224.000
1654024560, +2.84, +23.929,  +4.75233, +1102.000, +224.000, +224.000
1654024680, +2.84, +23.896,  +4.65633, +1088.000, +227.000, +257.000
1654024800, +2.84, +23.896,  +4.68420, +1102.000, +216.000, +224.000
1654024920, +2.84, +23.879,  +4.65943, +1072.000, +216.000, +304.000
1654025040, +2.84, +23.879,  +4.73375, +1100.000, +220.000, +224.000
1654025160, +2.84, +23.854,  +4.75233, +1100.000, +216.000, +226.000
1654025280, +2.84, +23.838,  +4.77710, +1080.000, +224.000, +280.000
1654025400, +2.84, +23.871,  +4.71826, +1102.000, +200.000, +231.000
1654025520, +2.84, +23.854,  +4.74923, +1070.000, +216.000, +308.000
1654025640, +2.84, +23.838,  +4.72136, +1070.000, +216.000, +310.000
1654025760, +2.84, +23.838,  +4.65324, +1075.000, +224.000, +291.000
1654025880, +2.84, +23.838,  +4.70897, +1091.000, +227.000, +244.000
1654026000, +2.84, +23.804,  +4.69968, +1102.000, +220.000, +224.000
1654026120, +2.84, +23.813,  +4.69659, +1070.000, +220.000, +304.000
1654026240, +2.84, +23.804,  +4.70278, +1070.000, +216.000, +304.000
1654026360, +2.84, +23.779,  +4.71207, +1102.000, +218.000, +217.000
1654026480, +2.84, +23.788,  +4.74923, +1089.000, +228.000, +248.000
1654026600, +2.84, +23.779,  +4.69659, +1096.000, +228.000, +230.000
1654026720, +2.84, +23.754,  +4.64395, +1100.000, +184.000, +271.000
1654026840, +2.84, +23.763,  +4.70588, +992.000, +177.000, +390.000
1654026960, +2.84, +23.763,  +4.71517, +1072.000, +217.000, +300.000
1654027080, +2.84, +23.763,  +4.60679, +1102.000, +199.000, +236.000
1654027200, +2.84, +23.754,  +4.73065, +1102.000, +204.000, +232.000
1654027320, +2.84, +23.746,  +4.65943, +1100.000, +220.000, +224.000
1654027440, +2.84, +23.729,  +4.64085, +992.000, +176.000, +391.000
1654027560, +2.84, +23.729,  +4.63775, +1100.000, +220.000, +224.000
1654027680, +2.84, +23.721,  +4.67491, +992.000, +179.000, +390.000
1654027800, +2.84, +23.754,  +4.69659, +1100.000, +184.000, +263.000
1654027920, +2.84, +23.704,  +4.71826, +1102.000, +224.000, +220.000
1654028040, +2.84, +23.721,  +4.74304, +1100.000, +224.000, +216.000
1654028160, +2.84, +23.704,  +4.74613, +1102.000, +208.000, +230.000
1654028280, +2.84, +23.679,  +4.74304, +1084.000, +227.000, +270.000
1654028400, +2.84, +23.696,  +4.73375, +991.000, +176.000, +390.000
1654028520, +2.84, +23.687,  +4.67801, +1100.000, +216.000, +224.000
1654028640, +2.84, +23.662,  +4.71207, +1100.000, +216.000, +227.000
1654028760, +2.84, +23.654,  +4.64704, +1100.000, +224.000, +224.000
1654028880, +2.84, +23.654,  +4.64704, +1100.000, +220.000, +224.000
1654029000, +2.84, +23.646,  +4.62846, +1072.000, +220.000, +300.000
1654029120, +2.84, +23.662,  +4.61608, +1078.000, +224.000, +284.000
1654029240, +2.84, +23.662,  +4.62846, +1100.000, +211.000, +224.000
1654029360, +2.84, +23.679,  +4.70278, +1087.000, +231.000, +248.000
1654029480, +2.84, +23.646,  +4.68420, +1103.000, +208.000, +230.000
1654029600, +2.84, +23.679,  +4.62537, +1095.000, +228.000, +232.000
1654029720, +2.84, +23.679,  +4.62537, +991.000, +177.000, +391.000
1654029840, +2.84, +23.671,  +4.61608, +1102.000, +210.000, +232.000
1654029960, +2.84, +23.671,  +4.67182, +992.000, +179.000, +387.000
1654030080, +2.84, +23.654,  +4.66253, +1102.000, +220.000, +224.000
1654030200, +2.84, +23.629,  +4.67491, +1100.000, +184.000, +265.000
1654030320, +2.84, +23.621,  +4.61917, +1094.000, +231.000, +238.000
1654030440, +2.84, +23.629,  +4.66562, +1092.000, +232.000, +240.000
1654030560, +2.84, +23.629,  +4.61608, +1070.000, +216.000, +310.000
1654030680, +2.84, +23.646,  +4.65943, +1088.000, +230.000, +262.000
1654030800, +2.84, +23.637,  +4.69349, +1102.000, +224.000, +224.000
1654030920, +2.84, +23.629,  +4.64085, +1102.000, +184.000, +268.000
1654031040, +2.84, +23.654,  +4.71826, +1100.000, +216.000, +224.000
1654031160, +2.84, +23.646,  +4.65014, +992.000, +176.000, +387.000
1654031280, +2.84, +23.679,  +4.75233, +1100.000, +192.000, +259.000
1654031400, +2.84, +23.679,  +4.71517, +1084.000, +227.000, +270.000
1654031520, +2.84, +23.662,  +4.73375, +1100.000, +200.000, +239.000
1654031640, +2.84, +23.679,  +4.63775, +1100.000, +224.000, +224.000
1654031760, +2.84, +23.679,  +4.66253, +1100.000, +216.000, +224.000
1654031880, +2.84, +23.662,  +4.68420, +1102.000, +216.000, +224.000
1654032000, +2.84, +23.646,  +4.69349, +1100.000, +224.000, +224.000
1654032120, +2.84, +23.654,  +4.67182, +1102.000, +211.000, +227.000
1654032240, +2.84, +23.662,  +4.70588, +1102.000, +211.000, +224.000
1654032360, +2.84, +23.637,  +4.71517, +1100.000, +216.000, +224.000
1654032480, +2.84, +23.637,  +4.71517, +1102.000, +211.000, +228.000
1654032600, +2.84, +23.621,  +4.70278, +992.000, +179.000, +390.000
1654032720, +2.84, +23.596,  +4.67491, +992.000, +179.000, +385.000
1654032840, +2.84, +23.570,  +4.61608, +992.000, +176.000, +391.000
1654032960, +2.84, +23.562,  +4.66253, +1008.000, +184.000, +393.000
1654033080, +2.84, +23.554,  +4.60369, +992.000, +176.000, +390.000
1654033200, +2.84, +23.512,  +4.66562, +1100.000, +220.000, +224.000
1654033320, +2.84, +23.529,  +4.58511, +991.000, +177.000, +387.000
1654033440, +2.84, +23.529,  +4.66872, +1008.000, +184.000, +392.000
1654033560, +2.84, +23.537,  +4.60369, +1001.000, +182.000, +392.000
1654033680, +2.84, +23.512,  +4.66562, +992.000, +177.000, +388.000
1654033800, +2.84, +23.504,  +4.68420, +993.000, +176.000, +384.000
1654033920, +2.84, +23.495,  +4.61298, +992.000, +176.000, +390.000
1654034040, +2.84, +23.479,  +4.64395, +991.000, +179.000, +387.000
1654034160, +2.84, +23.479,  +4.65014, +992.000, +176.000, +391.000
1654034280, +2.84, +23.445,  +4.69039, +992.000, +179.000, +384.000
1654034400, +2.84, +23.462,  +4.71517, +1100.000, +192.000, +259.000
1654034520, +2.84, +23.462,  +4.71517, +992.000, +182.000, +390.000
1654034640, +2.84, +23.470,  +4.56034, +992.000, +179.000, +390.000
1654034760, +2.84, +23.454,  +4.62537, +992.000, +179.000, +387.000
1654034880, +2.84, +23.462,  +4.51389, +990.000, +177.000, +390.000
1654035000, +2.84, +23.462,  +4.69349, +992.000, +177.000, +387.000
1654035120, +2.84, +23.470,  +4.60059, +992.000, +176.000, +390.000
1654035240, +2.84, +23.487,  +4.65943, +991.000, +179.000, +387.000
1654035360, +2.84, +23.487,  +4.70897, +992.000, +177.000, +390.000
1654035480, +2.84, +23.495,  +4.61298, +1103.000, +208.000, +231.000
1654035600, +2.84, +23.479,  +4.66562, +1103.000, +216.000, +225.000
1654035720, +2.84, +23.487,  +4.66253, +992.000, +180.000, +387.000
1654035840, +2.84, +23.495,  +4.65633, +1100.000, +230.000, +224.000
1654035960, +2.84, +23.512,  +4.62846, +1103.000, +193.000, +243.000
1654036080, +2.84, +23.520,  +4.65943, +1103.000, +192.000, +247.000
1654036200, +2.84, +23.520,  +4.64085, +992.000, +179.000, +391.000
1654036320, +2.84, +23.512,  +4.66562, +1095.000, +236.000, +230.000
1654036440, +2.84, +23.520,  +4.66253, +1095.000, +230.000, +228.000
1654036560, +2.84, +23.512,  +4.62846, +1100.000, +216.000, +225.000
1654036680, +2.84, +23.512,  +4.62537, +1103.000, +216.000, +224.000
1654036800, +2.84, +23.537,  +4.59440, +992.000, +176.000, +391.000
1654036920, +2.84, +23.537,  +4.61298, +993.000, +177.000, +387.000
1654037040, +2.84, +23.545,  +4.57892, +992.000, +177.000, +387.000
1654037160, +2.84, +23.520,  +4.65943, +992.000, +179.000, +387.000
1654037280, +2.84, +23.545,  +4.61917, +1102.000, +216.000, +224.000
1654037400, +2.84, +23.529,  +4.64085, +1103.000, +216.000, +227.000
1654037520, +2.84, +23.554,  +4.59440, +1070.000, +217.000, +304.000
1654037640, +2.84, +23.520,  +4.66872, +1086.000, +227.000, +263.000
1654037760, +2.84, +23.537,  +4.66872, +1102.000, +216.000, +224.000
1654037880, +2.84, +23.537,  +4.63466, +1075.000, +224.000, +291.000
1654038000, +2.84, +23.554,  +4.70278, +1103.000, +214.000, +227.000
1654038120, +2.84, +23.562,  +4.68730, +1100.000, +200.000, +232.000
1654038240, +2.84, +23.562,  +4.62537, +992.000, +179.000, +387.000
1654038360, +2.84, +23.554,  +4.66562, +992.000, +177.000, +388.000
1654038480, +2.84, +23.545,  +4.66872, +1094.000, +231.000, +240.000
1654038600, +2.84, +23.562,  +4.64704, +992.000, +177.000, +387.000
1654038720, +2.84, +23.562,  +4.62227, +992.000, +177.000, +390.000
1654038840, +2.84, +23.562,  +4.67801, +992.000, +179.000, +391.000
1654038960, +2.84, +23.570,  +4.63156, +1100.000, +220.000, +224.000
1654039080, +2.84, +23.579,  +4.75233, +992.000, +179.000, +390.000
1654039200, +2.84, +23.570,  +4.71207, +1091.000, +230.000, +240.000
1654039320, +2.84, +23.537,  +4.66253, +1089.000, +230.000, +240.000
1654039440, +2.84, +23.529,  +4.72755, +1081.000, +224.000, +280.000
1654039560, +2.84, +23.520,  +4.67491, +1100.000, +212.000, +227.000
1654039680, +2.84, +23.495,  +4.68111, +992.000, +176.000, +387.000
1654039800, +2.84, +23.504,  +4.77091, +992.000, +182.000, +391.000
1654039920, +2.84, +23.504,  +4.69659, +992.000, +179.000, +391.000
1654040040, +2.84, +23.487,  +4.71517, +992.000, +179.000, +388.000
1654040160, +2.84, +23.487,  +4.67491, +992.000, +177.000, +387.000
1654040280, +2.84, +23.495,  +4.72446, +992.000, +177.000, +390.000
1654040400, +2.84, +23.470,  +4.68420, +992.000, +176.000, +390.000
1654040520, +2.84, +23.487,  +4.64704, +1097.000, +216.000, +227.000
1654040640, +2.84, +23.479,  +4.67491, +990.000, +179.000, +385.000
1654040760, +2.84, +23.454,  +4.68730, +1102.000, +180.000, +263.000
1654040880, +2.84, +23.462,  +4.71517, +991.000, +176.000, +390.000
1654041000, +2.84, +23.454,  +4.67801, +992.000, +176.000, +388.000
1654041120, +2.84, +23.429,  +4.69349, +992.000, +177.000, +387.000
1654041240, +2.84, +23.437,  +4.68111, +991.000, +176.000, +391.000
1654041360, +2.84, +23.445,  +4.70588, +990.000, +176.000, +391.000
1654041480, +2.84, +23.437,  +4.69349, +999.000, +180.000, +396.000
1654041600, +2.84, +23.454,  +4.68730, +991.000, +179.000, +390.000
1654041720, +2.84, +23.445,  +4.70897, +990.000, +176.000, +388.000
1654041840, +2.84, +23.445,  +4.69968, +1102.000, +204.000, +230.000
1654041960, +2.84, +23.420,  +4.75852, +998.000, +179.000, +392.000
1654042080, +2.84, +23.420,  +4.72136, +993.000, +179.000, +390.000
1654042200, +2.84, +23.412,  +4.75233, +992.000, +179.000, +391.000
1654042320, +2.84, +23.387,  +4.70897, +992.000, +179.000, +390.000
1654042440, +2.84, +23.403,  +4.74613, +995.000, +179.000, +392.000
1654042560, +2.84, +23.395,  +4.64395, +1048.000, +204.000, +360.000
1654042680, +2.84, +23.395,  +4.65943, +993.000, +176.000, +390.000
1654042800, +2.84, +23.378,  +4.69349, +990.000, +179.000, +390.000
1654042920, +2.84, +23.378,  +4.67182, +991.000, +179.000, +390.000
1654043040, +2.84, +23.429,  +4.69039, +991.000, +182.000, +388.000
1654043160, +2.84, +23.403,  +4.64395, +992.000, +177.000, +390.000
1654043280, +2.84, +23.429,  +4.70897, +991.000, +176.000, +390.000
1654043400, +2.84, +23.429,  +4.72446, +995.000, +176.000, +392.000
1654043520, +2.84, +23.403,  +4.63775, +1000.000, +182.000, +392.000
1654043640, +2.84, +23.420,  +4.65943, +992.000, +176.000, +392.000
1654043760, +2.84, +23.378,  +4.71207, +992.000, +180.000, +387.000
1654043880, +2.84, +23.420,  +4.69349, +993.000, +179.000, +390.000
1654044000, +2.84, +23.403,  +4.70897, +1102.000, +206.000, +226.000
1654044120, +2.84, +23.412,  +4.67801, +992.000, +177.000, +384.000
1654044240, +2.84, +23.420,  +4.64704, +992.000, +176.000, +387.000
1654044360, +2.84, +23.403,  +4.69039, +1102.000, +220.000, +220.000
1654044480, +2.84, +23.429,  +4.64395, +992.000, +179.000, +388.000
1654044600, +2.84, +23.437,  +4.67801, +1100.000, +206.000, +228.000
1654044720, +2.84, +23.429,  +4.60369, +992.000, +179.000, +387.000
1654044840, +2.84, +23.454,  +4.71826, +992.000, +177.000, +388.000
1654044960, +2.84, +23.445,  +4.71517, +991.000, +176.000, +388.000
1654045080, +2.84, +23.445,  +4.67182, +992.000, +179.000, +387.000
1654045200, +2.84, +23.462,  +4.74304, +992.000, +177.000, +390.000
1654045320, +2.84, +23.445,  +4.68730, +992.000, +176.000, +388.000
1654045440, +2.84, +23.470,  +4.70897, +992.000, +177.000, +388.000
1654045560, +2.84, +23.479,  +4.70588, +992.000, +177.000, +388.000
1654045680, +2.84, +23.487,  +4.67801, +992.000, +177.000, +387.000
1654045800, +2.84, +23.495,  +4.66872, +992.000, +179.000, +390.000
1654045920, +2.84, +23.504,  +4.73065, +1100.000, +182.000, +263.000
1654046040, +2.84, +23.479,  +4.66253, +993.000, +179.000, +384.000
1654046160, +2.84, +23.504,  +4.69039, +1004.000, +184.000, +395.000
1654046280, +2.84, +23.487,  +4.68730, +992.000, +179.000, +387.000
1654046400, +2.84, +23.495,  +4.76781, +995.000, +176.000, +392.000
1654046520, +2.84, +23.487,  +4.70588, +992.000, +176.000, +387.000
1654046640, +2.84, +23.495,  +4.67491, +991.000, +176.000, +387.000
1654046760, +2.84, +23.487,  +4.73994, +991.000, +179.000, +387.000
1654046880, +2.84, +23.487,  +4.71826, +991.000, +177.000, +390.000
1654047000, +2.84, +23.495,  +4.69968, +992.000, +176.000, +388.000
1654047120, +2.84, +23.495,  +4.67801, +992.000, +177.000, +391.000
1654047240, +2.84, +23.512,  +4.66562, +1020.000, +188.000, +390.000
1654047360, +2.84, +23.504,  +4.69659, +992.000, +176.000, +385.000
1654047480, +2.84, +23.504,  +4.71517, +992.000, +176.000, +391.000
1654047600, +2.84, +23.495,  +4.70588, +992.000, +182.000, +387.000
1654047720, +2.84, +23.520,  +4.68730, +991.000, +179.000, +387.000
1654047840, +2.84, +23.512,  +4.71826, +992.000, +177.000, +387.000
1654047960, +2.84, +23.520,  +4.68111, +990.000, +179.000, +390.000
1654048080, +2.84, +23.520,  +4.73375, +992.000, +177.000, +390.000
1654048200, +2.84, +23.495,  +4.67491, +990.000, +177.000, +390.000
1654048320, +2.84, +23.504,  +4.66562, +1024.000, +192.000, +387.000
1654048440, +2.84, +23.512,  +4.68111, +992.000, +179.000, +390.000
1654048560, +2.84, +23.537,  +4.70278, +992.000, +176.000, +387.000
1654048680, +2.84, +23.512,  +4.67182, +992.000, +177.000, +387.000
1654048800, +2.84, +23.529,  +4.60369, +1096.000, +184.000, +283.000
1654048920, +2.84, +23.537,  +4.68111, +992.000, +177.000, +388.000
1654049040, +2.84, +23.529,  +4.60679, +992.000, +179.000, +391.000
1654049160, +2.84, +23.545,  +4.64395, +991.000, +177.000, +384.000
1654049280, +2.84, +23.512,  +4.67801, +992.000, +179.000, +387.000
1654049400, +2.84, +23.512,  +4.69039, +1103.000, +214.000, +225.000
1654049520, +2.84, +23.512,  +4.73065, +992.000, +179.000, +387.000
1654049640, +2.84, +23.512,  +4.70588, +998.000, +182.000, +396.000
1654049760, +2.84, +23.537,  +4.56344, +993.000, +179.000, +385.000
1654049880, +2.84, +23.529,  +4.64704, +1028.000, +195.000, +384.000
1654050000, +2.84, +23.537,  +4.61608, +1000.000, +182.000, +396.000
1654050120, +2.84, +23.520,  +4.65324, +992.000, +182.000, +387.000
1654050240, +2.84, +23.537,  +4.72446, +990.000, +179.000, +388.000
1654050360, +2.84, +23.554,  +4.72136, +990.000, +176.000, +390.000
1654050480, +2.84, +23.562,  +4.64704, +992.000, +176.000, +391.000
1654050600, +2.84, +23.570,  +4.66253, +993.000, +176.000, +391.000
1654050720, +2.84, +23.570,  +4.51079, +992.000, +177.000, +388.000
1654050840, +2.84, +23.612,  +4.69349, +992.000, +176.000, +390.000
1654050960, +2.84, +23.604,  +4.66253, +1102.000, +192.000, +275.000
1654051080, +2.84, +23.629,  +4.58201, +1100.000, +184.000, +283.000
1654051200, +2.84, +23.646,  +4.60988, +1097.000, +224.000, +224.000
1654051320, +2.84, +23.637,  +4.56963, +993.000, +176.000, +391.000
1654051440, +2.84, +23.654,  +4.66253, +992.000, +176.000, +388.000
1654051560, +2.84, +23.671,  +4.63775, +1072.000, +224.000, +300.000
1654051680, +2.84, +23.662,  +4.63775, +1100.000, +227.000, +224.000
1654051800, +2.84, +23.671,  +4.58201, +1100.000, +224.000, +224.000
1654051920, +2.84, +23.662,  +4.68111, +999.000, +180.000, +396.000
1654052040, +2.84, +23.679,  +4.70588, +1100.000, +198.000, +236.000
1654052160, +2.84, +23.671,  +4.65014, +1104.000, +211.000, +227.000
1654052280, +2.84, +23.621,  +4.66872, +1100.000, +212.000, +227.000
1654052400, +2.84, +23.662,  +4.71517, +992.000, +179.000, +390.000
1654052520, +2.84, +23.654,  +4.61917, +1102.000, +192.000, +252.000
1654052640, +2.84, +23.662,  +4.67491, +992.000, +176.000, +388.000
1654052760, +2.84, +23.662,  +4.61298, +1091.000, +230.000, +240.000
1654052880, +2.84, +23.671,  +4.62227, +1102.000, +196.000, +247.000
1654053000, +2.84, +23.646,  +4.60988, +1100.000, +224.000, +224.000
1654053120, +2.84, +23.671,  +4.64085, +992.000, +179.000, +390.000
1654053240, +2.84, +23.662,  +4.67491, +991.000, +177.000, +387.000
1654053360, +2.84, +23.646,  +4.65014, +1091.000, +228.000, +248.000
1654053480, +2.84, +23.654,  +4.69659, +992.000, +176.000, +388.000
1654053600, +2.84, +23.671,  +4.69349, +1102.000, +214.000, +224.000
1654053720, +2.84, +23.654,  +4.65943, +1102.000, +220.000, +224.000
1654053840, +2.84, +23.687,  +4.65324, +992.000, +176.000, +387.000
1654053960, +2.84, +23.679,  +4.58201, +992.000, +176.000, +388.000
1654054080, +2.84, +23.671,  +4.60059, +1102.000, +216.000, +224.000
1654054200, +2.84, +23.696,  +4.61298, +1102.000, +216.000, +224.000
1654054320, +2.84, +23.721,  +4.64395, +991.000, +179.000, +387.000
1654054440, +2.84, +23.712,  +4.64704, +1088.000, +230.000, +248.000
1654054560, +2.84, +23.721,  +4.58821, +1080.000, +224.000, +278.000
1654054680, +2.84, +23.712,  +4.56344, +992.000, +177.000, +384.000
1654054800, +2.84, +23.737,  +4.59750, +1100.000, +224.000, +224.000
1654054920, +2.84, +23.754,  +4.62227, +1095.000, +228.000, +230.000
1654055040, +2.84, +23.746,  +4.62537, +1078.000, +224.000, +281.000
1654055160, +2.84, +23.746,  +4.57582, +1096.000, +230.000, +227.000
1654055280, +2.84, +23.763,  +4.64085, +1088.000, +230.000, +244.000
1654055400, +2.84, +23.754,  +4.65943, +1095.000, +230.000, +231.000
1654055520, +2.84, +23.771,  +4.56653, +1102.000, +224.000, +224.000
1654055640, +2.84, +23.779,  +4.64395, +1102.000, +220.000, +224.000
1654055760, +2.84, +23.763,  +4.61298, +1097.000, +230.000, +224.000
1654055880, +2.84, +23.729,  +4.61608, +1100.000, +185.000, +279.000
1654056000, +2.84, +23.746,  +4.64704, +992.000, +177.000, +388.000
1654056120, +2.84, +23.737,  -0.05357, +1103.000, +204.000, +236.000
1654056240, +2.84, +23.712,  -0.00712, +1094.000, +230.000, +230.000
1654056360, +2.84, +23.737,  -0.03809, +1063.000, +208.000, +326.000
1654056480, +2.84, +23.721,  -0.00712, +1084.000, +227.000, +272.000
1654056600, +2.84, +23.704,  +0.03004, +1100.000, +224.000, +224.000
1654056720, +2.84, +23.721,  +0.01455, +1102.000, +220.000, +224.000
1654056840, +2.84, +23.737,  -0.01022, +1080.000, +224.000, +272.000
1654056960, +2.84, +23.746,  +0.03004, +1095.000, +230.000, +240.000
1654057080, +2.84, +23.737,  -0.05047, +1080.000, +224.000, +284.000
1654057200, +2.84, +23.746,  -0.02880, +992.000, +179.000, +390.000
1654057320, +2.84, +23.729,  -0.10931, +1087.000, +228.000, +252.000
1654057440, +2.84, +23.721,  -0.06286, +1103.000, +196.000, +243.000
1654057560, +2.84, +23.712,  -0.03809, +1100.000, +216.000, +224.000
1654057680, +2.84, +23.721,  -0.04738, +1103.000, +206.000, +232.000
1654057800, +2.84, +23.721,  -0.02880, +1103.000, +224.000, +220.000
1654057920, +2.84, +23.729,  -0.02880, +992.000, +179.000, +390.000
1654058040, +2.84, +23.729,  -0.00712, +1068.000, +220.000, +312.000
1654058160, +2.84, +23.754,  -0.02880, +1091.000, +230.000, +248.000
1654058280, +2.84, +23.746,  +0.01765, +1083.000, +224.000, +272.000
1654058400, +2.84, +23.746,  -0.01951, +1104.000, +208.000, +230.000
1654058520, +2.84, +23.737,  +0.02694, +1104.000, +212.000, +225.000
1654058640, +2.84, +23.754,  -0.04118, +1084.000, +227.000, +262.000
1654058760, +2.84, +23.746,  -0.06596, +992.000, +176.000, +387.000
1654058880, +2.84, +23.737,  -0.01332, +1091.000, +230.000, +243.000
1654059000, +2.84, +23.729,  -0.03189, +1100.000, +227.000, +224.000
1654059120, +2.84, +23.737,  +0.01455, +1084.000, +231.000, +260.000
1654059240, +2.84, +23.737,  -0.01332, +1091.000, +228.000, +240.000
1654059360, +2.84, +23.721,  +0.05171, +1094.000, +230.000, +240.000
1654059480, +2.84, +23.721,  -0.01022, +1100.000, +220.000, +224.000
1654059600, +2.84, +23.729,  -0.07215, +1100.000, +224.000, +224.000
1654059720, +2.84, +23.721,  -0.01332, +992.000, +179.000, +391.000
1654059840, +2.84, +23.704,  +0.00526, +992.000, +177.000, +390.000
1654059960, +2.84, +23.679,  +0.03623, +1102.000, +206.000, +233.000
1654060080, +2.84, +23.671,  -0.04118, +992.000, +177.000, +391.000
1654060200, +2.84, +23.662,  -0.09383, +1097.000, +224.000, +224.000
1654060320, +2.84, +23.662,  +0.01146, +1102.000, +198.000, +248.000
1654060440, +2.84, +23.662,  -0.02880, +992.000, +179.000, +387.000
1654060560, +2.84, +23.637,  -0.02880, +1102.000, +208.000, +232.000
1654060680, +2.84, +23.654,  -0.01951, +1102.000, +195.000, +255.000
1654060800, +2.84, +23.646,  -0.00712, +1100.000, +224.000, +224.000
1654060920, +2.84, +23.671,  -0.04428, +1103.000, +192.000, +263.000
1654061040, +2.84, +23.671,  -0.06905, +1102.000, +200.000, +242.000
1654061160, +2.84, +23.662,  +0.03313, +1103.000, +195.000, +247.000
1654061280, +2.84, +23.671,  -0.06596, +1095.000, +227.000, +232.000
1654061400, +2.84, +23.646,  +0.00526, +1100.000, +179.000, +271.000
1654061520, +2.84, +23.646,  +0.00836, +1094.000, +230.000, +232.000
1654061640, +2.84, +23.646,  +0.00217, +1102.000, +212.000, +224.000
1654061760, +2.84, +23.621,  -0.05357, +1092.000, +232.000, +232.000
1654061880, +2.84, +23.629,  +0.01765, +1103.000, +208.000, +231.000
1654062000, +2.84, +23.646,  -0.01951, +1100.000, +195.000, +248.000
1654062120, +2.84, +23.654,  -0.05667, +1103.000, +198.000, +244.000
1654062240, +2.84, +23.654,  -0.04118, +992.000, +176.000, +390.000
1654062360, +2.84, +23.679,  -0.01951, +1100.000, +212.000, +228.000
1654062480, +2.84, +23.671,  -0.08454, +992.000, +180.000, +385.000
1654062600, +2.84, +23.671,  +0.01146, +1094.000, +230.000, +230.000
1654062720, +2.84, +23.679,  -0.02880, +1102.000, +195.000, +259.000
1654062840, +2.84, +23.679,  +0.01765, +1099.000, +224.000, +220.000
1654062960, +2.84, +23.671,  -0.03499, +1102.000, +224.000, +224.000
1654063080, +2.84, +23.654,  -0.05047, +1100.000, +208.000, +232.000
1654063200, +2.84, +23.629,  -0.00712, +992.000, +177.000, +387.000
1654063320, +2.84, +23.679,  -0.00403, +991.000, +176.000, +388.000
1654063440, +2.84, +23.654,  -0.06905, +992.000, +177.000, +387.000
1654063560, +2.84, +23.654,  -0.03189, +1100.000, +192.000, +267.000
1654063680, +2.84, +23.662,  -0.02880, +1096.000, +228.000, +224.000
1654063800, +2.84, +23.662,  -0.00403, +992.000, +179.000, +385.000
1654063920, +2.84, +23.646,  -0.01022, +992.000, +176.000, +390.000
1654064040, +2.84, +23.629,  +0.01455, +1100.000, +225.000, +224.000
1654064160, +2.84, +23.621,  -0.02570, +992.000, +176.000, +390.000
1654064280, +2.84, +23.654,  +0.00836, +1100.000, +224.000, +224.000
1654064400, +2.84, +23.662,  -0.01951, +1100.000, +193.000, +263.000
1654064520, +2.84, +23.654,  -0.01951, +1103.000, +198.000, +240.000
1654064640, +2.84, +23.654,  -0.01951, +992.000, +179.000, +387.000
1654064760, +2.84, +23.671,  -0.00712, +992.000, +176.000, +387.000
1654064880, +2.84, +23.662,  -0.00093, +992.000, +182.000, +387.000
1654065000, +2.84, +23.679,  -0.04118, +992.000, +179.000, +387.000
1654065120, +2.84, +23.671,  -0.05357, +992.000, +179.000, +387.000
1654065240, +2.84, +23.662,  +0.01146, +1102.000, +199.000, +246.000
1654065360, +2.84, +23.679,  +0.03004, +1092.000, +230.000, +240.000
1654065480, +2.84, +23.629,  -0.05047, +1100.000, +199.000, +240.000
1654065600, +2.84, +23.646,  -0.03809, +992.000, +176.000, +391.000
1654065720, +2.84, +23.646,  -0.01641, +1103.000, +204.000, +240.000
1654065840, +2.84, +23.654,  +0.02075, +1102.000, +206.000, +236.000
1654065960, +2.84, +23.629,  +0.03933, +1102.000, +224.000, +224.000
1654066080, +2.84, +23.629,  -0.05047, +1102.000, +208.000, +231.000
1654066200, +2.84, +23.654,  +0.03004, +992.000, +179.000, +387.000
1654066320, +2.84, +23.671,  +0.02075, +1096.000, +231.000, +227.000
1654066440, +2.84, +23.671,  -0.06596, +992.000, +179.000, +387.000
1654066560, +2.84, +23.671,  +0.01765, +1102.000, +208.000, +231.000
1654066680, +2.84, +23.687,  +0.02384, +1095.000, +230.000, +227.000
1654066800, +2.84, +23.696,  +0.06100, +1102.000, +220.000, +224.000
1654066920, +2.84, +23.704,  -0.03809, +1088.000, +230.000, +252.000
1654067040, +2.84, +23.679,  +0.01765, +1097.000, +224.000, +220.000
1654067160, +2.84, +23.704,  +0.00836, +1100.000, +224.000, +224.000
1654067280, +2.84, +23.687,  +0.02075, +1096.000, +230.000, +227.000
1654067400, +2.84, +23.704,  -0.05357, +1096.000, +228.000, +227.000
1654067520, +2.84, +23.712,  -0.04428, +1095.000, +231.000, +230.000
1654067640, +2.84, +23.704,  -0.06905, +1102.000, +184.000, +268.000
1654067760, +2.84, +23.687,  +0.02075, +1100.000, +220.000, +224.000
1654067880, +2.84, +23.687,  -0.02570, +992.000, +176.000, +390.000
1654068000, +2.84, +23.687,  -0.05357, +1100.000, +224.000, +224.000
1654068120, +2.84, +23.704,  -0.01641, +1056.000, +209.000, +337.000
1654068240, +2.84, +23.704,  +0.00217, +1081.000, +224.000, +271.000
1654068360, +2.84, +23.696,  +0.00526, +992.000, +177.000, +384.000
1654068480, +2.84, +23.696,  -0.02880, +992.000, +176.000, +387.000
1654068600, +2.84, +23.704,  +0.00217, +1089.000, +230.000, +244.000
1654068720, +2.84, +23.712,  -0.03809, +1097.000, +225.000, +224.000
1654068840, +2.84, +23.704,  -0.06596, +1100.000, +204.000, +236.000
1654068960, +2.84, +23.721,  +0.01455, +1088.000, +230.000, +256.000
1654069080, +2.84, +23.721,  -0.00093, +1102.000, +206.000, +231.000
1654069200, +2.84, +23.704,  +0.01146, +1095.000, +230.000, +232.000
1654069320, +2.84, +23.737,  +0.00526, +1080.000, +224.000, +280.000
1654069440, +2.84, +23.721,  -0.05357, +1100.000, +204.000, +233.000
1654069560, +2.84, +23.721,  -0.03809, +1100.000, +192.000, +244.000
1654069680, +2.84, +23.721,  -0.01022, +1096.000, +230.000, +220.000
1654069800, +2.84, +23.704,  -0.06905, +992.000, +176.000, +391.000
1654069920, +2.84, +23.704,  -0.01022, +1084.000, +227.000, +272.000
1654070040, +2.84, +23.696,  -0.01022, +1103.000, +208.000, +228.000
1654070160, +2.84, +23.696,  -0.01951, +1094.000, +231.000, +231.000
1654070280, +2.84, +23.696,  +0.00836, +1100.000, +214.000, +224.000
1654070400, +2.84, +23.712,  -0.03189, +992.000, +177.000, +390.000
1654070520, +2.84, +23.712,  +0.01765, +1097.000, +227.000, +220.000
1654070640, +2.84, +23.704,  -0.02570, +1102.000, +196.000, +244.000
1654070760, +2.84, +23.721,  -0.06286, +1103.000, +220.000, +220.000
1654070880, +2.84, +23.721,  -0.01641, +990.000, +176.000, +390.000
1654071000, +2.84, +23.704,  +0.01455, +1100.000, +182.000, +271.000
1654071120, +2.84, +23.687,  -0.11241, +1103.000, +206.000, +228.000
1654071240, +2.84, +23.704,  -0.00712, +992.000, +177.000, +390.000
1654071360, +2.84, +23.687,  -0.01332, +1094.000, +230.000, +240.000
1654071480, +2.84, +23.679,  -0.09383, +1102.000, +183.000, +263.000
1654071600, +2.84, +23.671,  +0.03623, +1100.000, +184.000, +265.000
1654071720, +2.84, +23.696,  -0.02880, +1102.000, +192.000, +255.000
1654071840, +2.84, +23.687,  -0.06905, +1103.000, +207.000, +232.000
1654071960, +2.84, +23.696,  +0.01146, +1080.000, +225.000, +275.000
1654072080, +2.84, +23.704,  -0.05047, +1102.000, +206.000, +231.000
1654072200, +2.84, +23.696,  +0.05171, +1102.000, +224.000, +224.000
1654072320, +2.84, +23.712,  -0.07525, +1091.000, +230.000, +248.000
1654072440, +2.84, +23.696,  -0.01951, +992.000, +177.000, +391.000
1654072560, +2.84, +23.704,  -0.04118, +1102.000, +216.000, +224.000
1654072680, +2.84, +23.679,  -0.00712, +1102.000, +192.000, +264.000
1654072800, +2.84, +23.687,  -0.01332, +1094.000, +232.000, +240.000
1654072920, +2.84, +23.696,  -0.11241, +1102.000, +216.000, +227.000
1654073040, +2.84, +23.679,  -0.07525, +1104.000, +212.000, +230.000
1654073160, +2.84, +23.662,  -0.02261, +1094.000, +231.000, +232.000
1654073280, +2.84, +23.679,  -0.06905, +1103.000, +208.000, +230.000
1654073400, +2.84, +23.671,  -0.02261, +992.000, +177.000, +387.000
1654073520, +2.84, +23.662,  -0.02570, +1102.000, +220.000, +224.000
1654073640, +2.84, +23.662,  -0.00712, +1103.000, +211.000, +228.000
1654073760, +2.84, +23.646,  -0.01332, +1100.000, +183.000, +281.000
1654073880, +2.84, +23.629,  -0.02570, +991.000, +179.000, +390.000
1654074000, +2.84, +23.637,  +0.00526, +991.000, +176.000, +385.000
1654074120, +2.84, +23.604,  -0.03809, +992.000, +176.000, +390.000
1654074240, +2.84, +23.621,  +0.03004, +991.000, +176.000, +387.000
1654074360, +2.84, +23.637,  +0.00526, +1102.000, +216.000, +227.000
1654074480, +2.84, +23.646,  -0.05047, +1075.000, +224.000, +294.000
1654074600, +2.84, +23.654,  +0.01455, +1095.000, +230.000, +230.000
1654074720, +2.84, +23.654,  +0.00836, +990.000, +179.000, +387.000
1654074840, +2.84, +23.629,  -0.00403, +1086.000, +230.000, +260.000
1654074960, +2.84, +23.629,  -0.00712, +1102.000, +224.000, +224.000
1654075080, +2.84, +23.604,  -0.01951, +991.000, +179.000, +387.000
1654075200, +2.84, +23.612,  -0.03809, +992.000, +177.000, +387.000
1654075320, +2.84, +23.596,  -0.05357, +1100.000, +183.000, +271.000
1654075440, +2.84, +23.579,  -0.05357, +1102.000, +193.000, +243.000
1654075560, +2.84, +23.629,  +0.01146, +1102.000, +204.000, +243.000
1654075680, +2.84, +23.621,  -0.04118, +1100.000, +204.000, +236.000
1654075800, +2.84, +23.621,  -0.03809, +992.000, +179.000, +388.000
1654075920, +2.84, +23.612,  -0.01332, +1102.000, +206.000, +236.000
1654076040, +2.84, +23.637,  +0.00836, +992.000, +179.000, +387.000
1654076160, +2.84, +23.629,  +0.03004, +1103.000, +206.000, +236.000
1654076280, +2.84, +23.637,  -0.08454, +992.000, +176.000, +387.000
1654076400, +2.84, +23.637,  -0.00403, +992.000, +177.000, +387.000
1654076520, +2.84, +23.612,  +0.01146, +1095.000, +228.000, +228.000
1654076640, +2.84, +23.621,  +0.02694, +992.000, +179.000, +388.000
1654076760, +2.84, +23.604,  +0.01765, +1091.000, +230.000, +243.000
1654076880, +2.84, +23.621,  -0.02261, +1100.000, +224.000, +224.000
1654077000, +2.84, +23.604,  -0.05667, +1104.000, +208.000, +228.000
1654077120, +2.84, +23.596,  +0.00526, +1096.000, +188.000, +271.000
1654077240, +2.84, +23.629,  +0.00836, +1102.000, +192.000, +263.000
1654077360, +2.84, +23.621,  -0.01641, +1103.000, +211.000, +230.000
1654077480, +2.84, +23.621,  -0.10002, +1100.000, +230.000, +224.000
1654077600, +2.84, +23.604,  -0.04118, +992.000, +179.000, +390.000
1654077720, +2.84, +23.596,  +0.03004, +991.000, +179.000, +385.000
1654077840, +2.84, +23.579,  +0.01455, +992.000, +179.000, +387.000
1654077960, +2.84, +23.596,  -0.00403, +1102.000, +208.000, +230.000
1654078080, +2.84, +23.587,  -0.01332, +995.000, +176.000, +392.000
1654078200, +2.84, +23.604,  +0.00217, +1092.000, +227.000, +244.000
1654078320, +2.84, +23.604,  +0.04862, +1094.000, +230.000, +225.000
1654078440, +2.84, +23.612,  -0.01332, +1094.000, +232.000, +232.000
1654078560, +2.84, +23.629,  -0.02880, +1102.000, +208.000, +228.000
1654078680, +2.84, +23.621,  +0.02075, +1102.000, +224.000, +224.000
1654078800, +2.84, +23.621,  +0.01765, +1100.000, +193.000, +263.000
1654078920, +2.84, +23.629,  -0.02570, +1084.000, +224.000, +268.000
1654079040, +2.84, +23.637,  -0.01332, +1094.000, +230.000, +240.000
1654079160, +2.84, +23.621,  +0.00836, +1100.000, +176.000, +271.000
1654079280, +2.84, +23.621,  -0.02261, +992.000, +177.000, +390.000
1654079400, +2.84, +23.629,  -0.00712, +990.000, +177.000, +390.000
1654079520, +2.84, +23.629,  -0.07215, +992.000, +177.000, +384.000
1654079640, +2.84, +23.621,  -0.04118, +1100.000, +182.000, +271.000
1654079760, +2.84, +23.612,  -0.02570, +1102.000, +212.000, +224.000
1654079880, +2.84, +23.629,  +0.01455, +1100.000, +224.000, +224.000
1654080000, +2.84, +23.654,  +0.00836, +992.000, +176.000, +387.000
1654080120, +2.84, +23.629,  +0.00526, +1095.000, +232.000, +232.000
1654080240, +2.84, +23.654,  -0.02261, +1096.000, +228.000, +231.000
1654080360, +2.84, +23.629,  +0.00217, +992.000, +179.000, +390.000
1654080480, +2.84, +23.629,  +0.01146, +1102.000, +208.000, +227.000
1654080600, +2.84, +23.646,  -0.04118, +1100.000, +200.000, +241.000
1654080720, +2.84, +23.637,  -0.01951, +1100.000, +216.000, +224.000
1654080840, +2.84, +23.654,  +0.02694, +1102.000, +196.000, +263.000
1654080960, +2.84, +23.637,  -0.02880, +1102.000, +195.000, +240.000
1654081080, +2.84, +23.646,  -0.06286, +1102.000, +211.000, +230.000
1654081200, +2.84, +23.637,  -0.01951, +1103.000, +195.000, +248.000
1654081320, +2.84, +23.637,  -0.03499, +1100.000, +200.000, +242.000
1654081440, +2.84, +23.654,  -0.02261, +1103.000, +200.000, +240.000
1654081560, +2.84, +23.646,  -0.03809, +1100.000, +208.000, +227.000
1654081680, +2.84, +23.646,  -0.01951, +1076.000, +224.000, +292.000
1654081800, +2.84, +23.654,  -0.10002, +1075.000, +224.000, +288.000
1654081920, +2.84, +23.671,  +0.00526, +1100.000, +198.000, +248.000
1654082040, +2.84, +23.679,  -0.05047, +1102.000, +192.000, +268.000
1654082160, +2.84, +23.679,  -0.01951, +992.000, +176.000, +387.000
1654082280, +2.84, +23.679,  -0.02570, +1103.000, +208.000, +230.000
1654082400, +2.84, +23.671,  -0.01951, +1096.000, +226.000, +224.000
1654082520, +2.84, +23.687,  -0.03499, +1096.000, +227.000, +224.000
1654082640, +2.84, +23.687,  +0.06410, +992.000, +177.000, +390.000
1654082760, +2.84, +23.704,  -0.03499, +1011.000, +184.000, +390.000
1654082880, +2.84, +23.704,  -0.04738, +992.000, +179.000, +387.000
1654083000, +2.84, +23.696,  -0.01641, +992.000, +180.000, +387.000
1654083120, +2.84, +23.687,  -0.02570, +992.000, +177.000, +385.000
1654083240, +2.84, +23.696,  -0.05357, +992.000, +177.000, +388.000
1654083360, +2.84, +23.687,  +0.01455, +1100.000, +192.000, +263.000
1654083480, +2.84, +23.704,  +0.00836, +1103.000, +208.000, +230.000
1654083600, +2.84, +23.696,  +0.00836, +1099.000, +216.000, +224.000
1654083720, +2.84, +23.679,  +0.01146, +1102.000, +224.000, +224.000
1654083840, +2.84, +23.671,  +0.00217, +990.000, +182.000, +387.000
1654083960, +2.84, +23.696,  +0.02075, +1100.000, +183.000, +281.000
1654084080, +2.84, +23.696,  +0.03623, +1102.000, +214.000, +224.000
1654084200, +2.84, +23.679,  +0.03004, +1102.000, +184.000, +271.000
1654084320, +2.84, +23.704,  -0.00093, +1100.000, +184.000, +271.000
1654084440, +2.84, +23.704,  -0.01951, +999.000, +179.000, +392.000
1654084560, +2.84, +23.704,  -0.07834, +1088.000, +230.000, +248.000
1654084680, +2.84, +23.687,  -0.04118, +992.000, +176.000, +387.000
1654084800, +2.84, +23.679,  -0.02570, +1103.000, +212.000, +224.000
1654084920, +2.84, +23.704,  -0.01641, +1100.000, +212.000, +224.000
1654085040, +2.84, +23.721,  +0.02694, +1100.000, +216.000, +224.000
1654085160, +2.84, +23.696,  +0.04242, +1102.000, +216.000, +224.000
1654085280, +2.84, +23.704,  -0.02880, +1096.000, +230.000, +228.000
1654085400, +2.84, +23.704,  -0.05667, +1096.000, +227.000, +224.000
1654085520, +2.84, +23.712,  +0.01455, +1102.000, +220.000, +224.000
1654085640, +2.84, +23.704,  -0.01641, +992.000, +177.000, +387.000
1654085760, +2.84, +23.679,  +0.00526, +1102.000, +214.000, +227.000
1654085880, +2.84, +23.721,  -0.06286, +1100.000, +179.000, +271.000
1654086000, +2.84, +23.712,  -0.04738, +1100.000, +192.000, +255.000
1654086120, +2.84, +23.696,  +0.01455, +1097.000, +228.000, +224.000
1654086240, +2.84, +23.696,  -0.00712, +1083.000, +224.000, +272.000
1654086360, +2.84, +23.696,  -0.02570, +1103.000, +206.000, +232.000
1654086480, +2.84, +23.662,  -0.05047, +1100.000, +224.000, +224.000
1654086600, +2.84, +23.654,  -0.00712, +1102.000, +188.000, +265.000
1654086720, +2.84, +23.679,  -0.04738, +1103.000, +206.000, +231.000
1654086840, +2.84, +23.687,  -0.05357, +1091.000, +230.000, +243.000
1654086960, +2.84, +23.687,  +0.00526, +1100.000, +224.000, +220.000
1654087080, +2.84, +23.662,  -0.05357, +1100.000, +179.000, +271.000
1654087200, +2.84, +23.679,  -0.07834, +1078.000, +224.000, +284.000
1654087320, +2.84, +23.696,  -0.01641, +992.000, +179.000, +391.000
1654087440, +2.84, +23.704,  -0.00093, +1063.000, +214.000, +327.000
1654087560, +2.84, +23.696,  +0.00836, +1084.000, +227.000, +264.000
1654087680, +2.84, +23.696,  +0.07958, +1102.000, +198.000, +255.000
1654087800, +2.84, +23.712,  -0.03189, +992.000, +177.000, +388.000
1654087920, +2.84, +23.704,  -0.05976, +992.000, +179.000, +385.000
1654088040, +2.84, +23.729,  -0.03809, +1103.000, +204.000, +244.000
1654088160, +2.84, +23.729,  -0.05667, +1103.000, +206.000, +231.000
1654088280, +2.84, +23.729,  -0.05047, +1100.000, +204.000, +232.000
1654088400, +2.84, +23.729,  -0.05667, +1088.000, +232.000, +246.000
1654088520, +2.84, +23.746,  -0.01332, +1075.000, +220.000, +295.000
1654088640, +2.84, +23.729,  +0.02075, +1103.000, +195.000, +262.000
1654088760, +2.84, +23.729,  +0.00217, +1094.000, +230.000, +240.000
1654088880, +2.84, +23.712,  -0.07834, +992.000, +177.000, +390.000
1654089000, +2.84, +23.704,  +0.02384, +992.000, +176.000, +387.000
1654089120, +2.84, +23.687,  -0.02570, +992.000, +176.000, +390.000
1654089240, +2.84, +23.662,  -0.11241, +1097.000, +224.000, +224.000
1654089360, +2.84, +23.704,  +0.01765, +1103.000, +194.000, +240.000
1654089480, +2.84, +23.687,  +0.02075, +992.000, +179.000, +387.000
1654089600, +2.84, +23.687,  -0.01641, +1102.000, +192.000, +262.000
1654089720, +2.84, +23.696,  -0.06286, +1102.000, +208.000, +231.000
1654089840, +2.84, +23.712,  +0.01765, +1088.000, +230.000, +248.000
1654089960, +2.84, +23.704,  +0.03004, +992.000, +179.000, +387.000
1654090080, +2.84, +23.721,  +0.00526, +1103.000, +224.000, +224.000
1654090200, +2.84, +23.704,  -0.01022, +992.000, +176.000, +387.000
1654090320, +2.84, +23.679,  -0.05357, +1103.000, +208.000, +230.000
1654090440, +2.84, +23.679,  -0.03809, +1099.000, +224.000, +224.000
1654090560, +2.84, +23.662,  -0.00712, +992.000, +176.000, +390.000
1654090680, +2.84, +23.671,  +0.02075, +992.000, +176.000, +387.000
1654090800, +2.84, +23.671,  +0.00526, +992.000, +176.000, +385.000
1654090920, +2.84, +23.679,  -0.09073, +1100.000, +220.000, +220.000
1654091040, +2.84, +23.671,  -0.03499, +1102.000, +190.000, +255.000
1654091160, +2.84, +23.679,  -0.04738, +1102.000, +192.000, +265.000
1654091280, +2.84, +23.654,  -0.00712, +1100.000, +185.000, +275.000
1654091400, +2.84, +23.679,  -0.04428, +992.000, +176.000, +387.000
1654091520, +2.84, +23.696,  +0.01146, +1100.000, +214.000, +227.000
1654091640, +2.84, +23.679,  -0.05357, +1100.000, +184.000, +265.000
1654091760, +2.84, +23.671,  -0.02261, +992.000, +179.000, +384.000
1654091880, +2.84, +23.646,  -0.01022, +1102.000, +185.000, +275.000
1654092000, +2.84, +23.646,  -0.05047, +992.000, +177.000, +384.000
1654092120, +2.84, +23.654,  -0.00403, +992.000, +176.000, +385.000
1654092240, +2.84, +23.646,  -0.07834, +995.000, +179.000, +387.000
1654092360, +2.84, +23.629,  -0.06596, +993.000, +179.000, +387.000
1654092480, +2.84, +23.654,  -0.01641, +1097.000, +224.000, +220.000
1654092600, +2.84, +23.654,  +0.03623, +1102.000, +211.000, +227.000
1654092720, +2.84, +23.654,  +0.01146, +1100.000, +216.000, +224.000
1654092840, +2.84, +23.629,  +0.00217, +992.000, +179.000, +387.000
1654092960, +2.84, +23.612,  -0.05357, +992.000, +176.000, +387.000
1654093080, +2.84, +23.612,  +0.00217, +1094.000, +232.000, +240.000
1654093200, +2.84, +23.629,  +0.01146, +992.000, +179.000, +390.000
1654093320, +2.84, +23.612,  -0.01951, +1095.000, +230.000, +232.000
1654093440, +2.84, +23.604,  -0.01641, +991.000, +179.000, +388.000
1654093560, +2.84, +23.621,  -0.00093, +1095.000, +228.000, +224.000
1654093680, +2.84, +23.629,  -0.02261, +1102.000, +195.000, +252.000
1654093800, +2.84, +23.629,  -0.01951, +992.000, +179.000, +390.000
1654093920, +2.84, +23.646,  -0.05357, +992.000, +177.000, +384.000
1654094040, +2.84, +23.646,  -0.03809, +1089.000, +230.000, +243.000
1654094160, +2.84, +23.646,  -0.03499, +990.000, +177.000, +390.000
1654094280, +2.84, +23.621,  +0.02075, +1100.000, +184.000, +267.000
1654094400, +2.84, +23.629,  +0.00217, +992.000, +179.000, +390.000
1654094520, +2.84, +23.604,  -0.06286, +992.000, +179.000, +387.000
1654094640, +2.84, +23.604,  -0.06905, +992.000, +182.000, +385.000
1654094760, +2.84, +23.596,  +0.02384, +992.000, +177.000, +387.000
1654094880, +2.84, +23.604,  -0.03189, +1100.000, +192.000, +255.000
1654095000, +2.84, +23.621,  +0.02384, +992.000, +179.000, +390.000
1654095120, +2.84, +23.612,  +0.03623, +991.000, +176.000, +388.000
1654095240, +2.84, +23.604,  -0.02880, +992.000, +176.000, +387.000
1654095360, +2.84, +23.604,  -0.02261, +1100.000, +179.000, +265.000
1654095480, +2.84, +23.621,  -0.01332, +1092.000, +232.000, +243.000
1654095600, +2.84, +23.621,  -0.03189, +992.000, +179.000, +387.000
