7530-428102
OS REV: 1.05 Sensor Cal: 1572940800
Time (sec),  Bat (Volts),   T (deg C),  PAR (umol/(s m^2))  Ax (g), Ay (g), Az (g)
1644179880, +3.00, +28.893, +220.72044, +931.000, +188.000, -20.000
1644180000, +3.00, +28.901, +327.26459, +1032.000, +192.000, -173.000
1644180120, +3.00, +28.901, +151.91436, +929.000, +187.000, -20.000
1644180240, +3.00, +28.917, +234.90899, +932.000, +184.000, -24.000
1644180360, +3.00, +28.934, +196.66618, +1032.000, +192.000, -165.000
1644180480, +3.00, +28.934, +160.47022, +1032.000, +190.000, -173.000
1644180600, +3.00, +28.958, +225.10521, +931.000, +188.000, -23.000
1644180720, +3.00, +28.966, +354.65077, +1031.000, +190.000, -173.000
1644180840, +3.00, +28.991, +364.03962, +1031.000, +192.000, -169.000
1644180960, +3.00, +29.007, +988.97970, +1032.000, +185.000, -165.000
1644181080, +3.00, +29.032, +363.57203, +1031.000, +192.000, -165.000
1644181200, +3.00, +29.032, +412.71481, +1032.000, +192.000, -181.000
1644181320, +3.00, +29.064, +102.07485, +1031.000, +195.000, -169.000
1644181440, +3.00, +29.064, +148.69082, +1031.000, +191.000, -163.000
1644181560, +3.00, +29.064, +486.64574, +1032.000, +195.000, -169.000
1644181680, +3.00, +29.105, +190.94989, +1032.000, +192.000, -173.000
1644181800, +3.00, +29.121, +272.07418, +1030.000, +192.000, -177.000
1644181920, +3.00, +29.121, +685.68174, +1032.000, +192.000, -173.000
1644182040, +3.00, +29.129, +156.48492, +1032.000, +192.000, -177.000
1644182160, +3.00, +29.162, +196.35652, +1031.000, +195.000, -169.000
1644182280, +3.00, +29.170, +132.26654, +934.000, +188.000, -25.000
1644182400, +3.00, +29.170, +118.24211, +1031.000, +193.000, -177.000
1644182520, +3.00, +29.162, +838.75515, +1032.000, +192.000, -168.000
1644182640, +3.00, +29.194, +205.54718, +1032.000, +200.000, -185.000
1644182760, +3.00, +29.203, +176.95333, +1028.000, +195.000, -161.000
1644182880, +3.00, +29.235, +512.38764, +1033.000, +192.000, -177.000
1644183000, +3.00, +29.243, +461.63773, +1031.000, +196.000, -194.000
1644183120, +3.00, +29.235, +1191.91740, +1031.000, +196.000, -180.000
1644183240, +3.00, +29.235, +165.89853, +1032.000, +192.000, -193.000
1644183360, +3.00, +29.235, +181.31332, +1032.000, +192.000, -177.000
1644183480, +3.00, +29.251, +156.39512, +1032.000, +192.000, -185.000
1644183600, +3.00, +29.268, +1091.75221, +1033.000, +192.000, -177.000
1644183720, +3.00, +29.260, +880.24317, +1032.000, +192.000, -185.000
1644183840, +3.00, +29.284, +155.99256, +1032.000, +185.000, -177.000
1644183960, +3.00, +29.243, +139.60544, +1032.000, +187.000, -173.000
1644184080, +3.00, +29.284, +142.23754, +1036.000, +192.000, -185.000
1644184200, +3.00, +29.300, +457.37683, +1032.000, +196.000, -196.000
1644184320, +3.00, +29.317, +982.18270, +1032.000, +188.000, -185.000
1644184440, +3.00, +29.317, +952.60104, +1032.000, +192.000, -189.000
1644184560, +3.00, +29.317, +780.12134, +1032.000, +193.000, -193.000
1644184680, +3.00, +29.349, +194.09912, +1031.000, +196.000, -200.000
1644184800, +3.00, +29.357, +163.05896, +1032.000, +188.000, -177.000
1644184920, +3.00, +29.365, +416.09938, +1032.000, +196.000, -202.000
1644185040, +3.00, +29.365, +224.67788, +1032.000, +192.000, -200.000
1644185160, +3.00, +29.373, +196.02209, +1031.000, +192.000, -193.000
1644185280, +3.00, +29.373, +542.80538, +1030.000, +208.000, -208.000
1644185400, +3.00, +29.373, +402.78407, +1036.000, +192.000, -194.000
1644185520, +3.00, +29.382, +537.83536, +1032.000, +194.000, -200.000
1644185640, +3.00, +29.382, +1080.12454, +1032.000, +192.000, -196.000
1644185760, +3.00, +29.390, +501.98002, +1032.000, +195.000, -195.000
1644185880, +3.00, +29.382, +983.32844, +1032.000, +198.000, -194.000
1644186000, +3.00, +29.365, +981.99691, +1032.000, +195.000, -199.000
1644186120, +3.00, +29.382, +818.98966, +1033.000, +198.000, -200.000
1644186240, +3.00, +29.406, +1030.48940, +1031.000, +196.000, -200.000
1644186360, +3.00, +29.422, +1163.42264, +1031.000, +200.000, -213.000
1644186480, +3.00, +29.430, +1227.40115, +1031.000, +199.000, -200.000
1644186600, +3.00, +29.455, +1098.41606, +1031.000, +192.000, -199.000
1644186720, +3.00, +29.455, +1378.82408, +1031.000, +200.000, -207.000
1644186840, +3.00, +29.487, +1195.37938, +1031.000, +196.000, -196.000
1644186960, +3.00, +29.511, +1155.00922, +1031.000, +199.000, -196.000
1644187080, +3.00, +29.528, +1101.97713, +1032.000, +192.000, -185.000
1644187200, +3.00, +29.560, +1093.19522, +1032.000, +192.000, -194.000
1644187320, +3.00, +29.568, +1020.89929, +1036.000, +196.000, -205.000
1644187440, +3.01, +29.576, +1123.74611, +1036.000, +198.000, -207.000
1644187560, +3.00, +29.593, +941.07865, +1036.000, +195.000, -208.000
1644187680, +3.00, +29.609, +860.62013, +1033.000, +193.000, -208.000
1644187800, +3.00, +29.649, +364.60629, +1035.000, +198.000, -208.000
1644187920, +3.00, +29.674, +650.84827, +1036.000, +192.000, -207.000
1644188040, +3.00, +29.674, +188.52836, +1035.000, +198.000, -208.000
1644188160, +3.00, +29.698, +557.98793, +1032.000, +200.000, -201.000
1644188280, +3.00, +29.690, +224.67788, +1032.000, +200.000, -216.000
1644188400, +3.00, +29.706, +439.86875, +1032.000, +199.000, -208.000
1644188520, +3.00, +29.722, +654.71900, +1033.000, +204.000, -208.000
1644188640, +3.00, +29.730, +714.57596, +1036.000, +204.000, -208.000
1644188760, +3.00, +29.730, +822.48880, +1032.000, +204.000, -210.000
1644188880, +3.00, +29.738, +917.91931, +1036.000, +200.000, -208.000
1644189000, +3.00, +29.738, +902.54167, +1036.000, +200.000, -212.000
1644189120, +3.00, +29.738, +920.18600, +1036.000, +204.000, -212.000
1644189240, +3.00, +29.730, +914.20650, +1032.000, +208.000, -216.000
1644189360, +3.00, +29.747, +897.51282, +1033.000, +200.000, -216.000
1644189480, +3.00, +29.763, +322.44321, +1035.000, +200.000, -208.000
1644189600, +3.00, +29.771, +757.06108, +1036.000, +204.000, -214.000
1644189720, +3.00, +29.795, +825.22308, +1033.000, +200.000, -208.000
1644189840, +3.00, +29.771, +899.30884, +1033.000, +208.000, -214.000
1644189960, +3.00, +29.811, +844.77181, +1032.000, +216.000, -218.000
1644190080, +3.00, +29.827, +790.28433, +1032.000, +204.000, -216.000
1644190200, +3.00, +29.844, +258.24484, +1036.000, +206.000, -215.000
1644190320, +3.00, +29.868, +1061.78657, +1032.000, +204.000, -212.000
1644190440, +3.00, +29.884, +149.13363, +1033.000, +200.000, -216.000
1644190560, +3.00, +29.860, +139.66118, +1036.000, +206.000, -216.000
1644190680, +3.00, +29.868, +970.75631, +1032.000, +204.000, -208.000
1644190800, +3.00, +29.876, +936.88588, +1032.000, +204.000, -212.000
1644190920, +3.00, +29.892, +157.65852, +1033.000, +198.000, -208.000
1644191040, +3.00, +29.900, +861.32615, +1035.000, +204.000, -218.000
1644191160, +3.00, +29.900, +817.29583, +1036.000, +200.000, -208.000
1644191280, +3.00, +29.900, +295.71969, +1033.000, +208.000, -216.000
1644191400, +3.00, +29.916, +604.94762, +1032.000, +204.000, -216.000
1644191520, +3.00, +29.908, +599.00218, +1033.000, +204.000, -214.000
1644191640, +3.00, +29.933, +676.01730, +1036.000, +208.000, -216.000
1644191760, +3.00, +29.949, +508.08029, +1036.000, +204.000, -212.000
1644191880, +3.00, +29.941, +476.12355, +1032.000, +200.000, -212.000
1644192000, +3.00, +29.933, +472.21566, +1032.000, +200.000, -206.000
1644192120, +3.00, +29.916, +498.95466, +1036.000, +204.000, -218.000
1644192240, +3.00, +29.916, +502.25871, +1033.000, +204.000, -216.000
1644192360, +3.00, +29.933, +445.70271, +1033.000, +206.000, -216.000
1644192480, +3.00, +29.933, +375.26783, +1033.000, +208.000, -216.000
1644192600, +3.00, +29.933, +465.38770, +1036.000, +204.000, -216.000
1644192720, +3.00, +29.949, +561.44681, +1033.000, +204.000, -216.000
1644192840, +3.00, +29.949, +514.26107, +1033.000, +208.000, -216.000
1644192960, +3.00, +29.965, +647.70214, +1036.000, +208.000, -216.000
1644193080, +3.00, +29.965, +512.74994, +1033.000, +206.000, -218.000
1644193200, +3.00, +29.965, +613.98345, +1033.000, +200.000, -216.000
1644193320, +3.00, +29.957, +637.10254, +1036.000, +209.000, -212.000
1644193440, +3.00, +29.957, +584.09522, +1033.000, +206.000, -216.000
1644193560, +3.00, +29.973, +580.50009, +1035.000, +208.000, -216.000
1644193680, +3.00, +29.989, +390.45967, +1036.000, +200.000, -216.000
1644193800, +3.00, +29.989, +269.38635, +1036.000, +208.000, -216.000
1644193920, +3.00, +29.997, +229.04406, +1032.000, +216.000, -220.000
1644194040, +3.00, +29.989, +206.22534, +1032.000, +204.000, -216.000
1644194160, +3.00, +29.997, +182.46525, +1036.000, +211.000, -216.000
1644194280, +3.00, +30.005, +160.56621, +1036.000, +200.000, -208.000
1644194400, +3.00, +30.013, +136.97334, +1036.000, +210.000, -216.000
1644194520, +3.00, +30.013, +142.51623, +1036.000, +208.000, -216.000
1644194640, +3.00, +30.021, +146.87622, +1031.000, +208.000, -216.000
1644194760, +3.00, +30.054, +145.91937, +1038.000, +204.000, -220.000
1644194880, +3.00, +30.038, +141.08251, +1036.000, +206.000, -212.000
1644195000, +3.00, +30.046, +145.51991, +1036.000, +209.000, -218.000
1644195120, +3.00, +30.030, +139.70453, +1033.000, +204.000, -216.000
1644195240, +3.00, +30.038, +133.48349, +1032.000, +211.000, -220.000
1644195360, +3.00, +30.038, +137.32945, +1032.000, +208.000, -218.000
1644195480, +3.00, +30.021, +144.28128, +1032.000, +208.000, -218.000
1644195600, +3.00, +30.013, +139.70763, +1036.000, +206.000, -218.000
1644195720, +3.00, +29.997, +148.27278, +1032.000, +208.000, -216.000
1644195840, +3.00, +29.997, +140.91220, +1036.000, +204.000, -216.000
1644195960, +3.00, +29.973, +141.76066, +1036.000, +204.000, -216.000
1644196080, +3.00, +29.997, +137.85897, +1031.000, +208.000, -214.000
1644196200, +3.00, +29.981, +132.23247, +1033.000, +198.000, -208.000
1644196320, +3.00, +30.005, +120.66364, +1036.000, +201.000, -216.000
1644196440, +3.00, +29.989, +119.04413, +1036.000, +204.000, -218.000
1644196560, +3.00, +29.981, +115.54189, +1032.000, +216.000, -218.000
1644196680, +3.00, +29.981, +110.15074, +1033.000, +200.000, -217.000
1644196800, +3.00, +29.973, +108.21228, +1033.000, +201.000, -216.000
1644196920, +3.00, +29.965, +109.63051, +1036.000, +204.000, -216.000
1644197040, +3.00, +29.965, +106.84978, +1032.000, +208.000, -216.000
1644197160, +3.00, +29.949, +100.17664, +1032.000, +204.000, -208.000
1644197280, +3.00, +29.941, +98.54474, +1032.000, +209.000, -216.000
1644197400, +3.00, +29.933, +93.03902, +1031.000, +208.000, -216.000
1644197520, +3.00, +29.933, +96.03032, +1032.000, +204.000, -216.000
1644197640, +3.00, +29.916, +88.32602, +1036.000, +204.000, -220.000
1644197760, +3.00, +29.916, +89.79999, +1034.000, +204.000, -218.000
1644197880, +3.00, +29.900, +89.12494, +1032.000, +204.000, -223.000
1644198000, +3.00, +29.908, +79.26232, +1035.000, +211.000, -221.000
1644198120, +3.00, +29.892, +79.88473, +1033.000, +208.000, -218.000
1644198240, +3.00, +29.876, +81.01189, +1036.000, +200.000, -212.000
1644198360, +3.00, +29.868, +76.69835, +1036.000, +200.000, -216.000
1644198480, +3.00, +29.836, +84.64108, +1036.000, +198.000, -208.000
1644198600, +3.00, +29.852, +93.55305, +1036.000, +200.000, -212.000
1644198720, +3.00, +29.836, +102.67249, +1036.000, +200.000, -208.000
1644198840, +3.00, +29.819, +105.58018, +1033.000, +206.000, -216.000
1644198960, +3.00, +29.795, +102.61365, +1031.000, +200.000, -214.000
1644199080, +3.00, +29.787, +96.96239, +1036.000, +192.000, -199.000
1644199200, +3.00, +29.787, +102.00053, +1032.000, +200.000, -208.000
1644199320, +3.00, +29.803, +114.06792, +1036.000, +200.000, -213.000
1644199440, +3.00, +29.779, +95.84143, +1036.000, +198.000, -208.000
1644199560, +3.00, +29.763, +82.54779, +1032.000, +199.000, -208.000
1644199680, +3.00, +29.755, +74.23656, +1036.000, +200.000, -208.000
1644199800, +3.00, +29.730, +76.84389, +1036.000, +204.000, -216.000
1644199920, +3.00, +29.714, +83.17950, +1035.000, +196.000, -208.000
1644200040, +3.00, +29.714, +78.22496, +1032.000, +192.000, -207.000
1644200160, +3.00, +29.714, +75.23057, +1033.000, +192.000, -200.000
1644200280, +3.00, +29.706, +67.84521, +1033.000, +192.000, -200.000
1644200400, +3.00, +29.698, +62.79159, +1032.000, +192.000, -200.000
1644200520, +3.00, +29.682, +60.78500, +1038.000, +196.000, -208.000
1644200640, +3.00, +29.682, +56.62010, +1033.000, +204.000, -216.000
1644200760, +3.00, +29.682, +54.44630, +1032.000, +200.000, -212.000
1644200880, +3.00, +29.641, +50.68085, +1033.000, +192.000, -193.000
1644201000, +3.00, +29.617, +52.81750, +1032.000, +192.000, -192.000
1644201120, +3.00, +29.633, +49.94696, +1036.000, +192.000, -196.000
1644201240, +3.00, +29.617, +49.81071, +1036.000, +184.000, -189.000
1644201360, +3.00, +29.617, +50.56628, +1036.000, +192.000, -201.000
1644201480, +3.00, +29.601, +50.14205, +1040.000, +168.000, -185.000
1644201600, +3.01, +29.593, +49.10779, +1041.000, +176.000, -191.000
1644201720, +3.00, +29.568, +44.79425, +1043.000, +168.000, -185.000
1644201840, +3.00, +29.552, +54.48346, +992.000, +192.000, -64.000
1644201960, +3.00, +29.560, +43.81263, +1043.000, +164.000, -177.000
1644202080, +3.00, +29.536, +53.04974, +1044.000, +167.000, -164.000
1644202200, +3.00, +29.544, +48.55040, +1043.000, +168.000, -180.000
1644202320, +3.00, +29.503, +40.80275, +1043.000, +168.000, -180.000
1644202440, +3.00, +29.520, +33.62797, +1043.000, +176.000, -188.000
1644202560, +3.00, +29.495, +32.00845, +1043.000, +160.000, -177.000
1644202680, +3.00, +29.487, +29.08218, +1041.000, +168.000, -181.000
1644202800, +3.00, +29.495, +24.00379, +1040.000, +176.000, -181.000
1644202920, +3.00, +29.487, +20.05874, +1043.000, +163.000, -169.000
1644203040, +3.00, +29.495, +14.25884, +1044.000, +164.000, -161.000
1644203160, +3.00, +29.479, +11.52765, +1040.000, +160.000, -161.000
1644203280, +3.00, +29.463,  +9.08135, +1044.000, +164.000, -165.000
1644203400, +3.00, +29.438,  +7.60118, +1041.000, +168.000, -180.000
1644203520, +3.00, +29.414,  +6.27894, +1040.000, +168.000, -161.000
1644203640, +3.00, +29.398,  +5.08366, +1040.000, +161.000, -161.000
1644203760, +3.00, +29.382,  +3.55705, +1040.000, +161.000, -153.000
1644203880, +3.00, +29.373,  +2.49801, +1040.000, +168.000, -180.000
1644204000, +3.00, +29.333,  +1.91276, +1040.000, +160.000, -161.000
1644204120, +3.00, +29.317,  +1.38324, +1040.000, +166.000, -153.000
1644204240, +3.00, +29.308,  +1.28725, +1040.000, +167.000, -153.000
1644204360, +3.00, +29.300,  +1.00546, +1043.000, +160.000, -153.000
1644204480, +3.00, +29.292,  +0.68342, +940.000, +166.000,  -7.000
1644204600, +3.00, +29.276,  +0.41401, +1043.000, +160.000, -161.000
1644204720, +3.00, +29.276,  +0.29015, +1040.000, +167.000, -161.000
1644204840, +3.00, +29.276,  +0.12913, +1043.000, +176.000, -167.000
1644204960, +3.00, +29.235,  -0.02880, +1040.000, +172.000, -167.000
1644205080, +3.00, +29.235,  +0.00526, +1040.000, +174.000, -164.000
1644205200, +3.00, +29.203,  +0.03313, +1041.000, +174.000, -165.000
1644205320, +3.00, +29.203,  -0.02570, +1040.000, +176.000, -169.000
1644205440, +3.00, +29.194,  -0.06286, +1044.000, +172.000, -169.000
1644205560, +3.00, +29.186,  -0.12170, +1040.000, +168.000, -161.000
1644205680, +3.00, +29.178,  +0.14461, +1040.000, +160.000, -162.000
1644205800, +3.00, +29.154,  +0.00217, +1043.000, +172.000, -169.000
1644205920, +3.00, +29.137,  -0.07215, +1043.000, +172.000, -162.000
1644206040, +3.00, +29.113,  -0.03499, +1040.000, +176.000, -180.000
1644206160, +3.00, +29.089,  +0.11674, +1040.000, +167.000, -153.000
1644206280, +3.00, +29.089,  -0.00093, +1041.000, +167.000, -153.000
1644206400, +3.00, +29.080,  -0.05357, +1046.000, +159.000, -145.000
1644206520, +3.00, +29.064,  -0.10002, +1043.000, +168.000, -169.000
1644206640, +3.00, +29.056,  -0.09383, +1040.000, +176.000, -175.000
1644206760, +3.00, +29.040,  -0.04738, +1043.000, +166.000, -153.000
1644206880, +3.00, +29.032,  -0.07525, +1040.000, +160.000, -162.000
1644207000, +3.00, +29.015,  -0.01951, +1040.000, +159.000, -157.000
1644207120, +3.00, +28.999,  +0.05171, +1041.000, +164.000, -147.000
1644207240, +3.00, +28.983,  -0.04428, +1040.000, +163.000, -145.000
1644207360, +3.00, +28.942,  -0.07215, +1043.000, +176.000, -170.000
1644207480, +3.00, +28.934,  -0.01332, +1040.000, +169.000, -161.000
1644207600, +3.00, +28.926,  -0.02570, +1043.000, +163.000, -145.000
1644207720, +3.00, +28.926,  +0.01455, +1043.000, +161.000, -157.000
1644207840, +3.00, +28.909,  -0.03809, +1040.000, +163.000, -161.000
1644207960, +3.00, +28.901,  -0.01641, +1041.000, +163.000, -145.000
1644208080, +3.00, +28.893,  -0.00712, +1040.000, +163.000, -161.000
1644208200, +3.00, +28.885,  +0.01765, +1043.000, +163.000, -145.000
1644208320, +3.00, +28.868,  -0.13718, +1043.000, +161.000, -153.000
1644208440, +3.00, +28.828,  -0.04118, +1041.000, +161.000, -149.000
1644208560, +3.00, +28.811,  -0.08454, +1043.000, +159.000, -157.000
1644208680, +3.00, +28.819,  -0.00712, +1043.000, +166.000, -145.000
1644208800, +3.00, +28.803,  -0.02880, +940.000, +164.000,  -8.000
1644208920, +3.00, +28.770,  +0.01146, +942.000, +166.000,  -8.000
1644209040, +3.00, +28.721,  -0.02570, +936.000, +166.000,  -8.000
1644209160, +3.00, +28.713,  -0.01022, +1043.000, +166.000, -153.000
1644209280, +3.00, +28.713,  +0.02075, +940.000, +163.000,  -7.000
1644209400, +3.01, +28.705,  -0.10621, +942.000, +164.000,  -5.000
1644209520, +3.00, +28.689,  -0.02570, +1041.000, +166.000, -153.000
1644209640, +3.01, +28.672,  -0.12479, +939.000, +167.000,  -7.000
1644209760, +3.00, +28.664,  -0.05047, +939.000, +166.000,  -7.000
1644209880, +3.00, +28.640,  +0.07029, +940.000, +163.000,  -4.000
1644210000, +3.00, +28.656,  +0.01146, +940.000, +163.000,  -8.000
1644210120, +3.00, +28.632,  -0.02261, +940.000, +166.000,  -8.000
1644210240, +3.00, +28.615,  -0.02570, +936.000, +166.000,  -8.000
1644210360, +3.00, +28.615,  +0.02694, +940.000, +166.000,  -8.000
1644210480, +3.01, +28.582,  +0.01146, +940.000, +164.000,  -4.000
1644210600, +3.00, +28.591,  -0.05047, +939.000, +163.000,  -7.000
1644210720, +3.00, +28.591,  -0.09383, +939.000, +167.000,  -8.000
1644210840, +3.00, +28.582,  -0.07215, +940.000, +164.000,  -4.000
1644210960, +3.00, +28.591,  -0.10002, +939.000, +166.000,  -7.000
1644211080, +3.00, +28.533,  -0.10931, +940.000, +167.000,  -8.000
1644211200, +3.00, +28.533,  -0.07834, +936.000, +163.000,  -7.000
1644211320, +3.00, +28.509,  -0.02570, +940.000, +163.000,  -7.000
1644211440, +3.00, +28.517,  -0.03189, +940.000, +167.000,  -8.000
1644211560, +3.00, +28.501,  -0.03499, +939.000, +167.000,  -7.000
1644211680, +3.00, +28.484,  +0.02694, +940.000, +166.000,  -4.000
1644211800, +3.00, +28.476,  +0.02694, +940.000, +163.000,  -7.000
1644211920, +3.00, +28.468,  +0.00217, +937.000, +167.000,  -8.000
1644212040, +3.00, +28.452,  -0.08763, +937.000, +166.000,  -4.000
1644212160, +3.00, +28.435,  -0.01022, +940.000, +161.000,  -7.000
1644212280, +3.00, +28.427,  -0.03499, +940.000, +163.000,  -8.000
1644212400, +3.00, +28.443,  +0.01765, +940.000, +167.000,  -7.000
1644212520, +3.00, +28.435,  -0.04428, +937.000, +167.000,  -8.000
1644212640, +3.00, +28.427,  -0.01951, +936.000, +164.000,  -4.000
1644212760, +3.00, +28.427,  -0.00093, +940.000, +163.000,  -8.000
1644212880, +3.00, +28.411,  -0.01022, +940.000, +167.000,  -8.000
1644213000, +3.00, +28.402,  +0.02075, +940.000, +167.000,  -7.000
1644213120, +3.00, +28.361,  +0.02694, +937.000, +167.000,  -8.000
1644213240, +3.00, +28.361,  -0.07525, +937.000, +167.000,  -8.000
1644213360, +3.00, +28.353,  -0.14956, +940.000, +166.000,  -7.000
1644213480, +3.00, +28.353,  -0.12479, +937.000, +163.000,  -8.000
1644213600, +3.00, +28.329,  -0.01641, +939.000, +164.000,  -8.000
1644213720, +3.00, +28.337,  -0.02261, +940.000, +166.000,  -8.000
1644213840, +3.00, +28.329,  -0.03809, +940.000, +163.000,  -8.000
1644213960, +3.00, +28.320,  -0.13718, +936.000, +167.000,  -8.000
1644214080, +3.00, +28.304,  +0.03313, +940.000, +166.000,  -8.000
1644214200, +3.00, +28.279,  -0.00093, +937.000, +163.000,  -7.000
1644214320, +3.00, +28.255,  +0.02694, +942.000, +167.000,  -8.000
1644214440, +3.00, +28.279,  -0.04428, +936.000, +166.000,  -8.000
1644214560, +3.00, +28.255,  -0.04738, +936.000, +164.000,  -7.000
1644214680, +3.00, +28.238,  +0.03004, +1004.000, +195.000, -89.000
1644214800, +3.00, +28.247,  -0.04428, +940.000, +163.000,  -8.000
1644214920, +3.00, +28.222,  -0.00712, +940.000, +166.000,  -8.000
1644215040, +3.00, +28.222,  -0.03809, +940.000, +166.000,  -7.000
1644215160, +3.00, +28.214,  +0.05481, +1008.000, +199.000, -98.000
1644215280, +3.00, +28.165,  -0.05976, +1006.000, +195.000, -93.000
1644215400, +3.00, +28.181,  -0.05047, +939.000, +163.000,  -8.000
1644215520, +3.00, +28.165,  -0.10621, +937.000, +167.000, -10.000
1644215640, +3.00, +28.156,  +0.07029, +1008.000, +196.000, -96.000
1644215760, +3.00, +28.173,  -0.01951, +940.000, +163.000,  -8.000
1644215880, +3.00, +28.189,  -0.02880, +940.000, +166.000,  -4.000
1644216000, +3.00, +28.173,  +0.03623, +1008.000, +200.000, -104.000
1644216120, +3.00, +28.197,  -0.03809, +940.000, +167.000,  -8.000
1644216240, +3.00, +28.173,  -0.03499, +940.000, +163.000,  -8.000
1644216360, +3.00, +28.189,  -0.00403, +1008.000, +195.000, -100.000
1644216480, +3.00, +28.165,  -0.06905, +1001.000, +196.000, -93.000
1644216600, +3.00, +28.165,  +0.01455, +1008.000, +195.000, -98.000
1644216720, +3.00, +28.156,  -0.01332, +1014.000, +204.000, -121.000
1644216840, +3.00, +28.124,  -0.04738, +1004.000, +198.000, -96.000
1644216960, +3.00, +28.107,  +0.03313, +1004.000, +196.000, -93.000
1644217080, +3.00, +28.091,  +0.00526, +940.000, +167.000, -12.000
1644217200, +3.00, +28.107,  -0.05357, +940.000, +163.000,  -8.000
1644217320, +3.00, +28.107,  +0.01146, +967.000, +177.000, -28.000
1644217440, +3.00, +28.115,  -0.05667, +940.000, +163.000, -10.000
1644217560, +3.00, +28.107,  +0.05481, +940.000, +163.000,  -8.000
1644217680, +3.00, +28.115,  -0.03499, +1040.000, +177.000, -192.000
1644217800, +3.00, +28.099,  +0.00836, +1004.000, +199.000, -95.000
1644217920, +3.00, +28.074,  +0.01765, +1000.000, +196.000, -88.000
1644218040, +3.00, +28.074,  -0.03809, +936.000, +167.000,  -8.000
1644218160, +3.00, +28.083,  +0.00217, +940.000, +163.000,  -8.000
1644218280, +3.00, +28.074,  +0.02075, +1008.000, +200.000, -100.000
1644218400, +3.00, +28.074,  -0.02261, +1008.000, +198.000, -100.000
1644218520, +3.00, +28.066,  -0.05976, +1008.000, +195.000, -90.000
1644218640, +3.00, +28.058,  +0.08578, +939.000, +166.000,  -8.000
1644218760, +3.00, +28.050,  -0.00712, +1041.000, +192.000, -200.000
1644218880, +3.00, +28.050,  +0.04862, +939.000, +167.000,  -8.000
1644219000, +3.00, +28.050,  +0.02384, +1004.000, +195.000, -96.000
1644219120, +3.00, +28.033,  -0.00712, +940.000, +163.000,  -8.000
1644219240, +3.00, +28.025,  +0.10126, +1046.000, +188.000, -208.000
1644219360, +3.00, +28.033,  -0.00712, +1006.000, +199.000, -100.000
1644219480, +3.00, +28.033,  +0.00526, +937.000, +163.000,  -8.000
1644219600, +3.00, +28.033,  -0.06286, +942.000, +161.000, -10.000
1644219720, +3.00, +28.033,  -0.08144, +1004.000, +199.000, -93.000
1644219840, +3.00, +28.042,  -0.05047, +1017.000, +208.000, -144.000
1644219960, +3.00, +28.017,  -0.08144, +1016.000, +208.000, -152.000
1644220080, +3.00, +27.992,  +0.04242, +1008.000, +198.000, -104.000
1644220200, +3.00, +27.976,  +0.04862, +1004.000, +196.000, -95.000
1644220320, +3.00, +28.000,  +0.03004, +1001.000, +195.000, -92.000
1644220440, +3.00, +28.000,  -0.01641, +1040.000, +208.000, -208.000
1644220560, +3.00, +28.025,  -0.00403, +1006.000, +198.000, -96.000
1644220680, +3.00, +28.017,  -0.03499, +1016.000, +207.000, -136.000
1644220800, +3.00, +28.050,  -0.02880, +1008.000, +198.000, -96.000
1644220920, +3.00, +28.033,  -0.01641, +1028.000, +212.000, -168.000
1644221040, +3.00, +28.000,  -0.07215, +1006.000, +196.000, -98.000
1644221160, +3.00, +28.009,  -0.05357, +940.000, +164.000, -10.000
1644221280, +3.00, +28.017,  -0.05357, +937.000, +166.000,  -7.000
1644221400, +3.00, +27.992,  +0.00526, +937.000, +163.000,  -8.000
1644221520, +3.00, +27.992,  +0.02075, +1043.000, +168.000, -183.000
1644221640, +3.00, +27.984,  +0.03004, +937.000, +163.000,  -8.000
1644221760, +3.00, +27.943,  -0.02570, +1011.000, +204.000, -126.000
1644221880, +3.00, +27.943,  -0.03809, +940.000, +163.000, -10.000
1644222000, +3.00, +27.935,  -0.00403, +982.000, +184.000, -45.000
1644222120, +3.00, +27.918,  +0.02384, +937.000, +167.000,  -8.000
1644222240, +3.00, +27.935,  +0.03623, +940.000, +163.000, -10.000
1644222360, +3.00, +27.943,  +0.03933, +937.000, +167.000, -10.000
1644222480, +3.00, +27.935,  -0.08144, +947.000, +168.000, -13.000
1644222600, +3.00, +27.927,  -0.08454, +937.000, +167.000,  -8.000
1644222720, +3.00, +27.935,  +0.01455, +1008.000, +198.000, -104.000
1644222840, +3.00, +27.918,  -0.08454, +939.000, +161.000,  -8.000
1644222960, +3.00, +27.910,  -0.04118, +998.000, +192.000, -72.000
1644223080, +3.00, +27.877,  +0.01765, +935.000, +163.000, -10.000
1644223200, +3.00, +27.877,  -0.11550, +956.000, +172.000, -16.000
1644223320, +3.00, +27.877,  -0.01332, +940.000, +163.000,  -8.000
1644223440, +3.00, +27.853,  -0.08144, +937.000, +160.000,  -8.000
1644223560, +3.00, +27.844,  -0.01951, +1007.000, +200.000, -100.000
1644223680, +3.00, +27.853,  -0.01332, +1008.000, +196.000, -104.000
1644223800, +3.00, +27.853,  -0.06905, +940.000, +161.000, -10.000
1644223920, +3.00, +27.836,  +0.05171, +940.000, +160.000,  -8.000
1644224040, +3.00, +27.853,  -0.03189, +942.000, +161.000, -10.000
1644224160, +3.00, +27.861,  -0.03499, +979.000, +179.000, -40.000
1644224280, +3.00, +27.828,  -0.05976, +988.000, +184.000, -50.000
1644224400, +3.00, +27.844,  -0.02570, +1008.000, +199.000, -104.000
1644224520, +3.00, +27.853,  +0.00217, +940.000, +163.000, -10.000
1644224640, +3.00, +27.828,  -0.05047, +937.000, +164.000, -10.000
1644224760, +3.00, +27.828,  -0.07525, +1014.000, +200.000, -120.000
1644224880, +3.00, +27.811,  -0.07215, +1008.000, +198.000, -106.000
1644225000, +3.00, +27.828,  +0.03313, +951.000, +168.000, -13.000
1644225120, +3.00, +27.811,  -0.03809, +937.000, +164.000, -10.000
1644225240, +3.00, +27.820,  -0.03189, +1006.000, +198.000, -96.000
1644225360, +3.00, +27.820,  +0.02075, +960.000, +172.000, -18.000
1644225480, +3.00, +27.828,  -0.07215, +1008.000, +200.000, -108.000
1644225600, +3.00, +27.828,  -0.05357, +940.000, +161.000,  -9.000
1644225720, +3.00, +27.828,  -0.06905, +940.000, +161.000,  -8.000
1644225840, +3.00, +27.811,  -0.06596, +947.000, +166.000, -13.000
1644225960, +3.00, +27.803,  -0.10621, +1008.000, +195.000, -98.000
1644226080, +3.00, +27.787,  +0.00217, +1008.000, +198.000, -112.000
1644226200, +3.00, +27.803,  +0.07339, +1000.000, +195.000, -84.000
1644226320, +3.00, +27.779,  -0.03809, +1006.000, +198.000, -100.000
1644226440, +3.00, +27.779,  +0.03313, +940.000, +166.000,  -8.000
1644226560, +3.00, +27.754,  -0.02570, +972.000, +176.000, -29.000
1644226680, +3.00, +27.737,  -0.07215, +1001.000, +192.000, -84.000
1644226800, +3.00, +27.713,  -0.05667, +1006.000, +199.000, -104.000
1644226920, +3.00, +27.721,  -0.02261, +940.000, +163.000,  -8.000
1644227040, +3.00, +27.721,  -0.02261, +1008.000, +196.000, -100.000
1644227160, +3.00, +27.704,  -0.07834, +940.000, +166.000,  -8.000
1644227280, +3.00, +27.696,  -0.10002, +1016.000, +207.000, -144.000
1644227400, +3.00, +27.672,  -0.01022, +984.000, +184.000, -48.000
1644227520, +3.00, +27.688,  -0.02261, +1004.000, +198.000, -96.000
1644227640, +3.00, +27.680,  +0.07649, +1017.000, +206.000, -136.000
1644227760, +3.00, +27.696,  -0.01022, +1001.000, +195.000, -90.000
1644227880, +3.00, +27.680,  -0.11860, +1004.000, +192.000, -89.000
1644228000, +3.00, +27.663,  -0.02880, +1006.000, +195.000, -90.000
1644228120, +3.00, +27.672,  -0.10002, +942.000, +167.000, -16.000
1644228240, +3.00, +27.655,  -0.05667, +940.000, +163.000, -13.000
1644228360, +3.00, +27.663,  -0.06286, +1004.000, +195.000, -96.000
1644228480, +3.00, +27.639,  -0.04428, +999.000, +192.000, -84.000
1644228600, +3.00, +27.622,  +0.01455, +1000.000, +192.000, -84.000
1644228720, +3.00, +27.639,  -0.11241, +1016.000, +204.000, -136.000
1644228840, +3.00, +27.622,  +0.01146, +1008.000, +198.000, -100.000
1644228960, +3.00, +27.622,  +0.00526, +1009.000, +200.000, -112.000
1644229080, +3.00, +27.597,  +0.02694, +1007.000, +195.000, -100.000
1644229200, +3.00, +27.589,  -0.03499, +1008.000, +195.000, -108.000
1644229320, +3.00, +27.606,  -0.04738, +1020.000, +209.000, -152.000
1644229440, +3.00, +27.589,  -0.03189, +1016.000, +204.000, -128.000
1644229560, +3.00, +27.597,  -0.01332, +1008.000, +198.000, -104.000
1644229680, +3.00, +27.581,  -0.09073, +1004.000, +195.000, -96.000
1644229800, +3.00, +27.589,  -0.07525, +1006.000, +199.000, -106.000
1644229920, +3.00, +27.573,  -0.07215, +940.000, +163.000,  -8.000
1644230040, +3.00, +27.573,  +0.02384, +1006.000, +198.000, -100.000
1644230160, +3.00, +27.565,  -0.07215, +1008.000, +200.000, -106.000
1644230280, +3.00, +27.548,  -0.05976, +937.000, +167.000, -10.000
1644230400, +3.00, +27.532,  -0.03809, +1008.000, +200.000, -112.000
1644230520, +3.00, +27.515,  -0.02261, +1016.000, +208.000, -144.000
1644230640, +3.00, +27.515,  -0.06286, +1039.000, +211.000, -206.000
1644230760, +3.00, +27.515,  +0.03004, +998.000, +192.000, -77.000
1644230880, +3.00, +27.490,  +0.06720, +940.000, +163.000,  -8.000
1644231000, +3.00, +27.499,  -0.05357, +1043.000, +195.000, -208.000
1644231120, +3.00, +27.482,  -0.01332, +1032.000, +209.000, -192.000
1644231240, +3.00, +27.474,  -0.04118, +1016.000, +200.000, -128.000
1644231360, +3.00, +27.474,  -0.05667, +1020.000, +208.000, -144.000
1644231480, +3.00, +27.482,  +0.00217, +936.000, +163.000,  -5.000
1644231600, +3.00, +27.457,  -0.03189, +936.000, +161.000, -10.000
1644231720, +3.00, +27.474,  -0.06286, +1027.000, +208.000, -160.000
1644231840, +3.00, +27.466,  +0.00836, +1040.000, +206.000, -208.000
1644231960, +3.00, +27.449,  -0.05357, +1043.000, +200.000, -208.000
1644232080, +3.00, +27.449,  +0.00526, +1040.000, +184.000, -194.000
1644232200, +3.00, +27.457,  +0.04552, +1008.000, +198.000, -109.000
1644232320, +3.00, +27.457,  -0.01951, +992.000, +192.000, -64.000
1644232440, +3.00, +27.466,  -0.02261, +1006.000, +198.000, -96.000
1644232560, +3.00, +27.433,  -0.08144, +1016.000, +204.000, -128.000
1644232680, +3.00, +27.424,  -0.04428, +1008.000, +199.000, -104.000
1644232800, +3.00, +27.433,  +0.02075, +1036.000, +212.000, -200.000
1644232920, +3.00, +27.424,  -0.04738, +1016.000, +204.000, -127.000
1644233040, +3.00, +27.416,  +0.02384, +940.000, +163.000, -10.000
1644233160, +3.00, +27.416,  -0.00093, +1040.000, +168.000, -161.000
1644233280, +3.00, +27.424,  +0.03933, +937.000, +161.000, -12.000
1644233400, +3.00, +27.416,  -0.01332, +935.000, +163.000,  -8.000
1644233520, +3.00, +27.408,  +0.00836, +1008.000, +199.000, -104.000
1644233640, +3.00, +27.400,  +0.11674, +1020.000, +204.000, -144.000
1644233760, +3.00, +27.416,  -0.02570, +1024.000, +208.000, -154.000
1644233880, +3.00, +27.416,  -0.05976, +1008.000, +195.000, -104.000
1644234000, +3.00, +27.408,  -0.06905, +940.000, +163.000,  -8.000
1644234120, +3.00, +27.391,  -0.06905, +1043.000, +160.000, -145.000
1644234240, +3.00, +27.383,  +0.03313, +940.000, +161.000,  -9.000
1644234360, +3.00, +27.383,  -0.08763, +939.000, +164.000,  -8.000
1644234480, +3.00, +27.391,  -0.02880, +1043.000, +163.000, -145.000
1644234600, +3.00, +27.400,  +0.03933, +1040.000, +208.000, -212.000
1644234720, +3.00, +27.400,  -0.03809, +1043.000, +182.000, -191.000
1644234840, +3.00, +27.391,  -0.02261, +940.000, +163.000,  -8.000
1644234960, +3.00, +27.383,  -0.05976, +1043.000, +206.000, -208.000
1644235080, +3.00, +27.400,  -0.04428, +1040.000, +209.000, -208.000
1644235200, +3.00, +27.391,  +0.00526, +1011.000, +198.000, -109.000
1644235320, +3.00, +27.367,  -0.09383, +1040.000, +207.000, -212.000
1644235440, +3.00, +27.383,  -0.04738, +1011.000, +201.000, -116.000
1644235560, +3.00, +27.367,  +0.07649, +1043.000, +168.000, -161.000
1644235680, +3.00, +27.367,  +0.03313, +1024.000, +208.000, -160.000
1644235800, +3.00, +27.400,  +0.02075, +1032.000, +208.000, -184.000
1644235920, +3.00, +27.424,  -0.04428, +942.000, +160.000,  -8.000
1644236040, +3.00, +27.408,  -0.04428, +1041.000, +192.000, -200.000
1644236160, +3.00, +27.416,  +0.05171, +1043.000, +196.000, -207.000
1644236280, +3.00, +27.416,  -0.07834, +1043.000, +192.000, -205.000
1644236400, +3.00, +27.416,  +0.03313, +1043.000, +192.000, -205.000
1644236520, +3.00, +27.391,  -0.07215, +1043.000, +193.000, -207.000
1644236640, +3.00, +27.375,  -0.06905, +1008.000, +196.000, -104.000
1644236760, +3.00, +27.391,  +0.06720, +940.000, +163.000,  -7.000
1644236880, +3.00, +27.391,  -0.05047, +940.000, +166.000,  -9.000
1644237000, +3.00, +27.416,  +0.00526, +1039.000, +211.000, -202.000
1644237120, +3.00, +27.391,  +0.01455, +939.000, +163.000,  -8.000
1644237240, +3.00, +27.400,  +0.00836, +1011.000, +198.000, -106.000
1644237360, +3.00, +27.391,  +0.06100, +1020.000, +208.000, -148.000
1644237480, +3.00, +27.391,  -0.07215, +1011.000, +200.000, -116.000
1644237600, +3.00, +27.367,  -0.06905, +1039.000, +211.000, -206.000
1644237720, +3.00, +27.383,  +0.12293, +937.000, +161.000,  -8.000
1644237840, +3.00, +27.350,  +0.05171, +1043.000, +192.000, -204.000
1644237960, +3.00, +27.367,  -0.08763, +940.000, +163.000, -10.000
1644238080, +3.00, +27.342,  -0.15885, +1043.000, +177.000, -192.000
1644238200, +3.00, +27.342,  +0.00836, +1044.000, +192.000, -207.000
1644238320, +3.00, +27.342,  -0.01332, +1038.000, +216.000, -196.000
1644238440, +3.00, +27.326,  +0.04552, +940.000, +163.000,  -4.000
1644238560, +3.00, +27.350,  +0.01765, +1043.000, +168.000, -161.000
1644238680, +3.00, +27.367,  -0.04428, +1046.000, +184.000, -196.000
1644238800, +3.00, +27.383,  -0.03809, +940.000, +163.000,  -8.000
1644238920, +3.00, +27.383,  -0.01022, +1036.000, +214.000, -192.000
1644239040, +3.00, +27.367,  +0.00217, +937.000, +163.000,  -8.000
1644239160, +3.00, +27.383,  -0.06596, +1040.000, +208.000, -208.000
1644239280, +3.00, +27.391,  +0.01765, +940.000, +163.000,  -4.000
1644239400, +3.00, +27.400,  -0.03499, +1016.000, +204.000, -132.000
1644239520, +3.00, +27.400,  -0.13408, +1041.000, +199.000, -212.000
1644239640, +3.00, +27.375,  -0.05976, +1011.000, +204.000, -116.000
1644239760, +3.00, +27.367,  -0.01641, +1039.000, +208.000, -205.000
1644239880, +3.00, +27.383,  -0.00712, +1024.000, +208.000, -152.000
1644240000, +3.00, +27.375,  +0.01146, +1040.000, +174.000, -169.000
1644240120, +3.00, +27.383,  -0.02880, +1043.000, +176.000, -177.000
1644240240, +3.00, +27.391,  -0.02880, +1043.000, +163.000, -160.000
1644240360, +3.00, +27.375,  +0.03313, +1027.000, +208.000, -156.000
1644240480, +3.00, +27.391,  -0.06286, +1043.000, +167.000, -162.000
1644240600, +3.00, +27.375,  -0.04118, +1016.000, +206.000, -128.000
1644240720, +3.00, +27.359,  -0.09073, +1040.000, +208.000, -208.000
1644240840, +3.00, +27.359,  -0.07834, +939.000, +160.000,  -8.000
1644240960, +3.00, +27.334,  -0.08454, +1016.000, +206.000, -125.000
1644241080, +3.00, +27.342,  -0.05357, +1044.000, +200.000, -208.000
1644241200, +3.00, +27.359,  +0.03004, +1043.000, +177.000, -184.000
1644241320, +3.00, +27.334,  -0.05357, +1027.000, +208.000, -168.000
1644241440, +3.00, +27.359,  -0.08454, +1044.000, +179.000, -192.000
1644241560, +3.00, +27.359,  -0.03499, +940.000, +163.000,  -8.000
1644241680, +3.00, +27.326,  -0.04118, +1043.000, +201.000, -208.000
1644241800, +3.00, +27.367,  +0.03004, +942.000, +161.000,  -8.000
1644241920, +3.00, +27.350,  -0.00403, +1040.000, +208.000, -208.000
1644242040, +3.00, +27.375,  -0.06286, +1016.000, +204.000, -124.000
1644242160, +3.00, +27.375,  -0.04118, +1004.000, +195.000, -89.000
1644242280, +3.00, +27.359,  +0.01765, +1027.000, +210.000, -168.000
1644242400, +3.00, +27.367,  -0.05357, +1008.000, +199.000, -106.000
1644242520, +3.00, +27.359,  -0.04118, +1024.000, +204.000, -148.000
1644242640, +3.00, +27.367,  -0.07525, +1014.000, +200.000, -120.000
1644242760, +3.00, +27.383,  -0.03499, +940.000, +161.000, -10.000
1644242880, +3.00, +27.375,  +0.02075, +1015.000, +200.000, -125.000
1644243000, +3.00, +27.391,  -0.02570, +1040.000, +176.000, -169.000
1644243120, +3.00, +27.367,  -0.01022, +1040.000, +177.000, -192.000
1644243240, +3.00, +27.375,  -0.06596, +1036.000, +216.000, -189.000
1644243360, +3.00, +27.359,  -0.04118, +1032.000, +211.000, -184.000
1644243480, +3.00, +27.375,  -0.07834, +1031.000, +212.000, -180.000
1644243600, +3.00, +27.367,  -0.00093, +1043.000, +192.000, -202.000
1644243720, +3.00, +27.391,  +0.01146, +1020.000, +206.000, -144.000
1644243840, +3.00, +27.391,  -0.05047, +1043.000, +192.000, -202.000
1644243960, +3.00, +27.383,  -0.07215, +1009.000, +200.000, -116.000
1644244080, +3.00, +27.391,  +0.04552, +1031.000, +211.000, -178.000
1644244200, +3.00, +27.383,  -0.05667, +1043.000, +198.000, -208.000
1644244320, +3.00, +27.375,  -0.08763, +1012.000, +200.000, -124.000
1644244440, +3.00, +27.375,  -0.11550, +1027.000, +211.000, -168.000
1644244560, +3.00, +27.375,  +0.00526, +940.000, +163.000, -10.000
1644244680, +3.00, +27.383,  +0.00217, +1039.000, +208.000, -200.000
1644244800, +3.00, +27.383,  -0.03809, +1043.000, +177.000, -173.000
1644244920, +3.00, +27.391,  -0.02261, +1043.000, +176.000, -192.000
1644245040, +3.00, +27.391,  -0.08144, +1016.000, +204.000, -128.000
1644245160, +3.00, +27.400,  -0.05357, +1008.000, +200.000, -109.000
1644245280, +3.00, +27.416,  +0.00526, +1025.000, +208.000, -160.000
1644245400, +3.00, +27.416,  -0.01022, +1031.000, +211.000, -180.000
1644245520, +3.00, +27.424,  +0.04552, +940.000, +163.000, -10.000
1644245640, +3.00, +27.408,  -0.08454, +1025.000, +207.000, -158.000
1644245760, +3.00, +27.400,  -0.09073, +1039.000, +208.000, -205.000
1644245880, +3.00, +27.383,  -0.00403, +1040.000, +208.000, -208.000
1644246000, +3.00, +27.391,  -0.01951, +940.000, +161.000,  -8.000
1644246120, +3.00, +27.400,  +0.00217, +1040.000, +204.000, -208.000
1644246240, +3.00, +27.400,  +0.01146, +1040.000, +211.000, -204.000
1644246360, +3.00, +27.383,  -0.03189, +1041.000, +198.000, -208.000
1644246480, +3.00, +27.400,  +0.00836, +1043.000, +184.000, -196.000
1644246600, +3.00, +27.408,  -0.01022, +1036.000, +208.000, -200.000
1644246720, +3.00, +27.391,  +0.04552, +940.000, +159.000,  -8.000
1644246840, +3.00, +27.416,  +0.07339, +1024.000, +207.000, -154.000
1644246960, +3.00, +27.408,  +0.20964, +1024.000, +208.000, -158.000
1644247080, +3.00, +27.433,  +0.27157, +1011.000, +201.000, -120.000
1644247200, +3.00, +27.416,  +0.39543, +1016.000, +206.000, -138.000
1644247320, +3.00, +27.408,  +0.50381, +1030.000, +211.000, -168.000
1644247440, +3.00, +27.408,  +0.59671, +937.000, +161.000,  -5.000
1644247560, +3.00, +27.408,  +0.98069, +992.000, +188.000, -64.000
1644247680, +3.00, +27.400,  +1.29654, +992.000, +188.000, -60.000
1644247800, +3.00, +27.391,  +1.99327, +1043.000, +168.000, -178.000
1644247920, +3.00, +27.408,  +2.67452, +1016.000, +200.000, -120.000
1644248040, +3.00, +27.400,  +3.29693, +995.000, +192.000, -72.000
1644248160, +3.00, +27.416,  +4.65324, +940.000, +160.000,  -8.000
1644248280, +3.00, +27.391,  +5.49551, +1008.000, +198.000, -104.000
1644248400, +3.00, +27.383,  +6.07147, +1004.000, +193.000, -96.000
1644248520, +3.00, +27.375,  +6.39971, +1008.000, +200.000, -104.000
1644248640, +3.00, +27.375,  +7.58570, +1041.000, +207.000, -208.000
1644248760, +3.00, +27.391,  +9.41268, +1020.000, +200.000, -136.000
1644248880, +3.00, +27.391, +10.88047, +1008.000, +199.000, -104.000
1644249000, +3.00, +27.383, +11.50288, +1027.000, +206.000, -154.000
1644249120, +3.00, +27.383, +13.49708, +1014.000, +204.000, -120.000
1644249240, +3.00, +27.391, +14.62423, +940.000, +163.000,  -8.000
1644249360, +3.00, +27.383, +16.63701, +1039.000, +211.000, -200.000
1644249480, +3.00, +27.383, +20.37149, +1008.000, +200.000, -106.000
1644249600, +3.00, +27.400, +22.89521, +1012.000, +200.000, -114.000
1644249720, +3.00, +27.400, +26.98270, +988.000, +184.000, -48.000
1644249840, +3.00, +27.408, +27.49983, +1043.000, +198.000, -208.000
1644249960, +3.00, +27.416, +26.00108, +1011.000, +200.000, -116.000
1644250080, +3.00, +27.400, +22.47407, +1016.000, +204.000, -132.000
1644250200, +3.00, +27.416, +23.13365, +1008.000, +199.000, -104.000
1644250320, +3.00, +27.400, +21.54200, +1008.000, +195.000, -98.000
1644250440, +3.00, +27.416, +21.40266, +1008.000, +199.000, -104.000
1644250560, +3.00, +27.408, +23.44640, +1014.000, +204.000, -120.000
1644250680, +3.00, +27.400, +26.35719, +1008.000, +196.000, -100.000
1644250800, +3.00, +27.408, +26.88361, +1008.000, +196.000, -98.000
1644250920, +3.00, +27.391, +25.18358, +1008.000, +192.000, -96.000
1644251040, +3.00, +27.383, +24.21435, +1008.000, +200.000, -109.000
1644251160, +3.00, +27.408, +22.37808, +1041.000, +172.000, -185.000
1644251280, +3.00, +27.383, +21.76496, +1038.000, +211.000, -202.000
1644251400, +3.00, +27.400, +21.87024, +1044.000, +184.000, -204.000
1644251520, +3.00, +27.400, +21.31905, +937.000, +163.000,  -8.000
1644251640, +3.00, +27.408, +22.55458, +1011.000, +200.000, -112.000
1644251760, +3.00, +27.391, +23.27609, +939.000, +161.000,  -8.000
1644251880, +3.00, +27.391, +23.44021, +1014.000, +200.000, -116.000
1644252000, +3.00, +27.383, +24.29486, +940.000, +161.000,  -5.000
1644252120, +3.00, +27.367, +25.19597, +937.000, +163.000,  -9.000
1644252240, +3.00, +27.359, +27.09108, +940.000, +161.000,  -8.000
1644252360, +3.00, +27.391, +27.13134, +937.000, +166.000,  -4.000
1644252480, +3.00, +27.383, +28.57434, +968.000, +174.000, -25.000
1644252600, +3.00, +27.383, +27.12514, +1008.000, +198.000, -104.000
1644252720, +3.00, +27.391, +27.81878, +1009.000, +198.000, -104.000
1644252840, +3.00, +27.391, +30.23721, +940.000, +160.000,  -8.000
1644252960, +3.00, +27.383, +29.47545, +1030.000, +209.000, -168.000
1644253080, +3.00, +27.383, +28.56196, +1008.000, +195.000, -104.000
1644253200, +3.00, +27.375, +31.67093, +1008.000, +196.000, -98.000
1644253320, +3.00, +27.359, +29.70150, +1020.000, +206.000, -141.000
1644253440, +3.00, +27.383, +29.15650, +1043.000, +176.000, -189.000
1644253560, +3.00, +27.383, +29.18127, +1016.000, +200.000, -125.000
1644253680, +3.00, +27.383, +27.79091, +940.000, +163.000,  -8.000
1644253800, +3.00, +27.359, +28.79420, +1008.000, +200.000, -112.000
1644253920, +3.00, +27.383, +32.07039, +998.000, +192.000, -74.000
1644254040, +3.00, +27.375, +38.00963, +1016.000, +204.000, -136.000
1644254160, +3.00, +27.375, +38.54844, +1008.000, +198.000, -104.000
1644254280, +3.00, +27.359, +38.59489, +1004.000, +192.000, -89.000
1644254400, +3.00, +27.375, +37.67830, +1025.000, +208.000, -156.000
1644254520, +3.00, +27.367, +41.08144, +947.000, +166.000,  -8.000
1644254640, +3.00, +27.359, +43.34814, +1043.000, +195.000, -208.000
1644254760, +3.00, +27.375, +46.79464, +1024.000, +206.000, -144.000
1644254880, +3.00, +27.391, +50.91000, +1040.000, +169.000, -153.000
1644255000, +3.00, +27.400, +54.24502, +1008.000, +199.000, -100.000
1644255120, +3.00, +27.375, +49.61872, +1044.000, +184.000, -196.000
1644255240, +3.00, +27.375, +44.23377, +1016.000, +204.000, -125.000
1644255360, +3.00, +27.391, +45.05436, +1009.000, +198.000, -109.000
1644255480, +3.00, +27.391, +41.33536, +1011.000, +198.000, -100.000
1644255600, +3.00, +27.375, +38.05918, +1008.000, +198.000, -98.000
1644255720, +3.00, +27.375, +36.16407, +1043.000, +208.000, -208.000
1644255840, +3.00, +27.375, +35.48282, +1043.000, +204.000, -208.000
1644255960, +3.00, +27.375, +35.34657, +940.000, +160.000,  -8.000
1644256080, +3.00, +27.367, +36.79577, +1016.000, +204.000, -122.000
1644256200, +3.00, +27.350, +42.19312, +1011.000, +198.000, -112.000
1644256320, +3.00, +27.350, +47.38299, +1020.000, +207.000, -144.000
1644256440, +3.00, +27.359, +61.51270, +1040.000, +208.000, -200.000
1644256560, +3.00, +27.342, +63.74534, +1040.000, +208.000, -200.000
1644256680, +3.00, +27.359, +60.53418, +1031.000, +216.000, -184.000
1644256800, +3.00, +27.359, +54.67854, +1008.000, +198.000, -104.000
1644256920, +3.00, +27.350, +53.55139, +1006.000, +195.000, -98.000
1644257040, +3.00, +27.359, +54.13354, +1008.000, +195.000, -98.000
1644257160, +3.00, +27.367, +55.81499, +1031.000, +211.000, -178.000
1644257280, +3.00, +27.359, +53.80221, +1016.000, +200.000, -128.000
1644257400, +3.00, +27.342, +52.52951, +1003.000, +192.000, -92.000
1644257520, +3.00, +27.367, +49.02728, +942.000, +161.000,  -8.000
1644257640, +3.00, +27.350, +52.05264, +944.000, +160.000, -13.000
1644257760, +3.00, +27.350, +57.95163, +1011.000, +199.000, -109.000
1644257880, +3.00, +27.367, +50.20398, +979.000, +182.000, -36.000
1644258000, +3.00, +27.375, +48.82910, +1008.000, +196.000, -104.000
1644258120, +3.00, +27.391, +44.65490, +1025.000, +208.000, -154.000
1644258240, +3.00, +27.375, +76.50946, +1011.000, +196.000, -112.000
1644258360, +3.00, +27.400, +56.71919, +1043.000, +166.000, -167.000
1644258480, +3.00, +27.375, +53.55758, +1008.000, +198.000, -100.000
1644258600, +3.00, +27.375, +49.82310, +1024.000, +206.000, -144.000
1644258720, +3.00, +27.400, +47.81961, +1000.000, +192.000, -80.000
1644258840, +3.00, +27.408, +43.61755, +1008.000, +196.000, -100.000
1644258960, +3.00, +27.408, +59.21194, +1008.000, +200.000, -106.000
1644259080, +3.00, +27.424, +56.59842, +1030.000, +209.000, -168.000
1644259200, +3.00, +27.441, +50.64369, +1008.000, +196.000, -104.000
1644259320, +3.00, +27.466, +61.54057, +1008.000, +198.000, -100.000
1644259440, +3.00, +27.466, +50.26591, +1006.000, +195.000, -100.000
1644259560, +3.00, +27.474, +44.59607, +1009.000, +199.000, -120.000
1644259680, +3.00, +27.466, +79.67107, +1003.000, +192.000, -89.000
1644259800, +3.00, +27.499, +52.18579, +1004.000, +195.000, -92.000
1644259920, +3.00, +27.482, +58.78771, +992.000, +184.000, -64.000
1644260040, +3.00, +27.490, +46.08552, +988.000, +184.000, -56.000
1644260160, +3.00, +27.515, +60.45677, +939.000, +160.000,  -8.000
1644260280, +3.00, +27.532, +58.09717, +937.000, +164.000,  -8.000
1644260400, +3.00, +27.548, +69.87967, +939.000, +163.000, -10.000
1644260520, +3.00, +27.573, +113.94405, +1012.000, +198.000, -116.000
1644260640, +3.00, +27.581, +70.54234, +944.000, +163.000,  -8.000
1644260760, +3.00, +27.622, +104.10621, +937.000, +163.000,  -8.000
1644260880, +3.00, +27.630, +48.09830, +940.000, +163.000,  -8.000
1644261000, +3.00, +27.630, +131.20751, +940.000, +160.000,  -7.000
1644261120, +3.00, +27.622, +68.09913, +940.000, +163.000,  -8.000
1644261240, +3.00, +27.663, +106.77546, +1004.000, +195.000, -93.000
1644261360, +3.00, +27.704, +88.58613, +1006.000, +198.000, -96.000
1644261480, +3.00, +27.721, +69.00953, +1011.000, +195.000, -106.000
1644261600, +3.00, +27.762, +90.40383, +1004.000, +198.000, -96.000
1644261720, +3.00, +27.779, +176.87282, +1007.000, +192.000, -96.000
1644261840, +3.00, +27.787, +118.05322, +940.000, +159.000,  -8.000
1644261960, +3.00, +27.803, +109.10409, +1008.000, +198.000, -103.000
1644262080, +3.00, +27.811, +150.30723, +1008.000, +196.000, -100.000
1644262200, +3.00, +27.844, +74.90233, +1008.000, +198.000, -111.000
1644262320, +3.00, +27.853, +115.70601, +1006.000, +196.000, -104.000
1644262440, +3.00, +27.861, +134.44653, +940.000, +161.000,  -8.000
1644262560, +3.00, +27.885, +87.91727, +940.000, +164.000,  -8.000
1644262680, +3.00, +27.894, +96.35546, +940.000, +163.000,  -8.000
1644262800, +3.00, +27.918, +71.76549, +937.000, +163.000,  -8.000
1644262920, +3.00, +27.902, +82.38987, +940.000, +163.000,  -8.000
1644263040, +3.00, +27.943, +61.94622, +940.000, +160.000,  -4.000
1644263160, +3.00, +27.943, +109.08861, +937.000, +163.000,  -7.000
1644263280, +3.00, +27.968, +89.11874, +940.000, +160.000,  -8.000
1644263400, +3.00, +28.000, +106.10660, +940.000, +161.000,  -4.000
1644263520, +3.00, +28.000, +123.16877, +940.000, +163.000,  -4.000
1644263640, +3.00, +28.033, +117.27907, +940.000, +161.000,  -8.000
1644263760, +3.00, +28.042, +170.31735, +939.000, +161.000,  -7.000
1644263880, +3.00, +28.042, +142.90949, +940.000, +163.000,  -7.000
1644264000, +3.00, +28.066, +137.15914, +940.000, +163.000,  -8.000
1644264120, +3.00, +28.066, +127.55044, +940.000, +161.000,  -4.000
1644264240, +3.00, +28.091, +174.06112, +940.000, +163.000,  -8.000
1644264360, +3.00, +28.091, +131.89495, +940.000, +163.000,  -8.000
1644264480, +3.00, +28.115, +134.37221, +939.000, +163.000,  -8.000
1644264600, +3.00, +28.148, +110.50375, +940.000, +163.000,  -8.000
1644264720, +3.00, +28.156, +140.63351, +940.000, +161.000,  -7.000
1644264840, +3.00, +28.156, +142.65248, +940.000, +161.000,  -7.000
1644264960, +3.00, +28.165, +156.04520, +943.000, +161.000,  -8.000
1644265080, +3.00, +28.189, +156.88128, +940.000, +163.000,  -8.000
1644265200, +3.00, +28.189, +169.08182, +940.000, +161.000,  -4.000
1644265320, +3.00, +28.206, +195.41826, +940.000, +163.000,  -8.000
1644265440, +3.00, +28.189, +180.03443, +940.000, +163.000,  -8.000
1644265560, +3.00, +28.206, +238.94693, +940.000, +166.000,  -4.000
1644265680, +3.00, +28.206, +153.78160, +940.000, +161.000,  -2.000
1644265800, +3.00, +28.214, +170.42883, +937.000, +161.000,  -8.000
1644265920, +3.00, +28.189, +157.00824, +940.000, +163.000,  -4.000
1644266040, +3.00, +28.230, +153.50291, +937.000, +161.000,  -8.000
1644266160, +3.00, +28.222, +165.79944, +937.000, +161.000,  -4.000
1644266280, +3.00, +28.230, +137.93019, +940.000, +163.000,  -8.000
