7530-428102
OS REV: 1.05 Sensor Cal: 1572940800
Time (sec),  Bat (Volts),   T (deg C),  PAR (umol/(s m^2))  Ax (g), Ay (g), Az (g)
1654268760, +2.83, +24.322,  -0.02880, +1019.000, +192.000, +388.000
1654268880, +2.83, +24.296,  -0.04118, +1020.000, +184.000, +390.000
1654269000, +2.83, +24.296,  -0.02261, +1015.000, +184.000, +388.000
1654269120, +2.83, +24.313,  -0.03189, +1008.000, +184.000, +391.000
1654269240, +2.83, +24.288,  -0.02880, +992.000, +177.000, +384.000
1654269360, +2.83, +24.288,  -0.05047, +995.000, +176.000, +387.000
1654269480, +2.83, +24.296,  -0.02880, +1055.000, +208.000, +342.000
1654269600, +2.83, +24.296,  -0.04118, +1041.000, +198.000, +368.000
1654269720, +2.83, +24.313,  -0.01022, +1032.000, +193.000, +377.000
1654269840, +2.83, +24.296,  -0.00403, +1036.000, +193.000, +376.000
1654269960, +2.83, +24.296,  -0.06905, +1011.000, +188.000, +391.000
1654270080, +2.83, +24.322,  -0.02261, +1008.000, +184.000, +392.000
1654270200, +2.83, +24.280,  -0.08454, +992.000, +176.000, +390.000
1654270320, +2.83, +24.296,  -0.01951, +1048.000, +204.000, +353.000
1654270440, +2.83, +24.313,  -0.03499, +1041.000, +200.000, +364.000
1654270560, +2.83, +24.288,  -0.04428, +1016.000, +188.000, +391.000
1654270680, +2.83, +24.313,  +0.01146, +1016.000, +188.000, +387.000
1654270800, +2.83, +24.330,  -0.00712, +1057.000, +211.000, +332.000
1654270920, +2.83, +24.313,  -0.03499, +1072.000, +217.000, +304.000
1654271040, +2.83, +24.313,  -0.04118, +1046.000, +204.000, +360.000
1654271160, +2.83, +24.280,  -0.01951, +1063.000, +212.000, +321.000
1654271280, +2.83, +24.305,  +0.00526, +1033.000, +196.000, +376.000
1654271400, +2.83, +24.288,  -0.02261, +1043.000, +200.000, +368.000
1654271520, +2.83, +24.305,  -0.01641, +1056.000, +209.000, +336.000
1654271640, +2.83, +24.330,  -0.00403, +1059.000, +206.000, +339.000
1654271760, +2.83, +24.313,  +0.01455, +1043.000, +200.000, +364.000
1654271880, +2.83, +24.305,  -0.04738, +998.000, +176.000, +390.000
1654272000, +2.83, +24.313,  -0.05667, +1024.000, +192.000, +384.000
1654272120, +2.83, +24.313,  +0.02384, +1054.000, +206.000, +342.000
1654272240, +2.83, +24.305,  +0.02075, +1048.000, +204.000, +355.000
1654272360, +2.83, +24.313,  -0.04118, +999.000, +176.000, +390.000
1654272480, +2.83, +24.296,  -0.00403, +1036.000, +198.000, +371.000
1654272600, +2.83, +24.288,  -0.03499, +1052.000, +208.000, +348.000
1654272720, +2.83, +24.305,  -0.05976, +1070.000, +216.000, +312.000
1654272840, +2.83, +24.305,  -0.03499, +1055.000, +206.000, +344.000
1654272960, +2.83, +24.305,  +0.05791, +1043.000, +200.000, +364.000
1654273080, +2.83, +24.296,  -0.02261, +1039.000, +198.000, +369.000
1654273200, +2.83, +24.280,  +0.01455, +1063.000, +212.000, +326.000
1654273320, +2.83, +24.296,  +0.05171, +1055.000, +206.000, +348.000
1654273440, +2.83, +24.322,  -0.00712, +1004.000, +182.000, +390.000
1654273560, +2.83, +24.305,  -0.02261, +1031.000, +192.000, +380.000
1654273680, +2.83, +24.280,  -0.02261, +1027.000, +192.000, +384.000
1654273800, +2.83, +24.313,  +0.07339, +1040.000, +200.000, +368.000
1654273920, +2.83, +24.280,  +0.02075, +1024.000, +192.000, +387.000
1654274040, +2.83, +24.280,  -0.01951, +1048.000, +204.000, +352.000
1654274160, +2.83, +24.305,  +0.01765, +1016.000, +184.000, +390.000
1654274280, +2.83, +24.305,  -0.01641, +1059.000, +208.000, +328.000
1654274400, +2.83, +24.296,  +0.01146, +1059.000, +209.000, +326.000
1654274520, +2.83, +24.305,  -0.01641, +1033.000, +196.000, +371.000
1654274640, +2.83, +24.322,  -0.03809, +1056.000, +209.000, +336.000
1654274760, +2.83, +24.305,  -0.03499, +1006.000, +184.000, +392.000
1654274880, +2.83, +24.322,  -0.01022, +992.000, +177.000, +384.000
1654275000, +2.83, +24.322,  +0.03623, +998.000, +180.000, +392.000
1654275120, +2.83, +24.322,  -0.06596, +1016.000, +184.000, +390.000
1654275240, +2.83, +24.313,  +0.01455, +1068.000, +216.000, +307.000
1654275360, +2.83, +24.313,  -0.07215, +1031.000, +192.000, +380.000
1654275480, +2.83, +24.296,  +0.01765, +1004.000, +182.000, +392.000
1654275600, +2.83, +24.313,  -0.00403, +1049.000, +204.000, +352.000
1654275720, +2.83, +24.296,  -0.02880, +1030.000, +192.000, +380.000
1654275840, +2.83, +24.305,  +0.05481, +995.000, +179.000, +391.000
1654275960, +2.83, +24.296,  -0.02261, +1020.000, +192.000, +387.000
1654276080, +2.83, +24.296,  -0.01951, +1052.000, +204.000, +348.000
1654276200, +2.83, +24.296,  -0.01641, +1040.000, +200.000, +366.000
1654276320, +2.83, +24.271,  +0.00836, +1039.000, +198.000, +368.000
1654276440, +2.83, +24.263,  +0.02694, +1028.000, +192.000, +384.000
1654276560, +2.83, +24.246,  -0.03189, +1059.000, +211.000, +332.000
1654276680, +2.83, +24.255,  -0.04428, +1046.000, +200.000, +360.000
1654276800, +2.83, +24.230,  -0.01332, +1036.000, +195.000, +376.000
1654276920, +2.83, +24.238,  -0.02261, +1046.000, +201.000, +360.000
1654277040, +2.83, +24.230,  +0.03623, +1043.000, +200.000, +360.000
1654277160, +2.83, +24.238,  +0.00217, +1046.000, +201.000, +364.000
1654277280, +2.83, +24.238,  +0.05171, +1056.000, +208.000, +340.000
1654277400, +2.83, +24.238,  +0.02694, +1063.000, +211.000, +321.000
1654277520, +2.83, +24.221,  -0.00093, +1062.000, +211.000, +326.000
1654277640, +2.83, +24.238,  -0.05667, +1056.000, +208.000, +334.000
1654277760, +2.83, +24.255,  -0.01641, +1016.000, +192.000, +390.000
1654277880, +2.83, +24.238,  -0.03189, +1063.000, +216.000, +324.000
1654278000, +2.83, +24.238,  -0.06286, +1063.000, +212.000, +324.000
1654278120, +2.83, +24.255,  -0.03189, +1046.000, +200.000, +359.000
1654278240, +2.83, +24.213,  -0.01332, +1030.000, +192.000, +380.000
1654278360, +2.83, +24.246,  -0.04738, +1024.000, +192.000, +384.000
1654278480, +2.83, +24.255,  +0.02075, +1046.000, +200.000, +360.000
1654278600, +2.83, +24.263,  +0.03004, +1043.000, +200.000, +360.000
1654278720, +2.83, +24.271,  +0.01146, +1044.000, +204.000, +358.000
1654278840, +2.83, +24.296,  -0.01022, +1039.000, +198.000, +368.000
1654278960, +2.83, +24.271,  +0.00217, +1051.000, +204.000, +352.000
1654279080, +2.83, +24.296,  +0.01765, +1024.000, +192.000, +385.000
1654279200, +2.83, +24.296,  +0.02384, +1041.000, +201.000, +368.000
1654279320, +2.83, +24.313,  -0.05047, +1027.000, +193.000, +384.000
1654279440, +2.83, +24.313,  -0.02880, +992.000, +177.000, +387.000
1654279560, +2.83, +24.347,  -0.03499, +1008.000, +184.000, +390.000
1654279680, +2.83, +24.322,  +0.02694, +1024.000, +192.000, +387.000
1654279800, +2.83, +24.330,  +0.01146, +1055.000, +206.000, +344.000
1654279920, +2.83, +24.305,  -0.03809, +1016.000, +184.000, +390.000
1654280040, +2.83, +24.338,  +0.04862, +1049.000, +204.000, +352.000
1654280160, +2.83, +24.338,  -0.03499, +1039.000, +195.000, +372.000
1654280280, +2.83, +24.322,  -0.01022, +1000.000, +182.000, +392.000
1654280400, +2.83, +24.330,  -0.05667, +1008.000, +184.000, +391.000
1654280520, +2.83, +24.322,  +0.01146, +1011.000, +184.000, +392.000
1654280640, +2.83, +24.322,  -0.01951, +1040.000, +199.000, +368.000
1654280760, +2.83, +24.288,  +0.01146, +1068.000, +216.000, +318.000
1654280880, +2.83, +24.296,  +0.01765, +1072.000, +220.000, +304.000
1654281000, +2.83, +24.280,  -0.00093, +1041.000, +199.000, +364.000
1654281120, +2.83, +24.263,  +0.02694, +1054.000, +208.000, +342.000
1654281240, +2.83, +24.263,  -0.02261, +1054.000, +207.000, +344.000
1654281360, +2.83, +24.263,  -0.03189, +1014.000, +188.000, +390.000
1654281480, +2.83, +24.238,  +0.02694, +1072.000, +220.000, +304.000
1654281600, +2.83, +24.238,  +0.01765, +1070.000, +220.000, +304.000
1654281720, +2.83, +24.196,  +0.01146, +1056.000, +208.000, +336.000
1654281840, +2.83, +24.205,  +0.01455, +1030.000, +192.000, +380.000
1654281960, +2.83, +24.171,  +0.02694, +1072.000, +216.000, +310.000
1654282080, +2.83, +24.196,  -0.05357, +1088.000, +231.000, +252.000
1654282200, +2.83, +24.180,  -0.04428, +1072.000, +220.000, +304.000
1654282320, +2.83, +24.130,  -0.05357, +1064.000, +214.000, +320.000
1654282440, +2.83, +24.130,  -0.01951, +1070.000, +216.000, +304.000
1654282560, +2.83, +24.138,  +0.04242, +1068.000, +216.000, +312.000
1654282680, +2.83, +24.130,  -0.05357, +1059.000, +208.000, +328.000
1654282800, +2.83, +24.105,  -0.03499, +1072.000, +220.000, +304.000
1654282920, +2.83, +24.096,  -0.02880, +1094.000, +232.000, +236.000
1654283040, +2.83, +24.071,  -0.05357, +1080.000, +224.000, +280.000
1654283160, +2.83, +24.055,  -0.04738, +1073.000, +216.000, +300.000
1654283280, +2.83, +24.046,  +0.00526, +1080.000, +224.000, +280.000
1654283400, +2.83, +24.055,  +0.05171, +1075.000, +220.000, +296.000
1654283520, +2.83, +24.055,  +0.00217, +1070.000, +216.000, +312.000
1654283640, +2.83, +24.055,  +0.00526, +1088.000, +230.000, +257.000
1654283760, +2.83, +24.063,  -0.00712, +1088.000, +230.000, +248.000
1654283880, +2.83, +24.046,  -0.00093, +1078.000, +224.000, +286.000
1654284000, +2.83, +24.063,  +0.02075, +1068.000, +216.000, +312.000
1654284120, +2.83, +24.038,  -0.02880, +1075.000, +224.000, +284.000
1654284240, +2.83, +24.038,  -0.05357, +1080.000, +224.000, +284.000
1654284360, +2.83, +24.063,  -0.02570, +1075.000, +220.000, +294.000
1654284480, +2.83, +24.055,  -0.01641, +1072.000, +216.000, +304.000
1654284600, +2.83, +24.055,  -0.00712, +1080.000, +227.000, +275.000
1654284720, +2.83, +24.046,  -0.00093, +1040.000, +204.000, +360.000
1654284840, +2.83, +24.046,  -0.01022, +1084.000, +227.000, +268.000
1654284960, +2.83, +24.046,  -0.03189, +1063.000, +211.000, +326.000
1654285080, +2.83, +24.063,  -0.00093, +1096.000, +230.000, +230.000
1654285200, +2.83, +24.055,  +0.03313, +1091.000, +230.000, +240.000
1654285320, +2.83, +24.071,  -0.02880, +1080.000, +224.000, +284.000
1654285440, +2.83, +24.063,  -0.01332, +1060.000, +212.000, +328.000
1654285560, +2.83, +24.080,  -0.04428, +1097.000, +224.000, +220.000
1654285680, +2.83, +24.088,  +0.02694, +1064.000, +216.000, +320.000
1654285800, +2.83, +24.063,  -0.01951, +1100.000, +224.000, +220.000
1654285920, +2.83, +24.088,  -0.04428, +1068.000, +216.000, +307.000
1654286040, +2.83, +24.096,  -0.00712, +1057.000, +209.000, +332.000
1654286160, +2.83, +24.088,  -0.05667, +1072.000, +216.000, +304.000
1654286280, +2.83, +24.071,  +0.01455, +1070.000, +216.000, +312.000
1654286400, +2.83, +24.096,  -0.05667, +1052.000, +208.000, +344.000
1654286520, +2.83, +24.088,  +0.01765, +1075.000, +220.000, +288.000
1654286640, +2.83, +24.096,  +0.04862, +1072.000, +216.000, +295.000
1654286760, +2.83, +24.063,  -0.02261, +1076.000, +224.000, +280.000
1654286880, +2.83, +24.046,  -0.06286, +1091.000, +232.000, +240.000
1654287000, +2.83, +24.071,  -0.00712, +1087.000, +230.000, +256.000
1654287120, +2.83, +24.038,  +0.03313, +1070.000, +216.000, +307.000
1654287240, +2.83, +24.055,  +0.05171, +1080.000, +224.000, +280.000
1654287360, +2.83, +24.030,  +0.02075, +1088.000, +230.000, +248.000
1654287480, +2.83, +24.030,  -0.00403, +1088.000, +232.000, +252.000
1654287600, +2.83, +23.971,  +4.59440, +1086.000, +227.000, +259.000
1654287720, +2.83, +23.996,  +4.86380, +1086.000, +227.000, +262.000
1654287840, +2.83, +23.971,  +4.86071, +1049.000, +204.000, +352.000
1654287960, +2.83, +23.980,  +4.82664, +1081.000, +224.000, +272.000
1654288080, +2.83, +23.980,  +4.78639, +1072.000, +217.000, +296.000
1654288200, +2.83, +23.980,  +4.73065, +1088.000, +227.000, +256.000
1654288320, +2.83, +23.971,  +4.65633, +1087.000, +230.000, +248.000
1654288440, +2.83, +23.980,  +4.70588, +1072.000, +224.000, +294.000
1654288560, +2.83, +23.963,  +4.69659, +1086.000, +230.000, +260.000
1654288680, +2.83, +23.988,  +4.73684, +1097.000, +228.000, +224.000
1654288800, +2.83, +23.988,  +4.66872, +1048.000, +204.000, +352.000
1654288920, +2.83, +23.988,  +4.67491, +1063.000, +216.000, +321.000
1654289040, +2.83, +23.996,  +4.69039, +1099.000, +224.000, +220.000
1654289160, +2.83, +24.005,  +4.74304, +1080.000, +224.000, +268.000
1654289280, +2.83, +24.013,  +4.69039, +1091.000, +231.000, +240.000
1654289400, +2.83, +24.021,  +4.62846, +1072.000, +224.000, +297.000
1654289520, +2.83, +24.013,  +4.69659, +1072.000, +220.000, +295.000
1654289640, +2.83, +24.013,  +4.66872, +1094.000, +231.000, +232.000
1654289760, +2.83, +24.046,  +4.60059, +1055.000, +208.000, +344.000
1654289880, +2.83, +24.046,  +4.66562, +1092.000, +230.000, +231.000
1654290000, +2.83, +24.055,  +4.69039, +1094.000, +228.000, +236.000
1654290120, +2.83, +24.046,  +4.62846, +1068.000, +216.000, +312.000
1654290240, +2.83, +24.063,  +4.68730, +1080.000, +224.000, +276.000
1654290360, +2.83, +24.071,  +4.64395, +1102.000, +216.000, +224.000
1654290480, +2.83, +24.063,  +4.63156, +1075.000, +224.000, +295.000
1654290600, +2.83, +24.071,  +4.63466, +1076.000, +224.000, +294.000
1654290720, +2.83, +24.046,  +4.60369, +1064.000, +214.000, +320.000
1654290840, +2.83, +24.063,  +4.60679, +1091.000, +230.000, +240.000
1654290960, +2.83, +24.063,  +4.56963, +1072.000, +216.000, +300.000
1654291080, +2.83, +24.063,  +4.65633, +1073.000, +224.000, +292.000
1654291200, +2.83, +24.013,  +4.67491, +1070.000, +220.000, +304.000
1654291320, +2.83, +24.055,  +4.68730, +1048.000, +206.000, +352.000
1654291440, +2.83, +24.030,  +4.60369, +1078.000, +224.000, +284.000
1654291560, +2.83, +24.046,  +4.68420, +1073.000, +224.000, +294.000
1654291680, +2.83, +24.055,  +4.58511, +1072.000, +216.000, +304.000
1654291800, +2.83, +24.046,  +4.65014, +1072.000, +220.000, +304.000
1654291920, +2.83, +24.046,  +4.59750, +1080.000, +224.000, +272.000
1654292040, +2.83, +24.055,  +4.68111, +1102.000, +206.000, +228.000
1654292160, +2.83, +24.030,  +4.58511, +1084.000, +225.000, +263.000
1654292280, +2.83, +24.038,  +4.66562, +1094.000, +231.000, +231.000
1654292400, +2.83, +24.046,  +4.63156, +1072.000, +224.000, +294.000
1654292520, +2.83, +24.046,  +4.69968, +1084.000, +227.000, +262.000
1654292640, +2.83, +24.046,  +4.68111, +1072.000, +220.000, +296.000
1654292760, +2.83, +24.013,  +4.63156, +1080.000, +224.000, +272.000
1654292880, +2.83, +24.030,  +4.66872, +1065.000, +216.000, +318.000
1654293000, +2.83, +24.030,  +4.61608, +1075.000, +224.000, +288.000
1654293120, +2.83, +24.021,  +4.60988, +1072.000, +220.000, +304.000
1654293240, +2.83, +24.030,  +4.63156, +1100.000, +220.000, +220.000
1654293360, +2.83, +24.005,  +4.66872, +1086.000, +230.000, +256.000
1654293480, +2.83, +24.030,  +4.69039, +1095.000, +230.000, +236.000
1654293600, +2.83, +24.030,  +4.65633, +1068.000, +217.000, +312.000
1654293720, +2.83, +24.005,  +4.64085, +1068.000, +216.000, +314.000
1654293840, +2.83, +24.013,  +4.64395, +1096.000, +230.000, +230.000
1654293960, +2.83, +24.005,  +4.64085, +1100.000, +220.000, +220.000
1654294080, +2.83, +24.021,  +4.65014, +1087.000, +227.000, +256.000
1654294200, +2.83, +24.005,  +4.59750, +1103.000, +216.000, +224.000
1654294320, +2.83, +23.988,  +4.58821, +1080.000, +224.000, +276.000
1654294440, +2.83, +24.005,  +4.67801, +1068.000, +216.000, +312.000
1654294560, +2.83, +23.996,  +4.62846, +1096.000, +231.000, +230.000
1654294680, +2.83, +23.996,  +4.67182, +1075.000, +220.000, +292.000
1654294800, +2.83, +23.988,  +4.60679, +1084.000, +230.000, +252.000
1654294920, +2.83, +23.971,  +4.64085, +1083.000, +227.000, +262.000
1654295040, +2.83, +23.971,  +4.56344, +1089.000, +232.000, +240.000
1654295160, +2.83, +23.980,  +4.67182, +1089.000, +232.000, +243.000
1654295280, +2.83, +23.963,  +4.62846, +1100.000, +227.000, +224.000
1654295400, +2.83, +23.988,  +4.66253, +1072.000, +224.000, +296.000
1654295520, +2.83, +23.988,  +4.62537, +1064.000, +214.000, +320.000
1654295640, +2.83, +23.980,  +4.72446, +1072.000, +216.000, +295.000
1654295760, +2.83, +24.005,  +4.68730, +1068.000, +216.000, +312.000
1654295880, +2.83, +23.971,  +4.67491, +1072.000, +220.000, +291.000
1654296000, +2.83, +23.996,  +4.58511, +1100.000, +220.000, +220.000
1654296120, +2.83, +23.980,  +4.70278, +1073.000, +220.000, +296.000
1654296240, +2.83, +24.013,  +4.65324, +1073.000, +224.000, +291.000
1654296360, +2.83, +24.030,  +4.64395, +1088.000, +230.000, +243.000
1654296480, +2.83, +24.005,  +4.67491, +1102.000, +224.000, +216.000
1654296600, +2.83, +24.038,  +4.64704, +1080.000, +224.000, +272.000
1654296720, +2.83, +24.038,  +4.68730, +1086.000, +231.000, +252.000
1654296840, +2.83, +24.046,  +4.67182, +1080.000, +224.000, +280.000
1654296960, +2.83, +24.055,  +4.58511, +1087.000, +227.000, +264.000
1654297080, +2.83, +24.063,  +4.63775, +1072.000, +217.000, +304.000
1654297200, +2.83, +24.071,  +4.63775, +1055.000, +211.000, +339.000
1654297320, +2.83, +24.088,  +4.62846, +1099.000, +230.000, +224.000
1654297440, +2.83, +24.080,  +4.66562, +1072.000, +220.000, +296.000
1654297560, +2.83, +24.096,  +4.57272, +1064.000, +216.000, +320.000
1654297680, +2.83, +24.105,  +4.62846, +1070.000, +216.000, +304.000
1654297800, +2.83, +24.080,  +4.60679, +1070.000, +220.000, +304.000
1654297920, +2.83, +24.088,  +4.65014, +1070.000, +216.000, +310.000
1654298040, +2.83, +24.080,  +4.67801, +1068.000, +220.000, +304.000
1654298160, +2.83, +24.063,  +4.68420, +1096.000, +224.000, +216.000
1654298280, +2.83, +24.013,  +4.67801, +1072.000, +220.000, +295.000
1654298400, +2.83, +24.021,  +4.66253, +1084.000, +225.000, +264.000
1654298520, +2.83, +24.005,  +4.68730, +1103.000, +204.000, +224.000
1654298640, +2.83, +24.005,  +4.66872, +1087.000, +230.000, +248.000
1654298760, +2.83, +23.996,  +4.63775, +1100.000, +224.000, +216.000
1654298880, +2.83, +23.963,  +4.63775, +1081.000, +224.000, +272.000
1654299000, +2.83, +23.971,  +4.62846, +1075.000, +224.000, +288.000
1654299120, +2.83, +23.954,  +4.64704, +1096.000, +227.000, +220.000
1654299240, +2.83, +23.954,  +4.64704, +1086.000, +225.000, +264.000
1654299360, +2.83, +23.938,  +4.68730, +1102.000, +220.000, +220.000
1654299480, +2.83, +23.929,  +4.68420, +1087.000, +230.000, +259.000
1654299600, +2.83, +23.904,  +4.71207, +1094.000, +230.000, +236.000
1654299720, +2.83, +23.896,  +4.70588, +1104.000, +216.000, +220.000
1654299840, +2.83, +23.913,  +4.72446, +1100.000, +224.000, +220.000
1654299960, +2.83, +23.913,  +4.71826, +1100.000, +224.000, +217.000
1654300080, +2.83, +23.896,  +4.62846, +1096.000, +230.000, +226.000
1654300200, +2.83, +23.896,  +4.61298, +1100.000, +214.000, +224.000
1654300320, +2.83, +23.888,  +4.55105, +1072.000, +220.000, +304.000
1654300440, +2.83, +23.863,  +4.58511, +1100.000, +224.000, +220.000
1654300560, +2.83, +23.888,  +4.53557, +1100.000, +225.000, +220.000
1654300680, +2.83, +23.888,  +4.59440, +1100.000, +224.000, +220.000
1654300800, +2.83, +23.854,  +4.55724, +992.000, +176.000, +387.000
1654300920, +2.83, +23.871,  +4.57272, +991.000, +179.000, +385.000
1654301040, +2.83, +23.871,  +4.59750, +992.000, +179.000, +387.000
1654301160, +2.83, +23.871,  +4.58821, +993.000, +179.000, +387.000
1654301280, +2.83, +23.846,  +4.64085, +1102.000, +220.000, +217.000
1654301400, +2.83, +23.863,  +4.67182, +1084.000, +230.000, +259.000
1654301520, +2.83, +23.854,  +4.59750, +1070.000, +216.000, +304.000
1654301640, +2.83, +23.829,  +4.60059, +1087.000, +228.000, +248.000
1654301760, +2.83, +23.863,  +4.65324, +1100.000, +224.000, +220.000
1654301880, +2.83, +23.846,  +4.66253, +1086.000, +228.000, +259.000
1654302000, +2.83, +23.838,  +4.65943, +1072.000, +220.000, +300.000
1654302120, +2.83, +23.829,  +4.61608, +1087.000, +230.000, +248.000
1654302240, +2.83, +23.829,  +4.61917, +992.000, +180.000, +384.000
1654302360, +2.83, +23.838,  +4.60679, +1088.000, +231.000, +248.000
1654302480, +2.83, +23.829,  +4.56963, +1100.000, +188.000, +279.000
1654302600, +2.83, +23.829,  +4.60988, +1100.000, +227.000, +224.000
1654302720, +2.83, +23.821,  +4.70278, +1084.000, +230.000, +260.000
1654302840, +2.83, +23.804,  +4.61917, +1088.000, +228.000, +256.000
1654302960, +2.83, +23.804,  +4.63156, +1080.000, +224.000, +275.000
1654303080, +2.83, +23.813,  +4.55724, +991.000, +180.000, +384.000
1654303200, +2.83, +23.796,  +4.64085, +1100.000, +224.000, +220.000
1654303320, +2.83, +23.804,  +4.60059, +992.000, +177.000, +384.000
1654303440, +2.83, +23.813,  +4.61608, +1102.000, +206.000, +230.000
1654303560, +2.83, +23.796,  +4.54795, +1103.000, +214.000, +224.000
1654303680, +2.83, +23.804,  +4.64704, +1100.000, +214.000, +224.000
1654303800, +2.83, +23.763,  +4.54795, +992.000, +179.000, +387.000
1654303920, +2.83, +23.771,  +4.65943, +992.000, +177.000, +384.000
1654304040, +2.83, +23.771,  +4.60369, +1095.000, +228.000, +224.000
1654304160, +2.83, +23.763,  +4.58821, +990.000, +179.000, +384.000
1654304280, +2.83, +23.754,  +4.65943, +1081.000, +224.000, +273.000
1654304400, +2.83, +23.763,  +4.65324, +1102.000, +208.000, +228.000
1654304520, +2.83, +23.729,  +4.65014, +1004.000, +184.000, +392.000
1654304640, +2.83, +23.721,  +4.68730, +995.000, +179.000, +391.000
1654304760, +2.83, +23.712,  +4.73375, +1100.000, +227.000, +224.000
1654304880, +2.83, +23.696,  +4.72755, +1103.000, +200.000, +230.000
1654305000, +2.83, +23.704,  +4.76162, +1103.000, +192.000, +244.000
1654305120, +2.83, +23.729,  +4.61298, +992.000, +177.000, +387.000
1654305240, +2.83, +23.712,  +4.64085, +992.000, +179.000, +387.000
1654305360, +2.83, +23.704,  +4.61608, +992.000, +176.000, +384.000
1654305480, +2.83, +23.704,  +4.62537, +992.000, +177.000, +384.000
1654305600, +2.83, +23.679,  +4.57582, +992.000, +177.000, +385.000
1654305720, +2.83, +23.696,  +4.64395, +1102.000, +200.000, +228.000
1654305840, +2.83, +23.679,  +4.61298, +991.000, +177.000, +384.000
1654305960, +2.83, +23.679,  +4.59750, +1006.000, +184.000, +391.000
1654306080, +2.83, +23.687,  +4.60988, +992.000, +179.000, +387.000
1654306200, +2.83, +23.671,  +4.61298, +992.000, +179.000, +384.000
1654306320, +2.83, +23.654,  +4.63775, +992.000, +176.000, +384.000
1654306440, +2.83, +23.679,  +4.58821, +1103.000, +184.000, +252.000
1654306560, +2.83, +23.671,  +4.60679, +992.000, +179.000, +387.000
1654306680, +2.83, +23.671,  +4.63156, +992.000, +176.000, +385.000
1654306800, +2.83, +23.687,  +4.64395, +992.000, +177.000, +385.000
1654306920, +2.83, +23.671,  +4.63775, +1103.000, +216.000, +224.000
1654307040, +2.83, +23.654,  +4.68111, +1102.000, +216.000, +224.000
1654307160, +2.83, +23.646,  +4.60059, +1087.000, +230.000, +252.000
1654307280, +2.83, +23.662,  +4.59440, +992.000, +176.000, +387.000
1654307400, +2.83, +23.671,  +4.63156, +992.000, +176.000, +384.000
1654307520, +2.83, +23.671,  +4.61298, +992.000, +177.000, +384.000
1654307640, +2.83, +23.671,  +4.59750, +992.000, +179.000, +387.000
1654307760, +2.83, +23.704,  +4.59440, +992.000, +176.000, +385.000
1654307880, +2.83, +23.729,  +4.56034, +1080.000, +224.000, +275.000
1654308000, +2.83, +23.729,  +4.56963, +1102.000, +220.000, +220.000
1654308120, +2.83, +23.729,  +4.57582, +990.000, +179.000, +387.000
1654308240, +2.83, +23.737,  +4.65943, +992.000, +176.000, +382.000
1654308360, +2.83, +23.754,  +4.59750, +1100.000, +211.000, +224.000
1654308480, +2.83, +23.779,  +4.58821, +1102.000, +200.000, +226.000
1654308600, +2.83, +23.779,  +4.55415, +988.000, +177.000, +384.000
1654308720, +2.83, +23.813,  +4.61608, +1100.000, +214.000, +224.000
1654308840, +2.83, +23.821,  +4.55724, +1100.000, +208.000, +224.000
1654308960, +2.83, +23.821,  +4.51079, +1100.000, +216.000, +224.000
1654309080, +2.83, +23.838,  +4.60988, +1102.000, +200.000, +224.000
1654309200, +2.83, +23.863,  +4.49221, +1102.000, +208.000, +228.000
1654309320, +2.83, +23.846,  +4.52937, +1072.000, +216.000, +304.000
1654309440, +2.83, +23.871,  +4.64704, +1096.000, +226.000, +224.000
1654309560, +2.83, +23.871,  +4.60059, +1100.000, +208.000, +226.000
1654309680, +2.83, +23.888,  +4.55105, +1096.000, +230.000, +224.000
1654309800, +2.83, +23.871,  +4.62227, +991.000, +179.000, +384.000
1654309920, +2.83, +23.904,  +4.59130, +1094.000, +228.000, +236.000
1654310040, +2.83, +23.929,  +4.53557, +1086.000, +228.000, +252.000
1654310160, +2.83, +23.921,  +4.50770, +1100.000, +208.000, +228.000
1654310280, +2.83, +23.938,  +4.53247, +1097.000, +230.000, +224.000
1654310400, +2.83, +23.946,  +4.52937, +991.000, +182.000, +384.000
1654310520, +2.83, +23.929,  +4.58821, +992.000, +179.000, +384.000
1654310640, +2.83, +23.929,  +4.57272, +1100.000, +211.000, +224.000
1654310760, +2.83, +23.938,  +4.52628, +992.000, +179.000, +387.000
1654310880, +2.83, +23.954,  +4.54176, +992.000, +177.000, +384.000
1654311000, +2.83, +23.921,  +4.56034, +1103.000, +216.000, +224.000
1654311120, +2.83, +23.938,  +4.57272, +1080.000, +224.000, +280.000
1654311240, +2.83, +23.946,  +4.53557, +1078.000, +224.000, +288.000
1654311360, +2.83, +23.954,  +4.58201, +1097.000, +224.000, +217.000
1654311480, +2.83, +23.954,  +4.56344, +1097.000, +227.000, +224.000
1654311600, +2.83, +23.946,  +4.53557, +1100.000, +216.000, +224.000
1654311720, +2.83, +23.946,  +4.60059, +1092.000, +232.000, +236.000
1654311840, +2.83, +23.938,  +4.64395, +1088.000, +228.000, +252.000
1654311960, +2.83, +23.946,  +4.56034, +1081.000, +227.000, +268.000
1654312080, +2.83, +23.938,  +4.54795, +1087.000, +230.000, +256.000
1654312200, +2.83, +23.904,  +4.54176, +1072.000, +216.000, +300.000
1654312320, +2.83, +23.913,  +4.57582, +1103.000, +184.000, +271.000
1654312440, +2.83, +23.921,  +4.63156, +992.000, +179.000, +385.000
1654312560, +2.83, +23.929,  +4.57272, +1100.000, +224.000, +220.000
1654312680, +2.83, +23.938,  +4.56653, +1102.000, +206.000, +224.000
1654312800, +2.83, +23.913,  +4.57892, +1102.000, +216.000, +224.000
1654312920, +2.83, +23.921,  +4.56034, +1070.000, +216.000, +304.000
1654313040, +2.83, +23.904,  +4.60059, +1087.000, +230.000, +249.000
1654313160, +2.83, +23.929,  +4.60679, +1080.000, +224.000, +278.000
1654313280, +2.83, +23.938,  +4.55415, +992.000, +176.000, +384.000
1654313400, +2.83, +23.921,  +4.62537, +1062.000, +212.000, +328.000
1654313520, +2.83, +23.921,  +4.58821, +1063.000, +214.000, +320.000
1654313640, +2.83, +23.921,  +4.61298, +1103.000, +212.000, +224.000
1654313760, +2.83, +23.954,  +4.48602, +1075.000, +224.000, +289.000
1654313880, +2.83, +23.946,  +4.57272, +1087.000, +227.000, +248.000
1654314000, +2.83, +23.954,  +4.63775, +1102.000, +224.000, +216.000
1654314120, +2.83, +23.971,  +4.55415, +1100.000, +220.000, +216.000
1654314240, +2.83, +23.963,  +4.56344, +1102.000, +214.000, +224.000
1654314360, +2.83, +23.938,  +4.57582, +1092.000, +232.000, +231.000
1654314480, +2.83, +23.980,  +4.57272, +1084.000, +224.000, +264.000
1654314600, +2.83, +23.954,  +4.56344, +1102.000, +183.000, +271.000
1654314720, +2.83, +23.963,  +4.60988, +1080.000, +224.000, +275.000
1654314840, +2.83, +24.005,  +4.54176, +1084.000, +227.000, +268.000
1654314960, +2.83, +24.005,  +4.58201, +1100.000, +200.000, +224.000
1654315080, +2.83, +24.013,  +4.68420, +1080.000, +224.000, +275.000
1654315200, +2.83, +24.013,  +4.45505, +1068.000, +214.000, +313.000
1654315320, +2.83, +24.021,  +4.53557, +1092.000, +231.000, +232.000
1654315440, +2.83, +24.030,  +4.52318, +1080.000, +224.000, +275.000
1654315560, +2.83, +24.038,  +4.59130, +1100.000, +224.000, +220.000
1654315680, +2.83, +24.046,  +4.54176, +1068.000, +216.000, +312.000
1654315800, +2.83, +24.055,  +4.56653, +1072.000, +220.000, +291.000
1654315920, +2.83, +24.055,  +4.56653, +1073.000, +220.000, +300.000
1654316040, +2.83, +24.055,  +4.58821, +1079.000, +224.000, +280.000
1654316160, +2.83, +24.063,  +4.58821, +1068.000, +216.000, +310.000
1654316280, +2.83, +24.080,  +4.52628, +1080.000, +224.000, +284.000
1654316400, +2.83, +24.080,  +4.57892, +1072.000, +220.000, +300.000
1654316520, +2.83, +24.096,  +4.58821, +1062.000, +209.000, +326.000
1654316640, +2.83, +24.105,  +4.60059, +1030.000, +195.000, +376.000
1654316760, +2.83, +24.096,  +4.63466, +1060.000, +211.000, +328.000
1654316880, +2.83, +24.121,  +4.59130, +1068.000, +216.000, +312.000
1654317000, +2.83, +24.138,  +4.60988, +1068.000, +216.000, +312.000
1654317120, +2.83, +24.130,  +4.62537, +1072.000, +224.000, +294.000
1654317240, +2.83, +24.130,  +4.61298, +1071.000, +216.000, +307.000
1654317360, +2.83, +24.146,  +4.60679, +1070.000, +220.000, +304.000
1654317480, +2.83, +24.155,  +4.60679, +1072.000, +220.000, +304.000
1654317600, +2.83, +24.155,  +4.62846, +1048.000, +204.000, +356.000
1654317720, +2.83, +24.171,  +4.62227, +1055.000, +204.000, +344.000
1654317840, +2.83, +24.155,  +4.57582, +1080.000, +224.000, +275.000
1654317960, +2.83, +24.188,  +4.58821, +1070.000, +216.000, +304.000
1654318080, +2.83, +24.205,  +4.55724, +1091.000, +230.000, +240.000
1654318200, +2.83, +24.196,  +4.56344, +1048.000, +200.000, +358.000
1654318320, +2.83, +24.205,  +4.58511, +1064.000, +216.000, +318.000
1654318440, +2.83, +24.221,  -0.02261, +1057.000, +208.000, +339.000
1654318560, +2.83, +24.221,  -0.00712, +1072.000, +220.000, +304.000
1654318680, +2.83, +24.238,  +0.01146, +1064.000, +216.000, +313.000
1654318800, +2.83, +24.246,  -0.00403, +1075.000, +220.000, +296.000
1654318920, +2.83, +24.238,  -0.09073, +1039.000, +198.000, +368.000
1654319040, +2.83, +24.246,  -0.00712, +1046.000, +200.000, +361.000
1654319160, +2.83, +24.263,  -0.06286, +1052.000, +206.000, +352.000
1654319280, +2.83, +24.271,  +0.00526, +1078.000, +224.000, +284.000
1654319400, +2.83, +24.271,  -0.01332, +1055.000, +208.000, +336.000
1654319520, +2.83, +24.263,  -0.04118, +1059.000, +212.000, +334.000
1654319640, +2.83, +24.280,  -0.00712, +1057.000, +208.000, +335.000
1654319760, +2.83, +24.280,  -0.03809, +1052.000, +206.000, +352.000
1654319880, +2.83, +24.280,  +0.04552, +1056.000, +208.000, +336.000
1654320000, +2.83, +24.271,  -0.02570, +1008.000, +184.000, +391.000
1654320120, +2.83, +24.280,  -0.01332, +1032.000, +195.000, +376.000
1654320240, +2.83, +24.296,  -0.00403, +1048.000, +201.000, +360.000
1654320360, +2.83, +24.280,  -0.01022, +1046.000, +200.000, +360.000
1654320480, +2.83, +24.296,  -0.02570, +1055.000, +211.000, +344.000
1654320600, +2.83, +24.288,  +0.00217, +1072.000, +220.000, +300.000
1654320720, +2.83, +24.296,  -0.02570, +1046.000, +200.000, +363.000
1654320840, +2.83, +24.305,  -0.01951, +1043.000, +204.000, +360.000
1654320960, +2.83, +24.305,  -0.05976, +1044.000, +200.000, +360.000
1654321080, +2.83, +24.305,  -0.03189, +1056.000, +208.000, +336.000
1654321200, +2.83, +24.271,  -0.01951, +1068.000, +216.000, +316.000
1654321320, +2.83, +24.296,  +0.01455, +1054.000, +208.000, +344.000
1654321440, +2.83, +24.313,  -0.01332, +992.000, +176.000, +391.000
1654321560, +2.83, +24.280,  -0.04738, +1049.000, +204.000, +352.000
1654321680, +2.83, +24.296,  +0.03313, +1055.000, +206.000, +344.000
1654321800, +2.83, +24.288,  -0.05047, +1043.000, +204.000, +360.000
1654321920, +2.83, +24.280,  +0.06410, +1044.000, +200.000, +360.000
1654322040, +2.83, +24.296,  -0.01951, +1063.000, +212.000, +320.000
1654322160, +2.83, +24.280,  -0.03499, +1055.000, +208.000, +340.000
1654322280, +2.83, +24.288,  +0.00217, +1056.000, +208.000, +340.000
1654322400, +2.83, +24.296,  -0.07215, +1011.000, +184.000, +391.000
1654322520, +2.83, +24.280,  -0.03189, +1054.000, +211.000, +348.000
1654322640, +2.83, +24.296,  +0.02694, +1056.000, +208.000, +337.000
1654322760, +2.83, +24.305,  +0.01455, +1059.000, +211.000, +328.000
1654322880, +2.83, +24.296,  -0.00712, +1014.000, +184.000, +391.000
1654323000, +2.83, +24.296,  -0.01022, +1032.000, +198.000, +372.000
1654323120, +2.83, +24.280,  -0.03809, +1027.000, +192.000, +384.000
1654323240, +2.83, +24.296,  -0.00093, +1080.000, +226.000, +270.000
1654323360, +2.83, +24.280,  -0.03189, +1056.000, +207.000, +342.000
1654323480, +2.83, +24.288,  -0.08144, +1056.000, +208.000, +336.000
1654323600, +2.83, +24.288,  -0.04118, +1056.000, +207.000, +340.000
1654323720, +2.83, +24.296,  -0.00403, +1084.000, +231.000, +256.000
1654323840, +2.83, +24.305,  -0.00403, +1068.000, +216.000, +307.000
1654323960, +2.83, +24.288,  -0.02880, +1040.000, +200.000, +366.000
1654324080, +2.83, +24.305,  -0.06286, +1031.000, +192.000, +380.000
1654324200, +2.83, +24.305,  -0.07834, +1049.000, +208.000, +352.000
1654324320, +2.83, +24.305,  -0.03499, +1084.000, +228.000, +262.000
1654324440, +2.83, +24.305,  -0.03499, +1080.000, +224.000, +275.000
1654324560, +2.83, +24.296,  -0.02570, +1020.000, +192.000, +387.000
1654324680, +2.83, +24.313,  -0.04428, +1049.000, +204.000, +352.000
1654324800, +2.83, +24.271,  -0.03809, +999.000, +180.000, +391.000
1654324920, +2.83, +24.296,  +0.01455, +1065.000, +216.000, +313.000
1654325040, +2.83, +24.305,  -0.05976, +1048.000, +204.000, +352.000
1654325160, +2.83, +24.296,  -0.05976, +1008.000, +184.000, +392.000
1654325280, +2.83, +24.280,  -0.00093, +1039.000, +198.000, +368.000
1654325400, +2.83, +24.313,  -0.06286, +1055.000, +208.000, +337.000
1654325520, +2.83, +24.271,  -0.01951, +1080.000, +224.000, +276.000
1654325640, +2.83, +24.305,  -0.01022, +1040.000, +199.000, +366.000
1654325760, +2.83, +24.305,  -0.02880, +1020.000, +188.000, +387.000
1654325880, +2.83, +24.305,  -0.02261, +1048.000, +200.000, +356.000
1654326000, +2.83, +24.313,  +0.00217, +1027.000, +192.000, +384.000
1654326120, +2.83, +24.280,  +0.03004, +996.000, +176.000, +390.000
1654326240, +2.83, +24.296,  -0.01951, +1049.000, +204.000, +355.000
1654326360, +2.83, +24.313,  +0.04862, +1048.000, +200.000, +359.000
1654326480, +2.83, +24.296,  -0.04738, +1048.000, +204.000, +352.000
1654326600, +2.83, +24.322,  -0.03809, +1076.000, +224.000, +284.000
1654326720, +2.83, +24.322,  +0.00217, +1046.000, +204.000, +355.000
1654326840, +2.83, +24.322,  -0.02880, +1057.000, +209.000, +332.000
1654326960, +2.83, +24.322,  -0.03189, +1048.000, +204.000, +359.000
1654327080, +2.83, +24.313,  -0.10312, +1006.000, +184.000, +391.000
1654327200, +2.83, +24.305,  -0.00712, +1027.000, +193.000, +384.000
1654327320, +2.83, +24.322,  -0.06286, +1043.000, +199.000, +366.000
1654327440, +2.83, +24.305,  -0.01641, +1078.000, +224.000, +288.000
1654327560, +2.83, +24.305,  -0.03189, +1048.000, +206.000, +352.000
1654327680, +2.83, +24.305,  +0.01455, +1056.000, +209.000, +340.000
1654327800, +2.83, +24.313,  -0.01332, +995.000, +177.000, +391.000
1654327920, +2.83, +24.313,  -0.04738, +1048.000, +201.000, +360.000
1654328040, +2.83, +24.305,  -0.00403, +1064.000, +214.000, +323.000
1654328160, +2.83, +24.305,  -0.01641, +1022.000, +192.000, +384.000
1654328280, +2.83, +24.305,  -0.03499, +1032.000, +193.000, +380.000
1654328400, +2.83, +24.305,  -0.02570, +1059.000, +208.000, +335.000
1654328520, +2.83, +24.330,  -0.01641, +1062.000, +211.000, +328.000
1654328640, +2.83, +24.313,  -0.09692, +1072.000, +217.000, +304.000
1654328760, +2.83, +24.313,  -0.01641, +1036.000, +196.000, +372.000
1654328880, +2.83, +24.313,  -0.00093, +1001.000, +180.000, +390.000
1654329000, +2.83, +24.305,  +0.02384, +995.000, +177.000, +387.000
1654329120, +2.83, +24.313,  +0.01455, +1056.000, +208.000, +342.000
1654329240, +2.83, +24.305,  -0.05667, +1048.000, +206.000, +356.000
1654329360, +2.83, +24.305,  -0.01332, +1011.000, +188.000, +392.000
1654329480, +2.83, +24.322,  -0.08454, +992.000, +179.000, +387.000
1654329600, +2.83, +24.296,  -0.04118, +1044.000, +200.000, +364.000
1654329720, +2.83, +24.313,  -0.02261, +1016.000, +184.000, +387.000
1654329840, +2.83, +24.313,  -0.05357, +1016.000, +188.000, +390.000
1654329960, +2.83, +24.322,  -0.01332, +1043.000, +200.000, +366.000
1654330080, +2.83, +24.330,  -0.01332, +1055.000, +204.000, +344.000
1654330200, +2.83, +24.305,  -0.00403, +1072.000, +216.000, +304.000
1654330320, +2.83, +24.330,  -0.00093, +1072.000, +224.000, +291.000
1654330440, +2.83, +24.322,  -0.06905, +1048.000, +204.000, +360.000
1654330560, +2.83, +24.305,  -0.00093, +1057.000, +208.000, +335.000
1654330680, +2.83, +24.338,  -0.01951, +1064.000, +212.000, +320.000
1654330800, +2.83, +24.338,  -0.05047, +1057.000, +208.000, +336.000
1654330920, +2.83, +24.305,  -0.01332, +1031.000, +192.000, +376.000
1654331040, +2.83, +24.322,  -0.08454, +1041.000, +200.000, +364.000
1654331160, +2.83, +24.330,  -0.02570, +1048.000, +204.000, +352.000
1654331280, +2.83, +24.313,  -0.02880, +1064.000, +214.000, +320.000
1654331400, +2.83, +24.305,  -0.04738, +1027.000, +192.000, +380.000
1654331520, +2.83, +24.313,  -0.06286, +999.000, +176.000, +392.000
1654331640, +2.83, +24.330,  -0.00093, +996.000, +179.000, +391.000
1654331760, +2.83, +24.313,  +0.00217, +1072.000, +217.000, +307.000
1654331880, +2.83, +24.322,  -0.00403, +1065.000, +216.000, +316.000
1654332000, +2.83, +24.322,  -0.00403, +1024.000, +192.000, +387.000
1654332120, +2.83, +24.313,  -0.02570, +998.000, +180.000, +388.000
1654332240, +2.83, +24.338,  -0.04428, +1039.000, +199.000, +368.000
1654332360, +2.83, +24.322,  +0.03623, +1063.000, +216.000, +324.000
1654332480, +2.83, +24.305,  -0.04118, +998.000, +180.000, +387.000
1654332600, +2.83, +24.347,  -0.07525, +1073.000, +220.000, +300.000
1654332720, +2.83, +24.305,  -0.05667, +1071.000, +216.000, +312.000
1654332840, +2.83, +24.322,  -0.05667, +1047.000, +200.000, +358.000
1654332960, +2.83, +24.305,  +0.01146, +1055.000, +208.000, +339.000
1654333080, +2.83, +24.305,  -0.01951, +1016.000, +188.000, +387.000
1654333200, +2.83, +24.330,  -0.01022, +1031.000, +192.000, +380.000
1654333320, +2.83, +24.305,  -0.01022, +1052.000, +208.000, +344.000
1654333440, +2.83, +24.305,  +0.01765, +1064.000, +216.000, +318.000
1654333560, +2.83, +24.338,  -0.06596, +1080.000, +224.000, +286.000
1654333680, +2.83, +24.322,  -0.07834, +1064.000, +216.000, +318.000
1654333800, +2.83, +24.305,  -0.01641, +1065.000, +216.000, +320.000
1654333920, +2.83, +24.313,  +0.04862, +1065.000, +216.000, +310.000
1654334040, +2.83, +24.322,  -0.01951, +1033.000, +195.000, +376.000
1654334160, +2.83, +24.313,  -0.06286, +1008.000, +184.000, +391.000
1654334280, +2.83, +24.305,  -0.02570, +1064.000, +214.000, +320.000
1654334400, +2.83, +24.305,  -0.02261, +1041.000, +196.000, +368.000
1654334520, +2.83, +24.313,  -0.11241, +1048.000, +204.000, +352.000
1654334640, +2.83, +24.313,  +0.03933, +993.000, +176.000, +390.000
1654334760, +2.83, +24.313,  -0.01951, +1070.000, +216.000, +307.000
1654334880, +2.83, +24.322,  -0.01641, +1046.000, +204.000, +364.000
1654335000, +2.83, +24.330,  +0.04552, +1031.000, +192.000, +380.000
1654335120, +2.83, +24.313,  -0.06905, +1041.000, +199.000, +364.000
1654335240, +2.83, +24.288,  +0.00217, +992.000, +182.000, +385.000
1654335360, +2.83, +24.313,  +0.04552, +1017.000, +188.000, +387.000
1654335480, +2.83, +24.305,  -0.03809, +1063.000, +212.000, +320.000
1654335600, +2.83, +24.322,  +0.00217, +1062.000, +208.000, +327.000
1654335720, +2.83, +24.338,  -0.02261, +1046.000, +200.000, +358.000
1654335840, +2.83, +24.305,  +0.03313, +1068.000, +216.000, +307.000
1654335960, +2.83, +24.313,  -0.03809, +1030.000, +193.000, +376.000
1654336080, +2.83, +24.305,  +0.07339, +1048.000, +204.000, +355.000
1654336200, +2.83, +24.322,  -0.01951, +1068.000, +216.000, +312.000
1654336320, +2.83, +24.322,  -0.02261, +1054.000, +208.000, +342.000
1654336440, +2.83, +24.313,  -0.01332, +1063.000, +212.000, +320.000
1654336560, +2.83, +24.322,  -0.05357, +1056.000, +208.000, +342.000
1654336680, +2.83, +24.322,  -0.01332, +1028.000, +192.000, +384.000
1654336800, +2.83, +24.330,  -0.04118, +1048.000, +204.000, +358.000
1654336920, +2.83, +24.313,  -0.02261, +1049.000, +204.000, +352.000
1654337040, +2.83, +24.330,  -0.04428, +1044.000, +200.000, +360.000
1654337160, +2.83, +24.330,  +0.01146, +1032.000, +195.000, +376.000
1654337280, +2.83, +24.338,  +0.07029, +1031.000, +192.000, +380.000
1654337400, +2.83, +24.330,  -0.05357, +1048.000, +204.000, +355.000
1654337520, +2.83, +24.296,  -0.06286, +1043.000, +199.000, +366.000
1654337640, +2.83, +24.313,  +0.02075, +1016.000, +188.000, +385.000
1654337760, +2.83, +24.330,  -0.01332, +1072.000, +224.000, +294.000
1654337880, +2.83, +24.338,  +0.02384, +1062.000, +216.000, +323.000
1654338000, +2.83, +24.330,  -0.01951, +1040.000, +199.000, +366.000
1654338120, +2.83, +24.322,  -0.03809, +1032.000, +193.000, +376.000
1654338240, +2.83, +24.322,  -0.01022, +1056.000, +208.000, +336.000
1654338360, +2.83, +24.330,  -0.04428, +1004.000, +184.000, +391.000
1654338480, +2.83, +24.330,  -0.00093, +1046.000, +200.000, +360.000
1654338600, +2.83, +24.305,  -0.04118, +1032.000, +192.000, +376.000
1654338720, +2.83, +24.313,  +0.01146, +1048.000, +200.000, +358.000
1654338840, +2.83, +24.296,  -0.05047, +1033.000, +198.000, +374.000
1654338960, +2.83, +24.313,  +0.00836, +1044.000, +200.000, +359.000
1654339080, +2.83, +24.313,  -0.00403, +1065.000, +216.000, +316.000
1654339200, +2.83, +24.330,  -0.02261, +1000.000, +184.000, +391.000
1654339320, +2.83, +24.330,  -0.05047, +1064.000, +214.000, +320.000
1654339440, +2.83, +24.330,  -0.04738, +1028.000, +192.000, +384.000
1654339560, +2.83, +24.330,  +0.02075, +1008.000, +184.000, +390.000
1654339680, +2.83, +24.330,  -0.01332, +1027.000, +192.000, +384.000
1654339800, +2.83, +24.330,  +0.02694, +1060.000, +211.000, +327.000
1654339920, +2.83, +24.338,  -0.08144, +1065.000, +214.000, +318.000
1654340040, +2.83, +24.330,  -0.05357, +1056.000, +206.000, +344.000
1654340160, +2.83, +24.338,  -0.01022, +1040.000, +199.000, +368.000
1654340280, +2.83, +24.288,  -0.02261, +999.000, +176.000, +391.000
1654340400, +2.83, +24.347,  -0.00403, +1046.000, +204.000, +355.000
1654340520, +2.83, +24.313,  -0.02880, +1000.000, +179.000, +390.000
1654340640, +2.83, +24.313,  -0.03189, +1041.000, +199.000, +364.000
1654340760, +2.83, +24.330,  -0.05357, +1004.000, +184.000, +391.000
1654340880, +2.83, +24.313,  -0.03189, +1068.000, +216.000, +312.000
1654341000, +2.83, +24.355,  -0.04118, +1063.000, +211.000, +323.000
1654341120, +2.83, +24.313,  -0.04118, +1046.000, +200.000, +360.000
1654341240, +2.83, +24.313,  -0.01641, +1048.000, +201.000, +359.000
1654341360, +2.83, +24.347,  +0.01146, +992.000, +177.000, +385.000
1654341480, +2.83, +24.296,  -0.00712, +1059.000, +211.000, +328.000
1654341600, +2.83, +24.338,  +0.00526, +1020.000, +184.000, +391.000
1654341720, +2.83, +24.347,  +0.00526, +1048.000, +200.000, +359.000
1654341840, +2.83, +24.322,  -0.01332, +1032.000, +192.000, +376.000
1654341960, +2.83, +24.305,  +0.05171, +1031.000, +192.000, +376.000
1654342080, +2.83, +24.313,  -0.06596, +995.000, +177.000, +390.000
1654342200, +2.83, +24.338,  -0.04118, +1036.000, +199.000, +374.000
1654342320, +2.83, +24.330,  -0.00712, +1027.000, +192.000, +384.000
1654342440, +2.83, +24.338,  -0.01951, +1014.000, +188.000, +390.000
1654342560, +2.83, +24.330,  -0.01641, +1009.000, +184.000, +392.000
1654342680, +2.83, +24.338,  +0.00526, +1008.000, +184.000, +390.000
1654342800, +2.83, +24.338,  +0.01765, +1015.000, +188.000, +387.000
1654342920, +2.83, +24.330,  +0.00217, +1008.000, +184.000, +391.000
1654343040, +2.83, +24.330,  -0.02570, +1038.000, +198.000, +368.000
1654343160, +2.83, +24.330,  +0.01765, +1068.000, +216.000, +313.000
1654343280, +2.83, +24.338,  -0.02570, +1084.000, +225.000, +263.000
1654343400, +2.83, +24.322,  -0.01022, +1016.000, +188.000, +390.000
1654343520, +2.83, +24.330,  +0.00836, +1052.000, +206.000, +344.000
1654343640, +2.83, +24.305,  -0.07834, +1036.000, +192.000, +376.000
1654343760, +2.83, +24.338,  +0.01455, +1022.000, +192.000, +385.000
1654343880, +2.83, +24.330,  -0.03809, +1070.000, +220.000, +307.000
1654344000, +2.83, +24.330,  -0.00403, +1048.000, +206.000, +352.000
1654344120, +2.83, +24.338,  +0.02075, +1046.000, +204.000, +359.000
1654344240, +2.83, +24.330,  -0.00712, +1055.000, +208.000, +339.000
1654344360, +2.83, +24.330,  +0.01146, +1031.000, +195.000, +376.000
1654344480, +2.83, +24.330,  +0.02384, +1008.000, +184.000, +392.000
1654344600, +2.83, +24.322,  -0.00712, +1040.000, +198.000, +371.000
1654344720, +2.83, +24.313,  -0.11860, +1008.000, +184.000, +391.000
1654344840, +2.83, +24.322,  -0.00403, +1040.000, +199.000, +364.000
1654344960, +2.83, +24.338,  -0.02570, +1027.000, +192.000, +384.000
1654345080, +2.83, +24.313,  -0.01951, +1062.000, +214.000, +327.000
1654345200, +2.83, +24.322,  -0.03499, +1033.000, +193.000, +374.000
1654345320, +2.83, +24.322,  -0.01951, +1075.000, +220.000, +284.000
1654345440, +2.83, +24.330,  -0.03189, +1031.000, +192.000, +380.000
1654345560, +2.83, +24.338,  -0.04118, +1036.000, +195.000, +372.000
1654345680, +2.83, +24.338,  -0.04118, +1043.000, +199.000, +364.000
1654345800, +2.83, +24.322,  -0.07834, +1063.000, +216.000, +323.000
1654345920, +2.83, +24.330,  -0.03499, +1068.000, +216.000, +304.000
1654346040, +2.83, +24.330,  +0.03313, +1070.000, +220.000, +304.000
1654346160, +2.83, +24.322,  +0.05171, +992.000, +176.000, +390.000
1654346280, +2.83, +24.305,  +0.00836, +1039.000, +199.000, +368.000
1654346400, +2.83, +24.296,  -0.05047, +1063.000, +208.000, +328.000
1654346520, +2.83, +24.330,  -0.00712, +1072.000, +217.000, +305.000
1654346640, +2.83, +24.330,  -0.07525, +1040.000, +196.000, +368.000
1654346760, +2.83, +24.338,  -0.00403, +1048.000, +204.000, +352.000
1654346880, +2.83, +24.338,  +0.00526, +1052.000, +204.000, +352.000
1654347000, +2.83, +24.330,  +0.01455, +1063.000, +209.000, +324.000
1654347120, +2.83, +24.338,  +0.02384, +1040.000, +199.000, +368.000
1654347240, +2.83, +24.338,  -0.05357, +1043.000, +199.000, +366.000
1654347360, +2.83, +24.330,  -0.02570, +1065.000, +214.000, +320.000
1654347480, +2.83, +24.322,  -0.05667, +1052.000, +204.000, +348.000
1654347600, +2.83, +24.338,  -0.01332, +1052.000, +204.000, +352.000
1654347720, +2.83, +24.330,  +0.00836, +1039.000, +196.000, +371.000
1654347840, +2.83, +24.296,  -0.06905, +1008.000, +184.000, +390.000
1654347960, +2.83, +24.347,  -0.01332, +1072.000, +220.000, +304.000
1654348080, +2.83, +24.338,  -0.06905, +1063.000, +216.000, +320.000
1654348200, +2.83, +24.313,  -0.00712, +1040.000, +200.000, +368.000
1654348320, +2.83, +24.322,  -0.03499, +1063.000, +212.000, +318.000
1654348440, +2.83, +24.338,  -0.02880, +1030.000, +192.000, +384.000
1654348560, +2.83, +24.330,  -0.00093, +1028.000, +192.000, +376.000
1654348680, +2.83, +24.330,  +0.00526, +1043.000, +204.000, +360.000
1654348800, +2.83, +24.330,  -0.00712, +1031.000, +192.000, +376.000
1654348920, +2.83, +24.330,  -0.04428, +1059.000, +211.000, +327.000
1654349040, +2.83, +24.330,  +0.00217, +1016.000, +192.000, +391.000
1654349160, +2.83, +24.330,  +0.01455, +995.000, +176.000, +391.000
1654349280, +2.83, +24.330,  -0.04118, +992.000, +176.000, +387.000
1654349400, +2.83, +24.330,  +0.03004, +1064.000, +216.000, +320.000
1654349520, +2.83, +24.330,  -0.05047, +1038.000, +198.000, +371.000
1654349640, +2.83, +24.338,  -0.04428, +1032.000, +195.000, +376.000
1654349760, +2.83, +24.338,  -0.00093, +1056.000, +208.000, +336.000
1654349880, +2.83, +24.347,  -0.06286, +1062.000, +211.000, +328.000
1654350000, +2.83, +24.338,  -0.04428, +1046.000, +204.000, +358.000
1654350120, +2.83, +24.338,  -0.01641, +1048.000, +204.000, +356.000
1654350240, +2.83, +24.338,  -0.03809, +1057.000, +209.000, +334.000
1654350360, +2.83, +24.338,  +0.00217, +1031.000, +192.000, +376.000
1654350480, +2.83, +24.347,  +0.00526, +1052.000, +206.000, +348.000
1654350600, +2.83, +24.338,  -0.05667, +1048.000, +204.000, +355.000
1654350720, +2.83, +24.330,  -0.01641, +1030.000, +192.000, +384.000
1654350840, +2.83, +24.347,  -0.00712, +1046.000, +204.000, +356.000
1654350960, +2.83, +24.313,  -0.01022, +1043.000, +199.000, +361.000
1654351080, +2.83, +24.338,  -0.00712, +1054.000, +208.000, +350.000
1654351200, +2.83, +24.347,  -0.04118, +1048.000, +204.000, +358.000
1654351320, +2.83, +24.330,  -0.03499, +1048.000, +204.000, +352.000
1654351440, +2.83, +24.330,  -0.02261, +1009.000, +184.000, +390.000
1654351560, +2.83, +24.347,  -0.03189, +1054.000, +208.000, +344.000
1654351680, +2.83, +24.330,  -0.02261, +1068.000, +216.000, +310.000
1654351800, +2.83, +24.322,  -0.01332, +1080.000, +224.000, +270.000
1654351920, +2.83, +24.338,  -0.05357, +1086.000, +228.000, +256.000
1654352040, +2.83, +24.330,  -0.06286, +1072.000, +220.000, +294.000
1654352160, +2.83, +24.330,  +0.02694, +1068.000, +216.000, +307.000
1654352280, +2.83, +24.322,  -0.05976, +1043.000, +199.000, +364.000
1654352400, +2.83, +24.322,  -0.03499, +1068.000, +216.000, +320.000
1654352520, +2.83, +24.338,  -0.04118, +1088.000, +231.000, +248.000
1654352640, +2.83, +24.347,  -0.05667, +1054.000, +208.000, +344.000
1654352760, +2.83, +24.322,  -0.01022, +1039.000, +196.000, +371.000
1654352880, +2.83, +24.330,  +0.00217, +1048.000, +204.000, +355.000
1654353000, +2.83, +24.347,  -0.03189, +1046.000, +204.000, +358.000
1654353120, +2.83, +24.338,  +0.02694, +1036.000, +196.000, +374.000
1654353240, +2.83, +24.338,  +0.02694, +1008.000, +184.000, +390.000
1654353360, +2.83, +24.330,  -0.05976, +1046.000, +200.000, +360.000
1654353480, +2.83, +24.347,  -0.01641, +1081.000, +224.000, +275.000
1654353600, +2.83, +24.338,  +0.00217, +1040.000, +200.000, +364.000
1654353720, +2.83, +24.305,  -0.03809, +1075.000, +220.000, +284.000
1654353840, +2.83, +24.330,  +0.01146, +1032.000, +195.000, +376.000
1654353960, +2.83, +24.322,  -0.05357, +1039.000, +195.000, +368.000
1654354080, +2.83, +24.330,  -0.10312, +1032.000, +196.000, +376.000
1654354200, +2.83, +24.313,  -0.07525, +1056.000, +207.000, +337.000
1654354320, +2.83, +24.313,  -0.01022, +1032.000, +192.000, +376.000
1654354440, +2.83, +24.330,  -0.01022, +1008.000, +185.000, +391.000
1654354560, +2.83, +24.330,  -0.05047, +1036.000, +198.000, +376.000
1654354680, +2.83, +24.322,  +0.00217, +1031.000, +192.000, +376.000
1654354800, +2.83, +24.322,  -0.04118, +1046.000, +204.000, +359.000
1654354920, +2.83, +24.313,  +0.01146, +1095.000, +231.000, +224.000
1654355040, +2.83, +24.330,  +0.00526, +1056.000, +208.000, +336.000
1654355160, +2.83, +24.330,  -0.03499, +1032.000, +198.000, +376.000
