7530-428102
OS REV: 1.05 Sensor Cal: 1572940800
Time (sec),  Bat (Volts),   T (deg C),  PAR (umol/(s m^2))  Ax (g), Ay (g), Az (g)
1655393520, +2.79, +24.105,  +0.03933, +711.000, +576.000, +947.000
1655393640, +2.79, +24.096,  +0.04552, +716.000, +579.000, +932.000
1655393760, +2.79, +24.088,  +0.09816, +716.000, +576.000, +935.000
1655393880, +2.79, +24.080,  +0.19725, +716.000, +580.000, +934.000
1655394000, +2.79, +24.071,  +0.24370, +736.000, +593.000, +867.000
1655394120, +2.79, +24.071,  +0.35827, +718.000, +583.000, +920.000
1655394240, +2.79, +24.088,  +0.42640, +712.000, +582.000, +935.000
1655394360, +2.79, +24.071,  +0.55026, +718.000, +577.000, +928.000
1655394480, +2.79, +24.063,  +0.72367, +718.000, +579.000, +934.000
1655394600, +2.79, +24.063,  +0.94353, +740.000, +552.000, +896.000
1655394720, +2.79, +24.055,  +1.24390, +716.000, +579.000, +931.000
1655394840, +2.79, +24.055,  +1.60929, +720.000, +588.000, +915.000
1655394960, +2.79, +24.046,  +2.47014, +712.000, +580.000, +931.000
1655395080, +2.79, +24.038,  +3.43938, +711.000, +588.000, +931.000
1655395200, +2.79, +24.030,  +4.31880, +705.000, +588.000, +942.000
1655395320, +2.79, +24.013,  +5.21062, +739.000, +576.000, +879.000
1655395440, +2.79, +24.013,  +6.50809, +736.000, +559.000, +903.000
1655395560, +2.79, +24.005,  +7.87368, +723.000, +608.000, +888.000
1655395680, +2.79, +23.996,  +9.15257, +716.000, +600.000, +912.000
1655395800, +2.79, +23.980, +11.28302, +708.000, +592.000, +931.000
1655395920, +2.79, +23.954, +13.84699, +732.000, +608.000, +864.000
1655396040, +2.79, +23.954, +15.59656, +736.000, +595.000, +864.000
1655396160, +2.79, +23.946, +16.64940, +655.000, +531.000, +967.000
1655396280, +2.79, +23.938, +18.00880, +736.000, +584.000, +872.000
1655396400, +2.79, +23.921, +19.09570, +728.000, +608.000, +880.000
1655396520, +2.79, +23.921, +20.08970, +716.000, +601.000, +915.000
1655396640, +2.79, +23.913, +16.95287, +723.000, +608.000, +883.000
1655396760, +2.79, +23.921, +17.72082, +716.000, +600.000, +910.000
1655396880, +2.79, +23.913, +17.61244, +736.000, +590.000, +868.000
1655397000, +2.79, +23.904, +15.76378, +736.000, +598.000, +864.000
1655397120, +2.79, +23.904, +17.70843, +736.000, +590.000, +864.000
1655397240, +2.79, +23.888, +17.73011, +736.000, +600.000, +860.000
1655397360, +2.79, +23.888, +18.48258, +734.000, +604.000, +864.000
1655397480, +2.79, +23.879, +20.15783, +655.000, +529.000, +972.000
1655397600, +2.79, +23.871, +23.16152, +736.000, +563.000, +911.000
1655397720, +2.79, +23.863, +27.60202, +736.000, +592.000, +860.000
1655397840, +2.79, +23.854, +33.68061, +736.000, +595.000, +864.000
1655397960, +2.79, +23.854, +41.10931, +655.000, +531.000, +974.000
1655398080, +2.79, +23.838, +49.17282, +723.000, +608.000, +883.000
1655398200, +2.79, +23.838, +52.80511, +736.000, +600.000, +864.000
1655398320, +2.79, +23.821, +56.44669, +720.000, +604.000, +896.000
1655398440, +2.79, +23.813, +54.04994, +655.000, +531.000, +966.000
1655398560, +2.79, +23.821, +48.59376, +720.000, +608.000, +892.000
1655398680, +2.79, +23.813, +47.37370, +736.000, +580.000, +878.000
1655398800, +2.79, +23.804, +48.97464, +655.000, +529.000, +969.000
1655398920, +2.79, +23.796, +54.17690, +655.000, +536.000, +983.000
1655399040, +2.79, +23.788, +58.54927, +736.000, +588.000, +865.000
1655399160, +2.79, +23.788, +76.26483, +736.000, +576.000, +880.000
1655399280, +2.79, +23.788, +110.33034, +736.000, +592.000, +864.000
1655399400, +2.79, +23.779, +129.02751, +732.000, +583.000, +872.000
1655399520, +2.79, +23.796, +142.04864, +655.000, +531.000, +967.000
1655399640, +2.79, +23.771, +148.08079, +654.000, +535.000, +967.000
1655399760, +2.79, +23.771, +165.32566, +736.000, +600.000, +860.000
1655399880, +2.79, +23.788, +176.74896, +652.000, +531.000, +967.000
1655400000, +2.79, +23.771, +166.46520, +719.000, +600.000, +899.000
1655400120, +2.79, +23.771, +146.03395, +655.000, +529.000, +969.000
1655400240, +2.79, +23.771, +133.99753, +655.000, +531.000, +967.000
1655400360, +2.79, +23.763, +124.64894, +654.000, +531.000, +972.000
1655400480, +2.79, +23.771, +116.80839, +655.000, +531.000, +979.000
1655400600, +2.79, +23.771, +107.25543, +655.000, +531.000, +968.000
1655400720, +2.79, +23.788, +95.87549, +655.000, +531.000, +968.000
1655400840, +2.79, +23.788, +86.60432, +736.000, +563.000, +900.000
1655400960, +2.79, +23.796, +74.33256, +655.000, +531.000, +968.000
1655401080, +2.79, +23.788, +68.14868, +736.000, +572.000, +889.000
1655401200, +2.79, +23.796, +61.78830, +732.000, +567.000, +905.000
1655401320, +2.79, +23.796, +54.90459, +736.000, +604.000, +857.000
1655401440, +2.79, +23.788, +51.05864, +652.000, +535.000, +968.000
1655401560, +2.79, +23.796, +47.66788, +655.000, +531.000, +967.000
1655401680, +2.79, +23.796, +45.44143, +655.000, +527.000, +969.000
1655401800, +2.79, +23.804, +43.44414, +734.000, +604.000, +864.000
1655401920, +2.79, +23.813, +39.48361, +655.000, +529.000, +967.000
1655402040, +2.79, +23.804, +37.12091, +736.000, +590.000, +870.000
1655402160, +2.79, +23.804, +36.38083, +705.000, +590.000, +944.000
1655402280, +2.79, +23.813, +36.60998, +736.000, +604.000, +864.000
1655402400, +2.79, +23.788, +37.16736, +736.000, +563.000, +899.000
1655402520, +2.79, +23.821, +39.85829, +736.000, +600.000, +860.000
1655402640, +2.79, +23.829, +42.00423, +655.000, +531.000, +972.000
1655402760, +2.79, +23.846, +45.55910, +655.000, +531.000, +967.000
1655402880, +2.79, +23.838, +48.72072, +655.000, +529.000, +967.000
1655403000, +2.79, +23.846, +43.11590, +655.000, +531.000, +968.000
1655403120, +2.79, +23.846, +53.39656, +652.000, +531.000, +967.000
1655403240, +2.79, +23.846, +52.06193, +736.000, +590.000, +870.000
1655403360, +2.79, +23.854, +49.44222, +719.000, +604.000, +897.000
1655403480, +2.79, +23.863, +48.43583, +732.000, +604.000, +860.000
1655403600, +2.79, +23.863, +47.33345, +728.000, +608.000, +864.000
1655403720, +2.79, +23.871, +52.33133, +720.000, +604.000, +896.000
1655403840, +2.79, +23.879, +66.26905, +652.000, +528.000, +972.000
1655403960, +2.79, +23.871, +81.77365, +720.000, +608.000, +892.000
1655404080, +2.79, +23.879, +90.35428, +654.000, +529.000, +968.000
1655404200, +2.79, +23.879, +90.55865, +736.000, +604.000, +862.000
1655404320, +2.79, +23.871, +97.04600, +736.000, +600.000, +864.000
1655404440, +2.79, +23.888, +106.47819, +705.000, +591.000, +940.000
1655404560, +2.79, +23.896, +118.30714, +736.000, +600.000, +864.000
1655404680, +2.79, +23.896, +133.32867, +736.000, +592.000, +864.000
1655404800, +2.79, +23.896, +131.52955, +736.000, +593.000, +864.000
1655404920, +2.79, +23.904, +120.87111, +724.000, +608.000, +883.000
1655405040, +2.79, +23.913, +112.81070, +736.000, +591.000, +864.000
1655405160, +2.79, +23.921, +103.58598, +655.000, +531.000, +967.000
1655405280, +2.79, +23.921, +96.42358, +655.000, +531.000, +968.000
1655405400, +2.79, +23.929, +92.55595, +736.000, +596.000, +864.000
1655405520, +2.79, +23.938, +95.89716, +726.000, +604.000, +888.000
1655405640, +2.79, +23.929, +101.66920, +736.000, +593.000, +860.000
1655405760, +2.79, +23.938, +102.78706, +720.000, +604.000, +892.000
1655405880, +2.79, +23.946, +103.22987, +736.000, +582.000, +871.000
1655406000, +2.79, +23.946, +104.24246, +720.000, +603.000, +894.000
1655406120, +2.79, +23.954, +99.41179, +721.000, +608.000, +888.000
1655406240, +2.79, +23.963, +91.13772, +721.000, +608.000, +888.000
1655406360, +2.79, +23.971, +86.74057, +700.000, +583.000, +956.000
1655406480, +2.79, +23.971, +85.83636, +719.000, +601.000, +903.000
1655406600, +2.79, +23.980, +96.04270, +716.000, +600.000, +920.000
1655406720, +2.79, +23.980, +118.14302, +723.000, +604.000, +892.000
1655406840, +2.79, +23.980, +150.96371, +655.000, +534.000, +968.000
1655406960, +2.79, +23.988, +187.40121, +655.000, +534.000, +967.000
1655407080, +2.79, +23.996, +210.51101, +732.000, +604.000, +860.000
1655407200, +2.79, +24.005, +220.37672, +719.000, +603.000, +902.000
1655407320, +2.79, +24.005, +233.79112, +736.000, +568.000, +889.000
1655407440, +2.79, +24.013, +246.50260, +712.000, +596.000, +924.000
1655407560, +2.79, +24.021, +264.45968, +696.000, +575.000, +972.000
1655407680, +2.79, +24.021, +259.93248, +716.000, +604.000, +902.000
1655407800, +2.79, +24.038, +248.91174, +711.000, +592.000, +921.000
1655407920, +2.79, +24.030, +231.40056, +696.000, +577.000, +966.000
1655408040, +2.79, +24.038, +220.13829, +708.000, +590.000, +937.000
1655408160, +2.79, +24.055, +219.48491, +716.000, +598.000, +915.000
1655408280, +2.79, +24.030, +225.21668, +723.000, +604.000, +894.000
1655408400, +2.79, +24.088, +231.92388, +736.000, +579.000, +876.000
1655408520, +2.79, +24.080, +224.03379, +705.000, +590.000, +936.000
1655408640, +2.79, +24.088, +221.09203, +705.000, +590.000, +942.000
1655408760, +2.79, +24.088, +232.95814, +712.000, +598.000, +916.000
1655408880, +2.79, +24.113, +231.32005, +712.000, +595.000, +924.000
1655409000, +2.79, +24.113, +241.78650, +691.000, +568.000, +979.000
1655409120, +2.79, +24.130, +276.50230, +710.000, +592.000, +934.000
1655409240, +2.79, +24.138, +320.02168, +716.000, +600.000, +912.000
1655409360, +2.79, +24.146, +342.27683, +708.000, +592.000, +931.000
1655409480, +2.79, +24.171, +337.61957, +708.000, +588.000, +936.000
1655409600, +2.79, +24.171, +324.00389, +704.000, +584.000, +948.000
1655409720, +2.79, +24.205, +313.12249, +723.000, +604.000, +888.000
1655409840, +2.79, +24.188, +294.49035, +711.000, +593.000, +928.000
1655409960, +2.79, +24.230, +291.69723, +700.000, +582.000, +961.000
1655410080, +2.79, +24.221, +301.45766, +689.000, +569.000, +979.000
1655410200, +2.79, +24.263, +319.44572, +678.000, +556.000, +992.000
1655410320, +2.79, +24.263, +363.86311, +704.000, +584.000, +952.000
1655410440, +2.79, +24.280, +392.33929, +688.000, +568.000, +982.000
1655410560, +2.79, +24.288, +367.01543, +664.000, +544.000, +992.000
1655410680, +2.79, +24.296, +318.23186, +668.000, +547.000, +992.000
1655410800, +2.79, +24.322, +324.58295, +708.000, +592.000, +937.000
1655410920, +2.79, +24.338, +343.87776, +655.000, +534.000, +979.000
1655411040, +2.79, +24.363, +362.39223, +673.000, +552.000, +992.000
1655411160, +2.79, +24.380, +370.32878, +672.000, +552.000, +992.000
1655411280, +2.79, +24.405, +380.47318, +691.000, +572.000, +977.000
1655411400, +2.79, +24.405, +389.06311, +654.000, +534.000, +975.000
1655411520, +2.79, +24.430, +379.37699, +655.000, +531.000, +975.000
1655411640, +2.79, +24.447, +389.97970, +655.000, +531.000, +972.000
1655411760, +2.79, +24.463, +385.66306, +655.000, +531.000, +972.000
1655411880, +2.79, +24.480, +391.02634, +654.000, +531.000, +967.000
1655412000, +2.79, +24.505, +383.02477, +656.000, +529.000, +979.000
1655412120, +2.79, +24.513, +400.50808, +655.000, +531.000, +976.000
1655412240, +2.79, +24.530, +518.91524, +736.000, +592.000, +864.000
1655412360, +2.79, +24.555, +866.71420, +718.000, +600.000, +908.000
1655412480, +2.79, +24.588, +488.98676, +655.000, +534.000, +976.000
1655412600, +2.79, +24.597, +404.45003, +652.000, +529.000, +975.000
1655412720, +2.79, +24.630, +378.42325, +656.000, +536.000, +982.000
1655412840, +2.79, +24.655, +328.97081, +654.000, +529.000, +967.000
1655412960, +2.79, +24.672, +303.39922, +655.000, +529.000, +967.000
1655413080, +2.79, +24.705, +305.51419, +728.000, +608.000, +870.000
1655413200, +2.79, +24.722, +330.37975, +654.000, +534.000, +979.000
1655413320, +2.79, +24.738, +343.82202, +736.000, +576.000, +876.000
1655413440, +2.79, +24.763, +350.64380, +736.000, +592.000, +864.000
1655413560, +2.79, +24.780, +341.80924, +713.000, +595.000, +920.000
1655413680, +2.79, +24.788, +313.78516, +723.000, +604.000, +889.000
1655413800, +2.79, +24.813, +261.61702, +655.000, +529.000, +972.000
1655413920, +2.79, +24.805, +224.88225, +732.000, +604.000, +864.000
1655414040, +2.79, +24.846, +215.48412, +711.000, +595.000, +921.000
1655414160, +2.79, +24.871, +219.38891, +713.000, +600.000, +918.000
1655414280, +2.79, +24.871, +253.14477, +700.000, +582.000, +960.000
1655414400, +2.79, +24.896, +295.82188, +728.000, +608.000, +872.000
1655414520, +2.79, +24.888, +318.75518, +720.000, +608.000, +888.000
1655414640, +2.79, +24.871, +302.09866, +704.000, +588.000, +945.000
1655414760, +2.79, +24.938, +279.75371, +723.000, +604.000, +883.000
1655414880, +2.79, +24.963, +269.63408, +712.000, +595.000, +926.000
1655415000, +2.79, +24.980, +281.24007, +728.000, +606.000, +871.000
1655415120, +2.79, +25.005, +302.09866, +736.000, +592.000, +864.000
1655415240, +2.79, +25.030, +319.31256, +708.000, +591.000, +931.000
1655415360, +2.79, +25.005, +319.24754, +704.000, +584.000, +952.000
1655415480, +2.79, +25.030, +315.29939, +710.000, +590.000, +936.000
1655415600, +2.79, +25.030, +334.79238, +708.000, +590.000, +942.000
1655415720, +2.79, +25.063, +390.68262, +721.000, +604.000, +896.000
1655415840, +2.79, +25.088, +412.16052, +720.000, +600.000, +900.000
1655415960, +2.79, +25.055, +401.78697, +710.000, +591.000, +936.000
1655416080, +2.79, +25.121, +362.59661, +708.000, +590.000, +934.000
1655416200, +2.79, +25.121, +326.26439, +704.000, +583.000, +956.000
1655416320, +2.79, +25.154, +298.41682, +736.000, +582.000, +870.000
1655416440, +2.79, +25.146, +280.38541, +704.000, +585.000, +950.000
1655416560, +2.79, +25.146, +274.99426, +712.000, +598.000, +920.000
1655416680, +2.79, +25.179, +277.17116, +704.000, +584.000, +953.000
1655416800, +2.79, +25.196, +274.50810, +656.000, +529.000, +979.000
1655416920, +2.79, +25.204, +300.33670, +671.000, +551.000, +992.000
1655417040, +2.79, +25.204, +321.70003, +716.000, +600.000, +915.000
1655417160, +2.79, +25.213, +329.79140, +691.000, +568.000, +975.000
1655417280, +2.79, +25.221, +322.09330, +704.000, +588.000, +945.000
1655417400, +2.79, +25.221, +347.66179, +678.000, +556.000, +992.000
1655417520, +2.79, +25.246, +390.22123, +678.000, +560.000, +990.000
1655417640, +2.79, +25.246, +429.17625, +696.000, +579.000, +966.000
1655417760, +2.79, +25.246, +447.48635, +704.000, +582.000, +956.000
1655417880, +2.79, +25.263, +450.12464, +655.000, +531.000, +972.000
1655418000, +2.79, +25.279, +455.58391, +654.000, +534.000, +974.000
1655418120, +2.79, +25.279, +432.34096, +652.000, +531.000, +975.000
1655418240, +2.79, +25.296, +433.44334, +654.000, +531.000, +968.000
1655418360, +2.79, +25.287, +474.06123, +679.000, +560.000, +987.000
1655418480, +2.79, +25.329, +500.18710, +654.000, +531.000, +969.000
1655418600, +2.79, +25.329, +511.29145, +694.000, +574.000, +974.000
1655418720, +2.79, +25.346, +475.65287, +686.000, +567.000, +983.000
1655418840, +2.79, +25.354, +430.45204, +696.000, +582.000, +960.000
1655418960, +2.79, +25.346, +396.78289, +696.000, +576.000, +968.000
1655419080, +2.79, +25.371, +467.87735, +655.000, +534.000, +979.000
1655419200, +2.79, +25.329, +648.35552, +655.000, +531.000, +979.000
1655419320, +2.79, +25.396, +713.95355, +655.000, +528.000, +969.000
1655419440, +2.79, +25.412, +678.03937, +654.000, +529.000, +968.000
1655419560, +2.79, +25.396, +668.30991, +664.000, +544.000, +988.000
1655419680, +2.79, +25.429, +565.49405, +656.000, +536.000, +987.000
1655419800, +2.79, +25.445, +457.31800, +659.000, +542.000, +988.000
1655419920, +2.79, +25.437, +394.62767, +654.000, +531.000, +975.000
1655420040, +2.79, +25.454, +371.44355, +675.000, +552.000, +992.000
1655420160, +2.79, +25.462, +360.44758, +696.000, +577.000, +966.000
1655420280, +2.79, +25.479, +384.22005, +654.000, +531.000, +967.000
1655420400, +2.79, +25.470, +378.95895, +738.000, +563.000, +899.000
1655420520, +2.79, +25.504, +381.27520, +673.000, +556.000, +992.000
1655420640, +2.79, +25.504, +377.20010, +655.000, +527.000, +969.000
1655420760, +2.79, +25.495, +375.34834, +655.000, +529.000, +976.000
1655420880, +2.79, +25.529, +345.37960, +655.000, +531.000, +972.000
1655421000, +2.79, +25.520, +332.55356, +664.000, +544.000, +992.000
1655421120, +2.79, +25.529, +338.97277, +736.000, +600.000, +862.000
1655421240, +2.79, +25.529, +346.25594, +655.000, +534.000, +979.000
1655421360, +2.79, +25.545, +384.22934, +652.000, +531.000, +972.000
1655421480, +2.79, +25.545, +398.14539, +716.000, +596.000, +915.000
1655421600, +2.79, +25.553, +381.91000, +654.000, +531.000, +967.000
1655421720, +2.79, +25.562, +377.08552, +655.000, +528.000, +974.000
1655421840, +2.79, +25.578, +407.45991, +656.000, +536.000, +984.000
1655421960, +2.79, +25.587, +416.15202, +656.000, +536.000, +984.000
1655422080, +2.79, +25.570, +403.11231, +655.000, +531.000, +968.000
1655422200, +2.79, +25.595, +416.09318, +736.000, +566.000, +895.000
1655422320, +2.79, +25.587, +461.27543, +654.000, +534.000, +967.000
1655422440, +2.79, +25.603, +432.33786, +654.000, +531.000, +969.000
1655422560, +2.79, +25.587, +347.09511, +652.000, +531.000, +968.000
1655422680, +2.79, +25.595, +294.79382, +655.000, +531.000, +967.000
1655422800, +2.79, +25.587, +261.11537, +655.000, +531.000, +967.000
1655422920, +2.79, +25.595, +247.26126, +655.000, +528.000, +972.000
1655423040, +2.79, +25.603, +235.77603, +654.000, +531.000, +967.000
1655423160, +2.79, +25.603, +214.17736, +655.000, +531.000, +972.000
1655423280, +2.79, +25.620, +201.80651, +654.000, +531.000, +971.000
1655423400, +2.79, +25.603, +180.57324, +656.000, +528.000, +968.000
1655423520, +2.79, +25.612, +163.75260, +655.000, +528.000, +972.000
1655423640, +2.79, +25.612, +154.50930, +652.000, +531.000, +968.000
1655423760, +2.79, +25.595, +161.98445, +655.000, +531.000, +968.000
1655423880, +2.79, +25.603, +162.74311, +655.000, +529.000, +967.000
1655424000, +2.79, +25.612, +153.88069, +652.000, +532.000, +968.000
1655424120, +2.79, +25.620, +147.33142, +655.000, +531.000, +967.000
1655424240, +2.79, +25.595, +147.22923, +655.000, +528.000, +972.000
1655424360, +2.79, +25.603, +150.00377, +670.000, +550.000, +992.000
1655424480, +2.79, +25.578, +137.73820, +655.000, +529.000, +967.000
1655424600, +2.79, +25.578, +127.93132, +655.000, +531.000, +969.000
1655424720, +2.79, +25.578, +120.06909, +655.000, +531.000, +968.000
1655424840, +2.79, +25.537, +125.27755, +655.000, +529.000, +966.000
1655424960, +2.79, +25.562, +128.49180, +654.000, +531.000, +969.000
1655425080, +2.79, +25.545, +133.95727, +736.000, +584.000, +871.000
1655425200, +2.79, +25.545, +148.04363, +654.000, +531.000, +968.000
1655425320, +2.79, +25.537, +165.29470, +655.000, +534.000, +968.000
1655425440, +2.79, +25.504, +177.37756, +655.000, +531.000, +968.000
1655425560, +2.79, +25.512, +176.15751, +655.000, +531.000, +968.000
1655425680, +2.79, +25.495, +160.20082, +718.000, +604.000, +902.000
1655425800, +2.79, +25.487, +140.28049, +656.000, +536.000, +984.000
1655425920, +2.79, +25.487, +122.18716, +655.000, +531.000, +976.000
1655426040, +2.79, +25.470, +115.42112, +654.000, +531.000, +967.000
1655426160, +2.79, +25.462, +105.21788, +736.000, +592.000, +864.000
1655426280, +2.79, +25.437, +103.73462, +704.000, +583.000, +952.000
1655426400, +2.79, +25.429, +98.86988, +688.000, +569.000, +982.000
1655426520, +2.79, +25.437, +93.20314, +655.000, +536.000, +979.000
1655426640, +2.79, +25.421, +86.91707, +655.000, +531.000, +968.000
1655426760, +2.79, +25.421, +79.15394, +705.000, +588.000, +937.000
1655426880, +2.79, +25.404, +71.75001, +704.000, +588.000, +952.000
1655427000, +2.79, +25.396, +67.27854, +659.000, +537.000, +985.000
1655427120, +2.79, +25.371, +67.56343, +700.000, +582.000, +960.000
1655427240, +2.79, +25.371, +65.65593, +704.000, +588.000, +947.000
1655427360, +2.79, +25.362, +65.13261, +705.000, +588.000, +940.000
1655427480, +2.79, +25.346, +63.50071, +660.000, +542.000, +987.000
1655427600, +2.79, +25.337, +64.31201, +686.000, +566.000, +982.000
1655427720, +2.79, +25.337, +63.89707, +680.000, +561.000, +988.000
1655427840, +2.79, +25.312, +63.39852, +671.000, +551.000, +992.000
1655427960, +2.79, +25.312, +64.39872, +704.000, +584.000, +947.000
1655428080, +2.79, +25.304, +67.35905, +691.000, +576.000, +972.000
1655428200, +2.79, +25.287, +64.56593, +672.000, +556.000, +992.000
1655428320, +2.79, +25.271, +61.50651, +654.000, +531.000, +974.000
1655428440, +2.79, +25.254, +55.09348, +664.000, +547.000, +990.000
1655428560, +2.79, +25.238, +51.77395, +704.000, +584.000, +956.000
1655428680, +2.79, +25.229, +48.32126, +704.000, +584.000, +950.000
1655428800, +2.79, +25.204, +45.76967, +700.000, +584.000, +956.000
1655428920, +2.79, +25.196, +44.41956, +720.000, +604.000, +899.000
1655429040, +2.79, +25.188, +41.40039, +700.000, +583.000, +958.000
1655429160, +2.79, +25.146, +38.51747, +736.000, +590.000, +867.000
1655429280, +2.79, +25.154, +36.82674, +736.000, +600.000, +860.000
1655429400, +2.79, +25.129, +36.44276, +707.000, +592.000, +935.000
1655429520, +2.79, +25.146, +35.22271, +707.000, +590.000, +936.000
1655429640, +2.79, +25.096, +33.83544, +720.000, +601.000, +899.000
1655429760, +2.79, +25.096, +32.25618, +711.000, +598.000, +920.000
1655429880, +2.79, +25.104, +32.33669, +710.000, +592.000, +934.000
1655430000, +2.79, +25.063, +31.74834, +707.000, +590.000, +935.000
1655430120, +2.79, +25.038, +31.64925, +654.000, +534.000, +967.000
1655430240, +2.79, +25.055, +30.86581, +705.000, +592.000, +935.000
1655430360, +2.79, +25.046, +29.99258, +723.000, +608.000, +880.000
1655430480, +2.79, +25.021, +28.98929, +696.000, +576.000, +972.000
1655430600, +2.79, +25.005, +28.49383, +723.000, +608.000, +888.000
1655430720, +2.79, +25.005, +28.02315, +736.000, +600.000, +864.000
1655430840, +2.79, +25.013, +27.62060, +736.000, +595.000, +864.000
1655430960, +2.79, +25.005, +26.49654, +716.000, +595.000, +920.000
1655431080, +2.79, +25.005, +25.88341, +716.000, +600.000, +904.000
1655431200, +2.79, +24.988, +24.49924, +655.000, +532.000, +966.000
1655431320, +2.79, +24.996, +23.09029, +716.000, +600.000, +912.000
1655431440, +2.79, +24.971, +22.04984, +716.000, +600.000, +918.000
1655431560, +2.79, +24.980, +21.41814, +712.000, +593.000, +924.000
1655431680, +2.79, +24.963, +20.90101, +736.000, +561.000, +909.000
1655431800, +2.79, +24.963, +20.86695, +732.000, +608.000, +864.000
1655431920, +2.79, +24.955, +20.42414, +736.000, +598.000, +864.000
1655432040, +2.79, +24.963, +20.17951, +732.000, +601.000, +864.000
1655432160, +2.79, +24.946, +19.25363, +723.000, +608.000, +883.000
1655432280, +2.79, +24.946, +18.45781, +736.000, +604.000, +864.000
1655432400, +2.79, +24.946, +18.05215, +732.000, +604.000, +860.000
1655432520, +2.79, +24.938, +16.99622, +671.000, +556.000, +992.000
1655432640, +2.79, +24.930, +16.24684, +723.000, +604.000, +888.000
1655432760, +2.79, +24.930, +15.06085, +712.000, +596.000, +920.000
1655432880, +2.79, +24.946, +14.10401, +712.000, +596.000, +920.000
1655433000, +2.79, +24.946, +13.53114, +679.000, +560.000, +990.000
1655433120, +2.79, +24.930, +12.75699, +724.000, +606.000, +888.000
1655433240, +2.79, +24.938, +11.78157, +736.000, +561.000, +897.000
1655433360, +2.79, +24.921, +11.28921, +728.000, +608.000, +872.000
1655433480, +2.79, +24.921, +10.72564, +728.000, +608.000, +870.000
1655433600, +2.79, +24.913, +10.03819, +716.000, +596.000, +920.000
1655433720, +2.79, +24.930,  +9.23618, +723.000, +608.000, +884.000
1655433840, +2.79, +24.913,  +8.84911, +655.000, +531.000, +967.000
1655433960, +2.79, +24.905,  +8.05638, +711.000, +592.000, +934.000
1655434080, +2.79, +24.938,  +7.35655, +715.000, +595.000, +919.000
1655434200, +2.79, +24.938,  +6.72175, +720.000, +604.000, +896.000
1655434320, +2.79, +24.913,  +5.87948, +720.000, +608.000, +888.000
1655434440, +2.79, +24.930,  +5.16108, +736.000, +600.000, +864.000
1655434560, +2.79, +24.930,  +4.51079, +655.000, +531.000, +967.000
1655434680, +2.79, +24.880,  +3.76142, +728.000, +606.000, +865.000
1655434800, +2.79, +24.938,  +3.16688, +726.000, +608.000, +888.000
1655434920, +2.79, +24.921,  +2.53517, +655.000, +529.000, +969.000
1655435040, +2.79, +24.913,  +2.16358, +724.000, +608.000, +886.000
1655435160, +2.79, +24.930,  +1.72696, +655.000, +531.000, +967.000
1655435280, +2.79, +24.880,  +1.47924, +655.000, +531.000, +969.000
1655435400, +2.79, +24.905,  +1.10455, +655.000, +531.000, +968.000
1655435520, +2.79, +24.905,  +0.86302, +655.000, +531.000, +966.000
1655435640, +2.79, +24.896,  +0.64006, +734.000, +604.000, +864.000
1655435760, +2.79, +24.913,  +0.43259, +736.000, +560.000, +908.000
1655435880, +2.79, +24.921,  +0.34898, +721.000, +608.000, +884.000
1655436000, +2.79, +24.913,  +0.26538, +720.000, +606.000, +896.000
1655436120, +2.79, +24.930,  +0.17867, +736.000, +601.000, +862.000
1655436240, +2.79, +24.921,  +0.15080, +732.000, +604.000, +864.000
1655436360, +2.79, +24.938,  +0.04242, +732.000, +604.000, +864.000
1655436480, +2.79, +24.946,  +0.02384, +654.000, +534.000, +967.000
1655436600, +2.79, +24.963,  -0.02880, +712.000, +600.000, +915.000
1655436720, +2.79, +24.955,  -0.02261, +720.000, +608.000, +889.000
1655436840, +2.79, +24.955,  -0.01022, +694.000, +575.000, +972.000
1655436960, +2.79, +24.963,  +0.06720, +707.000, +591.000, +935.000
1655437080, +2.79, +24.930,  -0.02570, +736.000, +596.000, +864.000
1655437200, +2.79, +24.963,  +0.01765, +736.000, +555.000, +903.000
1655437320, +2.79, +24.971,  -0.03189, +719.000, +600.000, +912.000
1655437440, +2.79, +24.980,  +0.00836, +704.000, +591.000, +940.000
1655437560, +2.79, +24.988,  -0.00712, +736.000, +595.000, +862.000
1655437680, +2.79, +24.980,  +0.03004, +736.000, +580.000, +876.000
1655437800, +2.79, +24.988,  +0.00217, +728.000, +608.000, +867.000
1655437920, +2.79, +24.971,  -0.05976, +713.000, +595.000, +920.000
1655438040, +2.79, +25.005,  -0.03189, +716.000, +600.000, +915.000
1655438160, +2.79, +24.996,  +0.04862, +728.000, +606.000, +880.000
1655438280, +2.79, +25.005,  -0.04118, +723.000, +608.000, +872.000
1655438400, +2.79, +24.996,  +0.01765, +716.000, +600.000, +911.000
1655438520, +2.79, +24.996,  +0.02075, +728.000, +608.000, +871.000
1655438640, +2.79, +25.013,  -0.00712, +716.000, +600.000, +912.000
1655438760, +2.79, +25.013,  +0.00836, +688.000, +569.000, +982.000
1655438880, +2.79, +24.996,  -0.01951, +707.000, +591.000, +936.000
1655439000, +2.79, +24.988,  -0.04738, +716.000, +600.000, +910.000
1655439120, +2.79, +24.955,  -0.05357, +716.000, +600.000, +915.000
1655439240, +2.79, +25.021,  -0.03189, +713.000, +600.000, +913.000
1655439360, +2.79, +25.013,  -0.02880, +712.000, +596.000, +920.000
1655439480, +2.79, +25.030,  -0.04738, +718.000, +600.000, +908.000
1655439600, +2.79, +25.038,  +0.03933, +736.000, +600.000, +864.000
1655439720, +2.79, +25.046,  -0.02261, +716.000, +600.000, +915.000
1655439840, +2.79, +25.030,  +0.02694, +732.000, +604.000, +864.000
1655439960, +2.79, +25.046,  -0.01951, +728.000, +608.000, +871.000
1655440080, +2.79, +25.055,  -0.00403, +736.000, +588.000, +871.000
1655440200, +2.79, +25.055,  -0.00403, +704.000, +588.000, +944.000
1655440320, +2.79, +25.071,  -0.02570, +718.000, +598.000, +915.000
1655440440, +2.79, +25.046,  -0.00403, +723.000, +608.000, +894.000
1655440560, +2.79, +25.071,  +0.00836, +710.000, +595.000, +924.000
1655440680, +2.79, +25.088,  -0.00093, +723.000, +604.000, +892.000
1655440800, +2.79, +25.071,  -0.02880, +705.000, +588.000, +944.000
1655440920, +2.79, +25.080,  +0.01765, +710.000, +590.000, +936.000
1655441040, +2.79, +25.071,  -0.05667, +704.000, +584.000, +952.000
1655441160, +2.79, +25.071,  -0.04118, +711.000, +592.000, +935.000
1655441280, +2.79, +25.030,  +0.02384, +736.000, +572.000, +883.000
1655441400, +2.79, +25.080,  -0.04738, +710.000, +593.000, +927.000
1655441520, +2.79, +25.080,  -0.00093, +728.000, +606.000, +873.000
1655441640, +2.79, +25.063,  +0.00217, +716.000, +600.000, +912.000
1655441760, +2.79, +25.021,  -0.03499, +704.000, +584.000, +952.000
1655441880, +2.79, +25.063,  -0.00712, +718.000, +598.000, +912.000
1655442000, +2.79, +25.071,  -0.06286, +726.000, +608.000, +888.000
1655442120, +2.79, +25.030,  -0.03189, +710.000, +591.000, +931.000
1655442240, +2.79, +25.038,  +0.02384, +712.000, +595.000, +929.000
1655442360, +2.79, +25.030,  -0.00712, +712.000, +600.000, +915.000
1655442480, +2.79, +25.021,  -0.00712, +721.000, +604.000, +897.000
1655442600, +2.79, +25.021,  -0.04738, +728.000, +608.000, +865.000
1655442720, +2.79, +25.021,  -0.01951, +711.000, +593.000, +924.000
1655442840, +2.79, +24.996,  +0.03313, +711.000, +595.000, +927.000
1655442960, +2.79, +25.005,  -0.01022, +712.000, +593.000, +924.000
1655443080, +2.79, +24.971,  -0.04428, +739.000, +588.000, +867.000
1655443200, +2.79, +24.963,  -0.02880, +704.000, +585.000, +950.000
1655443320, +2.79, +24.971,  +0.01765, +718.000, +596.000, +912.000
1655443440, +2.79, +24.980,  +0.00836, +736.000, +588.000, +867.000
1655443560, +2.79, +24.955,  -0.06905, +712.000, +598.000, +920.000
1655443680, +2.79, +24.971,  -0.02570, +728.000, +608.000, +870.000
1655443800, +2.79, +24.921,  -0.01951, +724.000, +608.000, +880.000
1655443920, +2.79, +24.955,  +0.00526, +716.000, +595.000, +918.000
1655444040, +2.79, +24.938,  -0.06905, +722.000, +608.000, +883.000
1655444160, +2.79, +24.938,  +0.02384, +720.000, +604.000, +896.000
1655444280, +2.79, +24.913,  -0.03809, +713.000, +600.000, +915.000
1655444400, +2.79, +24.921,  -0.00093, +736.000, +604.000, +862.000
1655444520, +2.79, +24.930,  -0.00093, +736.000, +595.000, +864.000
1655444640, +2.79, +24.905,  -0.04118, +736.000, +553.000, +895.000
1655444760, +2.79, +24.896,  -0.02570, +736.000, +569.000, +880.000
1655444880, +2.79, +24.888,  -0.00403, +736.000, +579.000, +872.000
1655445000, +2.79, +24.896,  -0.02570, +736.000, +579.000, +880.000
1655445120, +2.79, +24.888,  -0.01951, +736.000, +608.000, +864.000
1655445240, +2.79, +24.871,  -0.02261, +718.000, +601.000, +908.000
1655445360, +2.79, +24.888,  -0.04118, +739.000, +556.000, +899.000
1655445480, +2.79, +24.838,  -0.03809, +655.000, +532.000, +967.000
1655445600, +2.79, +24.863,  -0.03189, +736.000, +588.000, +870.000
1655445720, +2.79, +24.846,  -0.01951, +655.000, +534.000, +967.000
1655445840, +2.79, +24.846,  -0.01641, +655.000, +531.000, +967.000
1655445960, +2.79, +24.846,  +0.00217, +713.000, +596.000, +920.000
1655446080, +2.79, +24.821,  -0.00403, +716.000, +604.000, +908.000
1655446200, +2.79, +24.805,  -0.03809, +736.000, +595.000, +864.000
1655446320, +2.79, +24.813,  +0.00526, +716.000, +604.000, +910.000
1655446440, +2.79, +24.813,  -0.01332, +655.000, +531.000, +968.000
1655446560, +2.79, +24.788,  -0.03809, +720.000, +604.000, +896.000
1655446680, +2.79, +24.780,  -0.04428, +655.000, +529.000, +967.000
1655446800, +2.79, +24.788,  -0.02880, +654.000, +534.000, +967.000
1655446920, +2.79, +24.763,  -0.05976, +728.000, +608.000, +872.000
1655447040, +2.79, +24.771,  -0.02880, +728.000, +604.000, +872.000
1655447160, +2.79, +24.730,  +0.02075, +737.000, +556.000, +903.000
1655447280, +2.79, +24.747,  -0.00403, +654.000, +531.000, +974.000
1655447400, +2.79, +24.713,  +0.00217, +655.000, +534.000, +972.000
1655447520, +2.79, +24.738,  -0.03189, +655.000, +529.000, +967.000
1655447640, +2.79, +24.713,  -0.06596, +655.000, +531.000, +967.000
1655447760, +2.79, +24.705,  -0.00403, +655.000, +531.000, +967.000
1655447880, +2.79, +24.722,  -0.02880, +655.000, +535.000, +967.000
1655448000, +2.79, +24.730,  +0.00836, +655.000, +531.000, +967.000
1655448120, +2.79, +24.705,  +0.01455, +736.000, +572.000, +897.000
1655448240, +2.79, +24.705,  -0.00403, +720.000, +604.000, +899.000
1655448360, +2.79, +24.697,  -0.01332, +728.000, +604.000, +864.000
1655448480, +2.79, +24.713,  -0.05976, +655.000, +531.000, +972.000
1655448600, +2.79, +24.730,  -0.05047, +654.000, +531.000, +971.000
1655448720, +2.79, +24.697,  -0.06596, +684.000, +563.000, +985.000
1655448840, +2.79, +24.697,  -0.01951, +654.000, +531.000, +968.000
1655448960, +2.79, +24.705,  -0.02880, +655.000, +529.000, +968.000
1655449080, +2.79, +24.713,  -0.04118, +736.000, +569.000, +889.000
1655449200, +2.79, +24.697,  -0.03189, +712.000, +598.000, +920.000
1655449320, +2.79, +24.722,  +0.00217, +655.000, +534.000, +968.000
1655449440, +2.79, +24.697,  -0.11241, +736.000, +576.000, +878.000
1655449560, +2.79, +24.705,  -0.04428, +655.000, +534.000, +975.000
1655449680, +2.79, +24.697,  +0.05171, +736.000, +568.000, +902.000
1655449800, +2.79, +24.722,  +0.03313, +655.000, +531.000, +972.000
1655449920, +2.79, +24.697,  -0.00403, +732.000, +604.000, +864.000
1655450040, +2.79, +24.663,  +0.04242, +655.000, +534.000, +967.000
1655450160, +2.79, +24.680,  +0.04552, +736.000, +574.000, +888.000
1655450280, +2.79, +24.680,  -0.03499, +736.000, +604.000, +860.000
1655450400, +2.79, +24.688,  -0.02261, +652.000, +534.000, +975.000
1655450520, +2.79, +24.680,  -0.03809, +655.000, +531.000, +967.000
1655450640, +2.79, +24.688,  -0.02880, +726.000, +608.000, +880.000
1655450760, +2.79, +24.688,  -0.00093, +655.000, +531.000, +967.000
1655450880, +2.79, +24.688,  -0.03809, +655.000, +529.000, +967.000
1655451000, +2.79, +24.705,  -0.00093, +655.000, +531.000, +967.000
1655451120, +2.79, +24.680,  -0.03809, +655.000, +531.000, +966.000
1655451240, +2.79, +24.680,  +0.01455, +736.000, +600.000, +860.000
1655451360, +2.79, +24.688,  -0.03189, +732.000, +608.000, +870.000
1655451480, +2.79, +24.697,  -0.05667, +654.000, +531.000, +972.000
1655451600, +2.79, +24.688,  -0.01332, +655.000, +528.000, +968.000
1655451720, +2.79, +24.697,  -0.05047, +736.000, +553.000, +903.000
1655451840, +2.79, +24.730,  -0.00093, +655.000, +532.000, +972.000
1655451960, +2.79, +24.688,  -0.01951, +655.000, +534.000, +967.000
1655452080, +2.79, +24.672,  -0.04428, +736.000, +604.000, +864.000
1655452200, +2.79, +24.730,  -0.04428, +655.000, +528.000, +969.000
1655452320, +2.79, +24.697,  -0.03499, +655.000, +531.000, +967.000
1655452440, +2.79, +24.697,  +0.00217, +654.000, +529.000, +967.000
1655452560, +2.79, +24.713,  -0.06286, +654.000, +534.000, +967.000
1655452680, +2.79, +24.672,  +0.01455, +655.000, +534.000, +974.000
1655452800, +2.79, +24.705,  +0.01146, +736.000, +572.000, +895.000
1655452920, +2.79, +24.705,  -0.03499, +655.000, +529.000, +967.000
1655453040, +2.79, +24.713,  +0.01146, +736.000, +590.000, +867.000
1655453160, +2.79, +24.705,  -0.01022, +655.000, +531.000, +967.000
1655453280, +2.79, +24.722,  -0.05047, +655.000, +536.000, +972.000
1655453400, +2.79, +24.730,  -0.01641, +654.000, +534.000, +967.000
1655453520, +2.79, +24.755,  -0.07215, +655.000, +531.000, +967.000
1655453640, +2.79, +24.763,  -0.06286, +655.000, +531.000, +967.000
1655453760, +2.79, +24.713,  -0.01022, +654.000, +531.000, +967.000
1655453880, +2.79, +24.730,  -0.04118, +655.000, +529.000, +972.000
1655454000, +2.79, +24.747,  -0.01951, +655.000, +531.000, +969.000
1655454120, +2.79, +24.738,  -0.03809, +655.000, +534.000, +969.000
1655454240, +2.79, +24.738,  -0.01951, +656.000, +536.000, +979.000
1655454360, +2.79, +24.730,  -0.01332, +655.000, +534.000, +968.000
1655454480, +2.79, +24.738,  -0.05976, +655.000, +534.000, +974.000
1655454600, +2.79, +24.722,  -0.00093, +656.000, +536.000, +984.000
1655454720, +2.79, +24.713,  -0.00093, +736.000, +559.000, +902.000
1655454840, +2.79, +24.738,  -0.02261, +718.000, +600.000, +908.000
1655454960, +2.79, +24.722,  -0.04118, +735.000, +556.000, +903.000
1655455080, +2.79, +24.730,  +0.00836, +736.000, +559.000, +899.000
1655455200, +2.79, +24.697,  +0.04552, +654.000, +534.000, +976.000
1655455320, +2.79, +24.713,  -0.01951, +718.000, +600.000, +905.000
1655455440, +2.79, +24.722,  -0.00712, +659.000, +542.000, +988.000
1655455560, +2.79, +24.713,  -0.02880, +655.000, +531.000, +967.000
1655455680, +2.79, +24.713,  -0.01022, +736.000, +584.000, +870.000
1655455800, +2.79, +24.713,  -0.03189, +654.000, +531.000, +968.000
1655455920, +2.79, +24.713,  -0.04738, +655.000, +534.000, +969.000
1655456040, +2.79, +24.738,  -0.03809, +726.000, +608.000, +886.000
1655456160, +2.79, +24.722,  -0.02570, +736.000, +591.000, +867.000
1655456280, +2.79, +24.697,  +0.00836, +736.000, +591.000, +867.000
1655456400, +2.79, +24.705,  -0.02570, +732.000, +604.000, +864.000
1655456520, +2.79, +24.713,  -0.05667, +655.000, +535.000, +966.000
1655456640, +2.79, +24.705,  +0.02075, +655.000, +536.000, +966.000
1655456760, +2.79, +24.672,  +0.00526, +656.000, +529.000, +972.000
1655456880, +2.79, +24.680,  -0.01332, +656.000, +542.000, +984.000
1655457000, +2.79, +24.722,  +0.01455, +654.000, +531.000, +975.000
1655457120, +2.79, +24.697,  -0.00403, +654.000, +531.000, +972.000
1655457240, +2.79, +24.722,  -0.04738, +655.000, +534.000, +967.000
1655457360, +2.79, +24.730,  +0.03933, +656.000, +536.000, +984.000
1655457480, +2.79, +24.755,  +0.00217, +655.000, +532.000, +968.000
1655457600, +2.79, +24.738,  +0.03313, +736.000, +572.000, +887.000
1655457720, +2.79, +24.738,  -0.05357, +655.000, +532.000, +969.000
1655457840, +2.79, +24.738,  -0.01332, +736.000, +596.000, +864.000
1655457960, +2.79, +24.747,  +0.01765, +736.000, +580.000, +876.000
1655458080, +2.79, +24.747,  +0.01765, +655.000, +529.000, +969.000
1655458200, +2.79, +24.722,  -0.00093, +718.000, +604.000, +903.000
1655458320, +2.79, +24.738,  -0.05047, +655.000, +534.000, +972.000
1655458440, +2.79, +24.755,  -0.03809, +632.000, +572.000, +968.000
1655458560, +2.79, +24.763,  -0.07834, +632.000, +568.000, +974.000
1655458680, +2.79, +24.747,  -0.01022, +633.000, +575.000, +983.000
1655458800, +2.79, +24.788,  -0.02570, +712.000, +595.000, +903.000
1655458920, +2.79, +24.771,  -0.05976, +688.000, +636.000, +924.000
1655459040, +2.79, +24.780,  -0.04738, +707.000, +648.000, +864.000
1655459160, +2.79, +24.771,  -0.05976, +631.000, +568.000, +968.000
1655459280, +2.79, +24.780,  -0.02261, +714.000, +622.000, +880.000
1655459400, +2.79, +24.780,  -0.04428, +712.000, +609.000, +893.000
1655459520, +2.79, +24.788,  +0.03004, +712.000, +632.000, +867.000
1655459640, +2.79, +24.788,  +0.04242, +712.000, +608.000, +886.000
1655459760, +2.79, +24.805,  -0.00093, +712.000, +615.000, +886.000
1655459880, +2.79, +24.796,  -0.03499, +712.000, +609.000, +895.000
1655460000, +2.79, +24.821,  +0.04242, +712.000, +633.000, +864.000
1655460120, +2.79, +24.805,  +0.02384, +712.000, +595.000, +910.000
1655460240, +2.79, +24.813,  -0.01641, +712.000, +644.000, +864.000
1655460360, +2.79, +24.821,  +0.01146, +713.000, +630.000, +867.000
1655460480, +2.79, +24.821,  -0.07525, +713.000, +595.000, +903.000
1655460600, +2.79, +24.821,  -0.05047, +712.000, +592.000, +903.000
1655460720, +2.79, +24.821,  +0.00526, +712.000, +600.000, +900.000
1655460840, +2.79, +24.830,  -0.03189, +712.000, +614.000, +883.000
1655460960, +2.79, +24.838,  -0.00712, +712.000, +614.000, +883.000
1655461080, +2.79, +24.838,  -0.05357, +712.000, +638.000, +864.000
1655461200, +2.79, +24.863,  -0.02570, +712.000, +624.000, +875.000
1655461320, +2.79, +24.838,  -0.05667, +713.000, +616.000, +878.000
1655461440, +2.79, +24.838,  -0.00403, +712.000, +600.000, +899.000
1655461560, +2.79, +24.846,  -0.04118, +632.000, +568.000, +968.000
1655461680, +2.79, +24.855,  -0.03809, +700.000, +646.000, +888.000
1655461800, +2.79, +24.863,  -0.03499, +712.000, +608.000, +899.000
1655461920, +2.79, +24.846,  -0.01332, +716.000, +624.000, +872.000
1655462040, +2.79, +24.846,  -0.07215, +712.000, +620.000, +880.000
1655462160, +2.79, +24.846,  +0.06720, +696.000, +646.000, +892.000
1655462280, +2.79, +24.838,  -0.04118, +710.000, +648.000, +864.000
1655462400, +2.79, +24.846,  -0.03189, +715.000, +630.000, +868.000
1655462520, +2.79, +24.846,  -0.04428, +712.000, +633.000, +867.000
1655462640, +2.79, +24.838,  -0.03499, +700.000, +647.000, +889.000
1655462760, +2.79, +24.863,  -0.04428, +692.000, +641.000, +911.000
1655462880, +2.79, +24.871,  -0.01022, +704.000, +648.000, +876.000
1655463000, +2.79, +24.813,  -0.01332, +707.000, +648.000, +876.000
1655463120, +2.79, +24.855,  -0.01641, +704.000, +648.000, +872.000
1655463240, +2.79, +24.846,  -0.00712, +707.000, +596.000, +903.000
1655463360, +2.79, +24.855,  +0.00526, +704.000, +648.000, +878.000
1655463480, +2.79, +24.838,  -0.02570, +704.000, +647.000, +880.000
1655463600, +2.79, +24.846,  -0.03809, +712.000, +625.000, +870.000
1655463720, +2.79, +24.863,  -0.00712, +632.000, +568.000, +969.000
1655463840, +2.79, +24.863,  -0.02261, +704.000, +648.000, +872.000
1655463960, +2.79, +24.863,  -0.02261, +632.000, +569.000, +967.000
1655464080, +2.79, +24.855,  -0.05667, +712.000, +638.000, +864.000
1655464200, +2.79, +24.863,  -0.02570, +712.000, +636.000, +864.000
1655464320, +2.79, +24.855,  -0.06905, +711.000, +616.000, +883.000
1655464440, +2.79, +24.863,  -0.00093, +632.000, +568.000, +972.000
1655464560, +2.79, +24.871,  -0.00093, +712.000, +630.000, +870.000
1655464680, +2.79, +24.871,  -0.03499, +711.000, +632.000, +864.000
1655464800, +2.79, +24.846,  -0.05047, +707.000, +648.000, +864.000
1655464920, +2.79, +24.888,  -0.01022, +694.000, +640.000, +911.000
1655465040, +2.79, +24.888,  -0.04118, +711.000, +640.000, +864.000
1655465160, +2.79, +24.896,  +0.03623, +708.000, +648.000, +867.000
1655465280, +2.79, +24.846,  -0.02261, +704.000, +648.000, +888.000
1655465400, +2.79, +24.905,  +0.00836, +700.000, +648.000, +884.000
1655465520, +2.79, +24.880,  +0.02384, +710.000, +646.000, +864.000
1655465640, +2.79, +24.896,  -0.02261, +710.000, +648.000, +865.000
1655465760, +2.79, +24.905,  -0.02880, +691.000, +640.000, +920.000
1655465880, +2.79, +24.905,  -0.10312, +712.000, +620.000, +879.000
1655466000, +2.79, +24.913,  -0.04428, +704.000, +648.000, +876.000
1655466120, +2.79, +24.930,  -0.01951, +700.000, +648.000, +886.000
1655466240, +2.79, +24.930,  +0.00526, +632.000, +568.000, +971.000
1655466360, +2.79, +24.938,  +0.00217, +692.000, +643.000, +905.000
1655466480, +2.79, +24.930,  -0.00403, +688.000, +640.000, +926.000
1655466600, +2.79, +24.938,  -0.08144, +707.000, +652.000, +873.000
1655466720, +2.79, +24.930,  -0.01641, +686.000, +633.000, +928.000
1655466840, +2.79, +24.946,  -0.07834, +712.000, +640.000, +864.000
1655466960, +2.79, +24.930,  -0.02880, +684.000, +632.000, +935.000
1655467080, +2.79, +24.913,  -0.01022, +684.000, +636.000, +931.000
1655467200, +2.79, +24.921,  -0.05667, +691.000, +643.000, +915.000
1655467320, +2.79, +24.971,  +0.03313, +704.000, +649.000, +876.000
1655467440, +2.79, +24.930,  +0.01146, +711.000, +591.000, +907.000
1655467560, +2.79, +24.971,  -0.02570, +711.000, +627.000, +873.000
1655467680, +2.79, +24.996,  -0.01332, +630.000, +572.000, +968.000
1655467800, +2.79, +24.996,  -0.02880, +697.000, +648.000, +888.000
1655467920, +2.79, +24.996,  -0.02261, +689.000, +640.000, +920.000
1655468040, +2.79, +24.988,  -0.00712, +630.000, +572.000, +969.000
1655468160, +2.79, +25.005,  -0.01332, +711.000, +632.000, +868.000
1655468280, +2.79, +25.013,  -0.02570, +678.000, +627.000, +952.000
1655468400, +2.79, +25.013,  +0.01765, +680.000, +632.000, +947.000
1655468520, +2.79, +25.005,  +0.03004, +711.000, +632.000, +871.000
1655468640, +2.79, +25.013,  +0.00836, +688.000, +638.000, +927.000
1655468760, +2.79, +25.021,  -0.03189, +704.000, +648.000, +876.000
1655468880, +2.79, +25.005,  -0.03499, +688.000, +643.000, +916.000
1655469000, +2.79, +25.030,  -0.02570, +712.000, +609.000, +887.000
1655469120, +2.79, +25.013,  -0.04738, +678.000, +630.000, +950.000
1655469240, +2.79, +25.030,  -0.04118, +708.000, +603.000, +903.000
1655469360, +2.79, +25.030,  -0.03499, +680.000, +632.000, +944.000
1655469480, +2.79, +25.030,  -0.01641, +688.000, +641.000, +927.000
1655469600, +2.79, +25.038,  -0.01641, +673.000, +625.000, +960.000
1655469720, +2.79, +25.063,  -0.02261, +710.000, +612.000, +899.000
1655469840, +2.79, +25.046,  -0.02261, +711.000, +609.000, +888.000
1655469960, +2.79, +25.030,  -0.01022, +684.000, +633.000, +936.000
1655470080, +2.79, +25.046,  -0.05667, +631.000, +576.000, +984.000
1655470200, +2.79, +25.071,  +0.00526, +684.000, +633.000, +934.000
1655470320, +2.79, +25.038,  -0.02880, +692.000, +644.000, +910.000
1655470440, +2.79, +25.063,  -0.03189, +704.000, +648.000, +865.000
1655470560, +2.79, +25.046,  -0.05047, +696.000, +648.000, +896.000
1655470680, +2.79, +25.071,  +0.01455, +684.000, +640.000, +929.000
1655470800, +2.79, +25.055,  -0.02570, +668.000, +622.000, +967.000
1655470920, +2.79, +25.055,  -0.04118, +688.000, +647.000, +916.000
1655471040, +2.79, +24.996,  -0.04738, +679.000, +644.000, +931.000
1655471160, +2.79, +25.046,  -0.02570, +675.000, +633.000, +950.000
1655471280, +2.79, +25.030,  -0.00093, +678.000, +636.000, +944.000
1655471400, +2.79, +25.046,  -0.01641, +688.000, +646.000, +912.000
1655471520, +2.79, +25.063,  -0.03499, +684.000, +646.000, +921.000
1655471640, +2.79, +25.013,  +0.01455, +680.000, +640.000, +934.000
1655471760, +2.79, +25.005,  -0.05357, +668.000, +624.000, +969.000
1655471880, +2.79, +25.038,  -0.04118, +678.000, +636.000, +944.000
1655472000, +2.79, +25.005,  -0.00712, +688.000, +646.000, +924.000
1655472120, +2.79, +25.038,  +0.03933, +696.000, +654.000, +880.000
1655472240, +2.79, +25.030,  -0.03189, +684.000, +643.000, +924.000
1655472360, +2.79, +25.021,  -0.06596, +672.000, +632.000, +956.000
1655472480, +2.79, +25.013,  +0.03623, +696.000, +655.000, +880.000
1655472600, +2.79, +25.038,  -0.01332, +688.000, +646.000, +918.000
1655472720, +2.79, +25.030,  +0.01765, +707.000, +614.000, +889.000
1655472840, +2.79, +25.005,  -0.01332, +680.000, +641.000, +929.000
1655472960, +2.79, +25.013,  -0.02570, +672.000, +632.000, +952.000
1655473080, +2.79, +25.013,  -0.02880, +684.000, +643.000, +928.000
1655473200, +2.79, +24.996,  -0.04118, +638.000, +590.000, +995.000
1655473320, +2.79, +24.980,  -0.02570, +686.000, +640.000, +926.000
1655473440, +2.79, +25.030,  -0.02880, +704.000, +643.000, +867.000
1655473560, +2.79, +25.038,  +0.02694, +686.000, +640.000, +928.000
1655473680, +2.79, +25.005,  +0.03004, +680.000, +640.000, +929.000
1655473800, +2.79, +25.005,  -0.01022, +627.000, +575.000, +974.000
1655473920, +2.79, +24.996,  +0.00217, +672.000, +630.000, +956.000
1655474040, +2.79, +25.013,  -0.02570, +406.000, +872.000, +1008.000
1655474160, +2.79, +25.005,  -0.02261, +424.000, +880.000, +948.000
1655474280, +2.79, +25.005,  -0.00093, +414.000, +880.000, +988.000
1655474400, +2.79, +24.996,  -0.05976, +406.000, +871.000, +1016.000
1655474520, +2.79, +25.013,  -0.04428, +408.000, +871.000, +1008.000
1655474640, +2.79, +25.005,  -0.00712, +422.000, +884.000, +961.000
1655474760, +2.79, +25.013,  +0.00217, +406.000, +870.000, +1014.000
1655474880, +2.79, +24.988,  -0.00403, +428.000, +829.000, +990.000
1655475000, +2.79, +24.996,  -0.02880, +408.000, +871.000, +1008.000
1655475120, +2.79, +24.980,  -0.04428, +408.000, +872.000, +1000.000
1655475240, +2.79, +25.005,  +0.03313, +408.000, +872.000, +1008.000
1655475360, +2.79, +24.963,  +0.00217, +420.000, +883.000, +968.000
1655475480, +2.79, +24.996,  -0.03189, +408.000, +878.000, +995.000
1655475600, +2.79, +25.030,  -0.06596, +408.000, +871.000, +1012.000
1655475720, +2.79, +24.996,  -0.04118, +399.000, +860.000, +1038.000
1655475840, +2.79, +25.005,  +0.02075, +368.000, +792.000, +1047.000
1655475960, +2.79, +25.005,  -0.00093, +414.000, +880.000, +979.000
1655476080, +2.79, +25.021,  +0.01146, +414.000, +878.000, +995.000
1655476200, +2.79, +25.013,  -0.04428, +411.000, +876.000, +996.000
1655476320, +2.79, +25.038,  +0.01146, +408.000, +870.000, +1016.000
1655476440, +2.79, +25.013,  -0.07834, +419.000, +881.000, +972.000
1655476560, +2.79, +25.013,  -0.05047, +408.000, +865.000, +1016.000
1655476680, +2.79, +25.038,  -0.03809, +404.000, +868.000, +1016.000
1655476800, +2.79, +25.038,  -0.03809, +408.000, +871.000, +1014.000
1655476920, +2.79, +25.038,  -0.00093, +387.000, +833.000, +1068.000
1655477040, +2.79, +25.046,  -0.05357, +408.000, +865.000, +1017.000
1655477160, +2.79, +25.038,  -0.00403, +408.000, +867.000, +1016.000
1655477280, +2.79, +25.038,  +0.00836, +406.000, +864.000, +1020.000
1655477400, +2.79, +24.996,  +0.02694, +406.000, +862.000, +1030.000
1655477520, +2.79, +25.038,  +0.01455, +371.000, +785.000, +1049.000
1655477640, +2.79, +25.030,  -0.01951, +408.000, +864.000, +1025.000
1655477760, +2.79, +25.063,  +0.02075, +416.000, +876.000, +988.000
1655477880, +2.79, +25.055,  -0.05047, +432.000, +870.000, +948.000
1655478000, +2.79, +25.055,  -0.01641, +408.000, +864.000, +1020.000
1655478120, +2.79, +25.071,  -0.03189, +403.000, +856.000, +1040.000
1655478240, +2.79, +25.055,  +0.02075, +412.000, +871.000, +1006.000
1655478360, +2.79, +25.063,  +0.01146, +419.000, +880.000, +974.000
1655478480, +2.79, +25.071,  -0.00403, +408.000, +865.000, +1016.000
1655478600, +2.79, +25.063,  -0.02570, +408.000, +865.000, +1015.000
1655478720, +2.79, +25.046,  -0.05047, +408.000, +867.000, +1016.000
1655478840, +2.79, +25.055,  -0.02880, +408.000, +865.000, +1016.000
1655478960, +2.79, +25.080,  -0.04118, +424.000, +883.000, +956.000
1655479080, +2.79, +25.071,  +0.03623, +414.000, +871.000, +1001.000
1655479200, +2.79, +25.071,  +0.05171, +419.000, +880.000, +975.000
1655479320, +2.79, +25.096,  -0.00403, +420.000, +881.000, +968.000
1655479440, +2.79, +25.046,  +0.02384, +412.000, +872.000, +999.000
1655479560, +2.79, +25.080,  +0.06100, +390.000, +832.000, +1070.000
1655479680, +2.79, +25.071,  +0.12603, +408.000, +871.000, +1008.000
1655479800, +2.79, +25.063,  +0.09507, +388.000, +828.000, +1072.000
1655479920, +2.79, +25.080,  +0.13842, +396.000, +840.000, +1059.000
