7530-428102
OS REV: 1.05 Sensor Cal: 1572940800
Time (sec),  Bat (Volts),   T (deg C),  PAR (umol/(s m^2))  Ax (g), Ay (g), Az (g)
1642979040, +3.07, +30.945, +1504.26358, +1110.000,  +0.000, +96.000
1642979160, +3.07, +30.969, +1480.46324, +1112.000,  -8.000, +97.000
1642979280, +3.07, +30.985, +1576.53783, +1112.000, -12.000, +96.000
1642979400, +3.07, +31.033, +857.51425, +1112.000,  -8.000, +96.000
1642979520, +3.07, +31.041, +1448.55294, +1110.000,  -8.000, +97.000
1642979640, +3.07, +31.081, +1492.19929, +1112.000,  +0.000, +96.000
1642979760, +3.07, +31.097, +1427.48689, +1108.000,  +0.000, +102.000
1642979880, +3.07, +31.112, +1422.10502, +1110.000,  +0.000, +104.000
1642980000, +3.07, +31.105, +1436.42982, +1110.000,  +0.000, +102.000
1642980120, +3.07, +31.128, +1430.99841, +1107.000,  +0.000, +104.000
1642980240, +3.07, +31.120, +1423.68119, +1105.000,  +0.000, +110.000
1642980360, +3.07, +31.144, +1408.03415, +1112.000,  +0.000, +99.000
1642980480, +3.07, +31.128, +1372.61543, +1108.000,  +0.000, +102.000
1642980600, +3.07, +31.160, +1272.62055, +1108.000,  -8.000, +102.000
1642980720, +3.07, +31.168, +1199.72388, +1107.000,  +0.000, +104.000
1642980840, +3.07, +31.160, +261.55199, +1111.000,  -8.000, +97.000
1642980960, +3.07, +31.192, +1298.95390, +1104.000,  +0.000, +115.000
1642981080, +3.07, +31.224, +1306.16894, +1110.000,  +0.000, +102.000
1642981200, +3.07, +31.232, +1367.84050, +1105.000,  +0.000, +112.000
1642981320, +3.07, +31.232, +1256.38826, +1112.000,  -8.000, +102.000
1642981440, +3.07, +31.248, +1163.48147, +1107.000,  +0.000, +110.000
1642981560, +3.07, +31.264, +1297.11143, +1104.000,  +0.000, +112.000
1642981680, +3.07, +31.240, +1210.58050, +1107.000,  +0.000, +108.000
1642981800, +3.07, +31.248, +1264.39913, +1107.000,  +0.000, +103.000
1642981920, +3.07, +31.240, +1261.29945, +1108.000,  -8.000, +102.000
1642982040, +3.07, +31.216, +387.17109, +1108.000,  +0.000, +104.000
1642982160, +3.07, +31.232, +394.37684, +1107.000,  +0.000, +112.000
1642982280, +3.07, +31.248, +1308.59047, +1107.000,  +0.000, +112.000
1642982400, +3.07, +31.232, +1327.84193, +1107.000,  +0.000, +108.000
1642982520, +3.07, +31.264, +1262.72387, +1107.000,  +0.000, +104.000
1642982640, +3.07, +31.248, +1317.86783, +1105.000,  +0.000, +108.000
1642982760, +3.07, +31.256, +907.44356, +1105.000,  +0.000, +113.000
1642982880, +3.07, +31.240, +1043.91309, +1104.000,  +0.000, +112.000
1642983000, +3.07, +31.216, +1218.28171, +1103.000,  +0.000, +120.000
1642983120, +3.07, +31.192, +1208.50270, +1104.000,  +0.000, +112.000
1642983240, +3.07, +31.184, +330.96810, +1110.000,  +0.000, +104.000
1642983360, +3.07, +31.168, +348.97164, +1112.000,  -8.000, +96.000
1642983480, +3.07, +31.176, +767.23026, +1112.000,  -8.000, +102.000
1642983600, +3.07, +31.192, +251.78847, +1111.000,  -8.000, +99.000
1642983720, +3.07, +31.184, +1143.70050, +1107.000,  +0.000, +108.000
1642983840, +3.07, +31.208, +253.18193, +1104.000,  -8.000, +112.000
1642983960, +3.07, +31.216, +328.14712, +1107.000,  +0.000, +104.000
1642984080, +3.07, +31.224, +256.58817, +1103.000,  +0.000, +120.000
1642984200, +3.07, +31.192, +1013.64399, +1111.000,  +0.000, +102.000
1642984320, +3.07, +31.208, +997.51389, +1104.000,  +0.000, +112.000
1642984440, +3.07, +31.216, +434.59527, +1110.000,  -8.000, +100.000
1642984560, +3.07, +31.224, +209.12374, +1107.000,  +0.000, +104.000
1642984680, +3.07, +31.216, +902.30324, +1107.000,  +0.000, +108.000
1642984800, +3.07, +31.200, +910.58969, +1110.000,  +0.000, +102.000
1642984920, +3.07, +31.192, +847.79717, +1107.000,  +0.000, +99.000
1642985040, +3.07, +31.152, +355.89250, +1107.000,  +0.000, +104.000
1642985160, +3.07, +31.152, +325.55528, +1091.000, -196.000, +242.000
1642985280, +3.07, +31.152, +413.64379, +1096.000, -196.000, +227.000
1642985400, +3.07, +31.160, +296.36069, +1095.000, -196.000, +228.000
1642985520, +3.07, +31.136, +323.01608, +1095.000, -196.000, +230.000
1642985640, +3.07, +31.120, +182.01315, +1096.000, -200.000, +227.000
1642985760, +3.07, +31.128, +203.08230, +1096.000, -200.000, +227.000
1642985880, +3.07, +31.112, +226.78975, +1100.000, -200.000, +224.000
1642986000, +3.07, +31.097, +229.19579, +1096.000, -204.000, +224.000
1642986120, +3.07, +31.041, +193.97835, +1096.000, -204.000, +224.000
1642986240, +3.07, +30.993, +208.01206, +1096.000, -200.000, +224.000
1642986360, +3.07, +30.961, +653.12426, +1100.000, -200.000, +224.000
1642986480, +3.07, +30.913, +425.10424, +1096.000, -208.000, +224.000
1642986600, +3.07, +30.873, +555.00282, +1099.000, -208.000, +228.000
1642986720, +3.07, +30.841, +410.96834, +1096.000, -205.000, +224.000
1642986840, +3.07, +30.793, +391.82216, +1100.000, -206.000, +224.000
1642986960, +3.07, +30.777, +194.12698, +1096.000, -208.000, +224.000
1642987080, +3.07, +30.761, +145.50133, +1096.000, -208.000, +224.000
1642987200, +3.07, +30.713, +128.12950, +1096.000, -204.000, +224.000
1642987320, +3.07, +30.649, +126.67720, +1102.000, -216.000, +228.000
1642987440, +3.07, +30.617, +114.02766, +1100.000, -212.000, +228.000
1642987560, +3.07, +30.593, +99.66571, +1096.000, -208.000, +227.000
1642987680, +3.07, +30.553, +85.17989, +1100.000, -218.000, +230.000
1642987800, +3.07, +30.472, +71.90174, +1097.000, -212.000, +224.000
1642987920, +3.07, +30.464, +67.61607, +1100.000, -212.000, +228.000
1642988040, +3.07, +30.480, +67.29402, +1096.000, -216.000, +230.000
1642988160, +3.07, +30.497, +66.11732, +1096.000, -216.000, +228.000
1642988280, +3.07, +30.513, +67.21661, +1097.000, -216.000, +231.000
1642988400, +3.07, +30.505, +65.14499, +1097.000, -212.000, +228.000
1642988520, +3.07, +30.497, +68.39950, +1100.000, -212.000, +231.000
1642988640, +3.07, +30.456, +67.40550, +1100.000, -212.000, +228.000
1642988760, +3.07, +30.480, +70.34416, +1100.000, -218.000, +232.000
1642988880, +3.07, +30.464, +69.77129, +1096.000, -216.000, +227.000
1642989000, +3.07, +30.456, +79.96834, +1100.000, -216.000, +227.000
1642989120, +3.07, +30.416, +78.88763, +1102.000, -216.000, +232.000
1642989240, +3.07, +30.271, +80.80751, +1096.000, -212.000, +228.000
1642989360, +3.07, +30.183, +96.25946, +1102.000, -224.000, +232.000
1642989480, +3.07, +30.094, +111.61852, +1100.000, -224.000, +232.000
1642989600, +3.07, +30.078, +100.23857, +1100.000, -224.000, +232.000
1642989720, +3.07, +30.030, +96.25946, +1097.000, -232.000, +240.000
1642989840, +3.07, +29.997, +100.36553, +1102.000, -224.000, +243.000
1642989960, +3.07, +29.957, +97.40210, +1100.000, -226.000, +233.000
1642990080, +3.07, +29.860, +91.37925, +1100.000, -228.000, +240.000
1642990200, +3.07, +29.868, +87.00068, +1097.000, -232.000, +248.000
1642990320, +3.07, +29.868, +84.99100, +1096.000, -232.000, +244.000
1642990440, +3.07, +29.852, +83.79262, +1100.000, -232.000, +248.000
1642990560, +3.07, +29.779, +81.99041, +1100.000, -240.000, +249.000
1642990680, +3.07, +29.682, +82.97512, +1100.000, -232.000, +240.000
1642990800, +3.07, +29.633, +77.12258, +1100.000, -242.000, +263.000
1642990920, +3.07, +29.536, +72.49628, +1096.000, -247.000, +271.000
1642991040, +3.07, +29.495, +79.13226, +1097.000, -240.000, +246.000
1642991160, +3.07, +29.584, +68.99714, +1096.000, -240.000, +255.000
1642991280, +3.07, +29.552, +67.20732, +1096.000, -244.000, +263.000
1642991400, +3.07, +29.552, +63.21273, +1100.000, -244.000, +260.000
1642991520, +3.07, +29.438, +66.38363, +1095.000, -244.000, +275.000
1642991640, +3.07, +29.341, +63.28395, +1100.000, -240.000, +271.000
1642991760, +3.07, +29.365, +63.75463, +1096.000, -244.000, +271.000
1642991880, +3.07, +29.251, +46.57169, +1096.000, -248.000, +275.000
1642992000, +3.07, +29.089, +57.05672, +992.000, -217.000, +390.000
1642992120, +3.07, +28.942, +62.30852, +992.000, -218.000, +387.000
1642992240, +3.07, +28.877, +58.84654, +992.000, -218.000, +387.000
1642992360, +3.07, +28.942, +47.33654, +992.000, -217.000, +387.000
1642992480, +3.07, +28.844, +61.23091, +992.000, -221.000, +387.000
1642992600, +3.07, +28.762, +57.72868, +992.000, -221.000, +387.000
1642992720, +3.07, +28.803, +52.56048, +992.000, -218.000, +387.000
1642992840, +3.07, +28.721, +48.96535, +991.000, -221.000, +387.000
1642992960, +3.07, +28.713, +45.46311, +990.000, -220.000, +387.000
1642993080, +3.07, +28.721, +38.08395, +992.000, -217.000, +387.000
1642993200, +3.07, +28.664, +41.15267, +992.000, -220.000, +387.000
1642993320, +3.07, +28.566, +26.74736, +993.000, -217.000, +387.000
1642993440, +3.07, +28.460, +25.55208, +992.000, -218.000, +387.000
1642993560, +3.07, +28.320, +35.28464, +992.000, -218.000, +390.000
1642993680, +3.07, +28.173, +30.83175, +1063.000, -208.000, +326.000
1642993800, +3.07, +28.083, +28.11915, +992.000, -218.000, +387.000
1642993920, +3.07, +28.025, +20.50465, +1064.000, -208.000, +322.000
1642994040, +3.07, +27.951, +20.68115, +993.000, -218.000, +384.000
1642994160, +3.07, +27.844, +18.84488, +992.000, -220.000, +385.000
1642994280, +3.07, +27.779, +14.20620, +992.000, -217.000, +384.000
1642994400, +3.07, +27.754, +12.98305, +1062.000, -208.000, +328.000
1642994520, +3.07, +27.680,  +9.59848, +1047.000, -216.000, +358.000
1642994640, +3.07, +27.655,  +7.90775, +1039.000, -217.000, +368.000
1642994760, +3.07, +27.614,  +5.92903, +1055.000, -212.000, +344.000
1642994880, +3.07, +27.556,  +4.23520, +1063.000, -208.000, +320.000
1642995000, +3.07, +27.499,  +2.99037, +1059.000, -208.000, +326.000
1642995120, +3.07, +27.466,  +2.05211, +1091.000, -199.000, +232.000
1642995240, +3.07, +27.532,  +1.03952, +1073.000, -208.000, +296.000
1642995360, +3.07, +27.639,  +1.02404, +992.000, -221.000, +384.000
1642995480, +3.07, +27.614,  +0.73915, +1068.000, -205.000, +310.000
1642995600, +3.07, +27.581,  +0.44188, +1070.000, -208.000, +304.000
1642995720, +3.07, +27.523,  +0.20345, +1100.000, -248.000, +270.000
1642995840, +3.07, +27.490,  +0.18487, +1100.000, -241.000, +271.000
1642995960, +3.07, +27.400,  +0.08887, +993.000, -225.000, +387.000
1642996080, +3.07, +27.276,  -0.01951, +1041.000, -218.000, +368.000
1642996200, +3.07, +27.235,  +0.01765, +1014.000, -224.000, +390.000
1642996320, +3.07, +27.227,  -0.03809, +995.000, -221.000, +385.000
1642996440, +3.07, +27.144,  -0.03189, +1024.000, -224.000, +387.000
1642996560, +3.07, +27.103,  -0.10931, +1039.000, -216.000, +368.000
1642996680, +3.07, +27.094,  -0.04118, +1041.000, -218.000, +364.000
1642996800, +3.07, +26.995,  -0.00712, +1075.000, -200.000, +288.000
1642996920, +3.07, +26.929,  +0.09816, +1048.000, -216.000, +355.000
1642997040, +3.07, +26.863,  -0.05976, +1070.000, -208.000, +307.000
1642997160, +3.07, +26.805,  -0.09692, +1089.000, -196.000, +236.000
1642997280, +3.07, +26.814,  -0.10621, +1083.000, -200.000, +272.000
1642997400, +3.07, +26.855,  -0.00712, +1091.000, -196.000, +236.000
1642997520, +3.07, +26.789,  +0.00526, +1080.000, -200.000, +280.000
1642997640, +3.07, +26.739,  -0.06905, +1094.000, -196.000, +230.000
1642997760, +3.07, +26.714,  +0.03313, +1096.000, -200.000, +216.000
1642997880, +3.07, +26.698,  +0.01765, +1072.000, -205.000, +304.000
1642998000, +3.07, +26.689,  -0.10002, +1100.000, -204.000, +220.000
1642998120, +3.07, +26.665,  +0.03623, +1102.000, -216.000, +224.000
1642998240, +3.07, +26.648,  -0.01332, +1102.000, -224.000, +231.000
1642998360, +3.07, +26.689,  +0.05171, +1100.000, -208.000, +224.000
1642998480, +3.07, +26.681,  -0.09073, +1096.000, -200.000, +220.000
1642998600, +3.07, +26.673,  -0.06596, +1100.000, -208.000, +224.000
1642998720, +3.07, +26.665,  -0.02880, +1100.000, -208.000, +224.000
1642998840, +3.07, +26.698,  -0.05976, +1078.000, -200.000, +280.000
1642998960, +3.07, +26.805,  -0.15576, +1062.000, -208.000, +320.000
1642999080, +3.07, +26.921,  -0.16195, +1080.000, -200.000, +278.000
1642999200, +3.07, +26.938,  -0.03499, +1086.000, -196.000, +256.000
1642999320, +3.07, +26.896,  -0.00093, +1096.000, -200.000, +220.000
1642999440, +3.07, +26.863,  -0.11550, +1095.000, -196.000, +227.000
1642999560, +3.07, +26.880,  -0.04428, +1079.000, -202.000, +287.000
1642999680, +3.07, +26.871,  -0.17434, +1100.000, -216.000, +224.000
1642999800, +3.07, +26.880,  -0.03809, +1072.000, -205.000, +304.000
1642999920, +3.07, +26.863,  -0.03189, +1080.000, -202.000, +284.000
1643000040, +3.07, +26.789,  +0.04242, +1100.000, -224.000, +228.000
1643000160, +3.07, +26.780,  -0.12479, +1095.000, -200.000, +224.000
1643000280, +3.07, +26.896,  -0.06905, +1084.000, -200.000, +268.000
1643000400, +3.07, +26.880,  +0.07649, +1102.000, -226.000, +243.000
1643000520, +3.07, +26.888,  +0.05791, +1084.000, -196.000, +260.000
1643000640, +3.07, +26.814,  -0.02261, +1103.000, -228.000, +243.000
1643000760, +3.07, +26.780,  +0.03313, +1100.000, -216.000, +224.000
1643000880, +3.07, +26.764,  +0.00526, +1100.000, -231.000, +263.000
1643001000, +3.07, +26.814,  -0.05047, +1097.000, -244.000, +271.000
1643001120, +3.07, +26.871,  -0.01641, +1100.000, -224.000, +231.000
1643001240, +3.07, +26.871,  -0.02570, +1100.000, -232.000, +246.000
1643001360, +3.07, +26.847,  -0.01332, +1091.000, -200.000, +240.000
1643001480, +3.07, +26.830,  -0.12170, +1088.000, -200.000, +244.000
1643001600, +3.07, +26.880,  -0.11550, +1099.000, -208.000, +224.000
1643001720, +3.07, +26.847,  +0.00217, +1076.000, -200.000, +291.000
1643001840, +3.07, +26.747,  +0.09197, +1095.000, -200.000, +224.000
1643001960, +3.07, +26.830,  -0.02261, +992.000, -217.000, +385.000
1643002080, +3.07, +26.780,  +0.08268, +1089.000, -196.000, +240.000
1643002200, +3.07, +26.822,  -0.03499, +1099.000, -205.000, +224.000
1643002320, +3.07, +26.954,  +0.00217, +1073.000, -204.000, +295.000
1643002440, +3.07, +26.904,  -0.03189, +1080.000, -200.000, +273.000
1643002560, +3.07, +26.847,  +0.09507, +1075.000, -202.000, +288.000
1643002680, +3.07, +26.830,  +0.02384, +1097.000, -200.000, +220.000
1643002800, +3.07, +26.780,  -0.00712, +992.000, -221.000, +384.000
1643002920, +3.07, +26.871,  -0.00712, +1070.000, -208.000, +307.000
1643003040, +3.07, +26.871,  +0.08578, +1078.000, -200.000, +284.000
1643003160, +3.07, +26.797,  +0.01455, +1102.000, -218.000, +228.000
1643003280, +3.07, +26.739,  -0.07215, +1100.000, -208.000, +217.000
1643003400, +3.07, +26.756,  -0.02261, +1100.000, -200.000, +224.000
1643003520, +3.07, +26.764,  +0.09197, +1100.000, -223.000, +232.000
1643003640, +3.07, +26.739,  -0.04428, +992.000, -221.000, +384.000
1643003760, +3.07, +26.756,  -0.00093, +1103.000, -224.000, +240.000
1643003880, +3.07, +26.747,  -0.05667, +1097.000, -202.000, +220.000
1643004000, +3.07, +26.764,  +0.06100, +992.000, -221.000, +387.000
1643004120, +3.07, +26.805,  -0.00403, +992.000, -221.000, +387.000
1643004240, +3.07, +26.764,  -0.03499, +1088.000, -196.000, +241.000
1643004360, +3.07, +26.797,  +0.03313, +1084.000, -200.000, +256.000
1643004480, +3.07, +26.805,  +0.02384, +993.000, -221.000, +385.000
1643004600, +3.07, +26.888,  -0.11241, +1086.000, -200.000, +262.000
1643004720, +3.07, +27.045,  +0.15390, +1067.000, -208.000, +308.000
1643004840, +3.07, +27.086,  -0.06596, +1064.000, -208.000, +320.000
1643004960, +3.07, +27.020,  +0.05171, +1072.000, -208.000, +295.000
1643005080, +3.07, +26.904,  +0.12603, +1062.000, -208.000, +327.000
1643005200, +3.07, +26.938,  -0.09383, +1070.000, -208.000, +312.000
1643005320, +3.07, +26.995,  -0.06596, +1070.000, -208.000, +312.000
1643005440, +3.07, +27.004,  +0.00217, +1063.000, -212.000, +327.000
1643005560, +3.07, +26.962,  -0.02570, +1089.000, -200.000, +240.000
1643005680, +3.07, +26.921,  +0.02694, +1075.000, -208.000, +292.000
1643005800, +3.07, +26.880,  +0.01765, +1100.000, -216.000, +224.000
1643005920, +3.07, +27.070,  -0.09383, +1016.000, -224.000, +388.000
1643006040, +3.07, +27.094,  -0.04738, +1004.000, -226.000, +392.000
1643006160, +3.07, +27.037,  +0.00836, +1059.000, -212.000, +328.000
1643006280, +3.07, +26.987,  +0.04552, +1072.000, -208.000, +304.000
1643006400, +3.07, +26.929,  +0.01765, +1072.000, -208.000, +304.000
1643006520, +3.07, +27.004,  +0.01455, +1068.000, -208.000, +310.000
1643006640, +3.07, +26.995,  +0.07958, +1068.000, -208.000, +307.000
1643006760, +3.07, +27.161,  +0.06720, +1047.000, -218.000, +359.000
1643006880, +3.07, +27.185,  +0.11055, +1020.000, -226.000, +387.000
1643007000, +3.07, +27.128,  +0.04552, +992.000, -225.000, +391.000
1643007120, +3.07, +27.309,  +0.00217, +1055.000, -216.000, +344.000
1643007240, +3.07, +27.474,  -0.06286, +995.000, -228.000, +390.000
1643007360, +3.07, +27.342,  -0.05976, +1014.000, -226.000, +390.000
1643007480, +3.07, +27.243,  +0.01455, +1047.000, -220.000, +356.000
1643007600, +3.07, +27.301,  +0.11055, +1048.000, -218.000, +358.000
1643007720, +3.07, +27.301,  +0.02384, +995.000, -228.000, +390.000
1643007840, +3.07, +27.268,  -0.09692, +1096.000, -249.000, +273.000
1643007960, +3.07, +27.334,  +0.04552, +1100.000, -237.000, +249.000
1643008080, +3.07, +27.342,  -0.02880, +992.000, -225.000, +387.000
1643008200, +3.07, +27.326,  -0.07215, +1027.000, -224.000, +384.000
1643008320, +3.07, +27.128,  -0.03189, +1024.000, -224.000, +385.000
1643008440, +3.07, +27.053,  -0.17743, +1068.000, -212.000, +312.000
1643008560, +3.07, +27.094,  +0.02075, +1059.000, -212.000, +332.000
1643008680, +3.07, +27.086,  -0.09073, +1076.000, -208.000, +284.000
1643008800, +3.07, +27.111,  +0.02694, +1055.000, -217.000, +340.000
1643008920, +3.07, +27.103,  -0.05357, +1068.000, -208.000, +305.000
1643009040, +3.07, +27.103,  +0.02694, +1059.000, -212.000, +328.000
1643009160, +3.07, +27.094,  +0.06720, +1064.000, -212.000, +315.000
1643009280, +3.07, +27.194,  +0.04552, +992.000, -225.000, +384.000
1643009400, +3.07, +27.243,  +0.09507, +1070.000, -208.000, +307.000
1643009520, +3.07, +27.185,  +0.04242, +1049.000, -218.000, +353.000
1643009640, +3.07, +27.152,  -0.00093, +1028.000, -224.000, +387.000
1643009760, +3.07, +27.210,  -0.05047, +992.000, -225.000, +384.000
1643009880, +3.07, +27.235,  +0.03623, +1052.000, -221.000, +348.000
1643010000, +3.07, +27.169,  -0.05976, +992.000, -225.000, +388.000
1643010120, +3.07, +27.136,  -0.07525, +999.000, -228.000, +392.000
1643010240, +3.07, +27.251,  -0.07215, +991.000, -225.000, +385.000
1643010360, +3.07, +27.466,  +0.11984, +1064.000, -212.000, +313.000
1643010480, +3.07, +27.515,  -0.05667, +992.000, -225.000, +390.000
1643010600, +3.07, +27.597,  -0.11860, +1094.000, -205.000, +228.000
1643010720, +3.07, +27.754,  -0.06905, +1064.000, -212.000, +316.000
1643010840, +3.07, +27.787,  +0.03623, +992.000, -224.000, +384.000
1643010960, +3.07, +27.787,  -0.18053, +992.000, -224.000, +385.000
1643011080, +3.07, +27.902,  -0.02261, +992.000, -228.000, +390.000
1643011200, +3.07, +28.009,  +0.07649, +1070.000, -212.000, +312.000
1643011320, +3.07, +28.107,  +0.00836, +1063.000, -216.000, +320.000
1643011440, +3.07, +28.197,  +0.04242, +992.000, -224.000, +391.000
1643011560, +3.07, +28.271,  -0.04118, +1063.000, -216.000, +323.000
1643011680, +3.07, +28.296,  -0.07525, +1059.000, -216.000, +334.000
1643011800, +3.07, +28.320,  -0.01951, +992.000, -225.000, +390.000
1643011920, +3.07, +28.345,  -0.04428, +991.000, -225.000, +387.000
1643012040, +3.07, +28.386,  -0.11860, +992.000, -226.000, +387.000
1643012160, +3.07, +28.386,  -0.01022, +991.000, -225.000, +385.000
1643012280, +3.07, +28.411,  +0.01455, +992.000, -225.000, +384.000
1643012400, +3.07, +28.427,  -0.03189, +992.000, -225.000, +385.000
1643012520, +3.07, +28.443,  +0.01146, +992.000, -225.000, +390.000
1643012640, +3.07, +28.460,  +0.03004, +992.000, -225.000, +390.000
1643012760, +3.07, +28.468,  +0.04552, +993.000, -224.000, +384.000
1643012880, +3.07, +28.484,  +0.04552, +992.000, -224.000, +388.000
1643013000, +3.07, +28.484,  -0.00712, +992.000, -225.000, +391.000
1643013120, +3.07, +28.476,  -0.02570, +992.000, -225.000, +390.000
1643013240, +3.07, +28.509,  -0.02880, +1055.000, -218.000, +339.000
1643013360, +3.07, +28.501,  -0.05976, +991.000, -224.000, +387.000
1643013480, +3.07, +28.492,  -0.12789, +992.000, -224.000, +387.000
1643013600, +3.07, +28.476,  +0.03313, +990.000, -225.000, +390.000
1643013720, +3.07, +28.501,  +0.05791, +991.000, -225.000, +387.000
1643013840, +3.07, +28.492,  +0.00836, +992.000, -225.000, +387.000
1643013960, +3.07, +28.460,  +0.04242, +991.000, -225.000, +390.000
1643014080, +3.07, +28.460,  -0.02880, +992.000, -225.000, +391.000
1643014200, +3.07, +28.443,  -0.01022, +992.000, -225.000, +390.000
1643014320, +3.07, +28.443,  -0.10621, +992.000, -225.000, +388.000
1643014440, +3.07, +28.460,  -0.06286, +992.000, -226.000, +390.000
1643014560, +3.07, +28.468,  -0.05667, +992.000, -225.000, +390.000
1643014680, +3.07, +28.460,  +0.02075, +991.000, -225.000, +390.000
1643014800, +3.07, +28.468,  -0.01951, +990.000, -225.000, +387.000
1643014920, +3.07, +28.468,  -0.05047, +992.000, -225.000, +387.000
1643015040, +3.07, +28.468,  -0.06596, +991.000, -225.000, +390.000
1643015160, +3.07, +28.460,  -0.10002, +991.000, -225.000, +384.000
1643015280, +3.07, +28.460,  -0.04118, +991.000, -225.000, +387.000
1643015400, +3.07, +28.435,  -0.00403, +992.000, -225.000, +387.000
1643015520, +3.07, +28.419,  +0.01765, +991.000, -225.000, +387.000
1643015640, +3.07, +28.419,  -0.06905, +990.000, -225.000, +391.000
1643015760, +3.07, +28.402,  +0.03004, +1060.000, -216.000, +326.000
1643015880, +3.07, +28.394,  +0.01455, +991.000, -224.000, +390.000
1643016000, +3.07, +28.386,  -0.03189, +1059.000, -216.000, +334.000
1643016120, +3.07, +28.386,  -0.05357, +991.000, -225.000, +387.000
1643016240, +3.07, +28.394,  +0.02384, +992.000, -225.000, +390.000
1643016360, +3.07, +28.386,  -0.01022, +991.000, -225.000, +387.000
1643016480, +3.07, +28.378,  +0.00526, +992.000, -225.000, +391.000
1643016600, +3.07, +28.378,  +0.03004, +991.000, -225.000, +387.000
1643016720, +3.07, +28.394,  -0.06596, +992.000, -225.000, +387.000
1643016840, +3.07, +28.361,  +0.12603, +988.000, -226.000, +390.000
1643016960, +3.07, +28.370,  -0.10621, +992.000, -228.000, +390.000
1643017080, +3.07, +28.345,  -0.04118, +992.000, -225.000, +387.000
1643017200, +3.07, +28.345,  +0.00526, +992.000, -225.000, +387.000
1643017320, +3.07, +28.337,  +0.01146, +991.000, -225.000, +384.000
1643017440, +3.07, +28.312,  -0.01022, +991.000, -226.000, +390.000
1643017560, +3.07, +28.312,  -0.10931, +991.000, -224.000, +390.000
1643017680, +3.07, +28.304,  -0.04738, +992.000, -225.000, +390.000
1643017800, +3.07, +28.312,  +0.01146, +992.000, -225.000, +385.000
1643017920, +3.07, +28.312,  -0.05976, +992.000, -225.000, +387.000
1643018040, +3.07, +28.329,  -0.02880, +1062.000, -216.000, +328.000
1643018160, +3.07, +28.337,  -0.08144, +992.000, -225.000, +388.000
1643018280, +3.07, +28.337,  -0.12170, +992.000, -225.000, +387.000
1643018400, +3.07, +28.329,  +0.03933, +991.000, -224.000, +385.000
1643018520, +3.07, +28.337,  -0.00712, +992.000, -225.000, +388.000
1643018640, +3.07, +28.320,  -0.09073, +990.000, -225.000, +388.000
1643018760, +3.07, +28.320,  +0.09816, +992.000, -225.000, +387.000
1643018880, +3.07, +28.296,  +0.00526, +992.000, -225.000, +388.000
1643019000, +3.07, +28.296,  +0.01455, +992.000, -225.000, +387.000
1643019120, +3.07, +28.271,  +0.08578, +992.000, -224.000, +387.000
1643019240, +3.07, +28.222,  -0.09383, +999.000, -232.000, +390.000
1643019360, +3.07, +28.156,  +0.07339, +1059.000, -216.000, +328.000
1643019480, +3.07, +28.115,  +0.06100, +991.000, -225.000, +384.000
1643019600, +3.07, +28.009,  +0.01455, +1032.000, -224.000, +384.000
1643019720, +3.07, +27.935,  +0.01765, +1011.000, -228.000, +391.000
1643019840, +3.07, +27.770,  -0.11550, +1072.000, -212.000, +296.000
1643019960, +3.07, +27.688,  +0.01765, +1084.000, -204.000, +263.000
1643020080, +3.07, +27.597,  -0.12789, +1100.000, -239.000, +240.000
1643020200, +3.07, +27.457,  -0.03809, +1084.000, -206.000, +264.000
1643020320, +3.07, +27.326,  -0.02261, +992.000, -225.000, +387.000
1643020440, +3.07, +27.218,  -0.05667, +1031.000, -224.000, +380.000
1643020560, +3.07, +27.136,  +0.00217, +1046.000, -222.000, +360.000
1643020680, +3.07, +27.028,  -0.08144, +1048.000, -218.000, +352.000
1643020800, +3.07, +26.962,  -0.04738, +1048.000, -223.000, +359.000
1643020920, +3.07, +26.896,  -0.07525, +1080.000, -208.000, +268.000
1643021040, +3.07, +26.830,  -0.04738, +1087.000, -205.000, +249.000
1643021160, +3.07, +26.789,  +0.01455, +1072.000, -208.000, +295.000
1643021280, +3.07, +26.747,  +0.01455, +1080.000, -204.000, +268.000
1643021400, +3.07, +26.780,  -0.07834, +1075.000, -208.000, +286.000
1643021520, +3.07, +26.714,  -0.10312, +992.000, -225.000, +387.000
1643021640, +3.07, +26.623,  -0.05976, +991.000, -223.000, +390.000
1643021760, +3.07, +26.590,  -0.00712, +1100.000, -224.000, +231.000
1643021880, +3.07, +26.507,  +0.02384, +1088.000, -204.000, +244.000
1643022000, +3.07, +26.441,  +0.02694, +1095.000, -202.000, +224.000
1643022120, +3.07, +26.408,  -0.06286, +1100.000, -224.000, +224.000
1643022240, +3.07, +26.358,  -0.10621, +995.000, -231.000, +391.000
1643022360, +3.07, +26.309,  -0.01951, +999.000, -232.000, +392.000
1643022480, +3.07, +26.292,  +0.03933, +993.000, -224.000, +387.000
1643022600, +3.07, +26.267,  -0.06905, +993.000, -228.000, +390.000
1643022720, +3.07, +26.226,  -0.01332, +1017.000, -228.000, +390.000
1643022840, +3.07, +26.226,  -0.00093, +1031.000, -224.000, +384.000
1643022960, +3.07, +26.184,  +0.01765, +1036.000, -220.000, +376.000
1643023080, +3.07, +26.193,  -0.12789, +1063.000, -216.000, +323.000
1643023200, +3.07, +26.159,  -0.05976, +1036.000, -221.000, +369.000
1643023320, +3.07, +26.118,  -0.07215, +1060.000, -212.000, +326.000
1643023440, +3.07, +26.077,  -0.09692, +1064.000, -208.000, +320.000
1643023560, +3.07, +26.060,  +0.05791, +1063.000, -212.000, +320.000
1643023680, +3.07, +26.018,  +0.03623, +1056.000, -216.000, +334.000
1643023800, +3.07, +25.994,  -0.03499, +1062.000, -212.000, +323.000
1643023920, +3.07, +25.977,  -0.07525, +1095.000, -204.000, +230.000
1643024040, +3.07, +25.994,  -0.09073, +1036.000, -218.000, +376.000
1643024160, +3.07, +26.068,  -0.10312, +1062.000, -216.000, +328.000
1643024280, +3.07, +26.002,  -0.01641, +1056.000, -216.000, +332.000
1643024400, +3.07, +25.977,  -0.08454, +1024.000, -224.000, +384.000
1643024520, +3.07, +25.952,  -0.03189, +1070.000, -208.000, +312.000
1643024640, +3.07, +25.935,  -0.08144, +1070.000, -208.000, +302.000
1643024760, +3.07, +25.927,  -0.06905, +1091.000, -200.000, +236.000
1643024880, +3.07, +25.902,  +0.00217, +1068.000, -208.000, +312.000
1643025000, +3.07, +25.886,  -0.01022, +1100.000, -233.000, +249.000
1643025120, +3.07, +25.877,  -0.03499, +1070.000, -208.000, +304.000
1643025240, +3.07, +25.877,  -0.05047, +1062.000, -212.000, +327.000
1643025360, +3.07, +25.886,  +0.02075, +1075.000, -208.000, +288.000
1643025480, +3.07, +25.919,  +0.03313, +1079.000, -207.000, +278.000
1643025600, +3.07, +25.877,  -0.11550, +1072.000, -208.000, +294.000
1643025720, +3.07, +25.902,  +0.01146, +1048.000, -221.000, +354.000
1643025840, +3.07, +25.902,  -0.05667, +1065.000, -212.000, +318.000
1643025960, +3.07, +25.911,  -0.01332, +1072.000, -208.000, +304.000
1643026080, +3.07, +25.911,  +0.12603, +1063.000, -212.000, +323.000
1643026200, +3.07, +25.935,  -0.21459, +1088.000, -200.000, +244.000
1643026320, +3.07, +25.886,  -0.06905, +1072.000, -208.000, +300.000
1643026440, +3.07, +25.886,  -0.10312, +1065.000, -212.000, +316.000
1643026560, +3.07, +25.969,  -0.06286, +1036.000, -224.000, +376.000
1643026680, +3.07, +25.927,  -0.04428, +1068.000, -208.000, +308.000
1643026800, +3.07, +25.935,  -0.05047, +1063.000, -215.000, +320.000
1643026920, +3.07, +25.919,  -0.08454, +1073.000, -208.000, +296.000
1643027040, +3.07, +25.911,  +0.02075, +1087.000, -200.000, +256.000
1643027160, +3.07, +25.902,  +0.03004, +1088.000, -200.000, +243.000
1643027280, +3.07, +25.852,  -0.08454, +1073.000, -208.000, +294.000
1643027400, +3.07, +25.836,  -0.07834, +1081.000, -208.000, +268.000
1643027520, +3.07, +25.877,  -0.00712, +1072.000, -208.000, +292.000
1643027640, +3.07, +25.861,  +0.04242, +1075.000, -208.000, +288.000
1643027760, +3.07, +25.919,  -0.03809, +1070.000, -208.000, +307.000
1643027880, +3.07, +25.919,  +0.01455, +1080.000, -205.000, +280.000
1643028000, +3.07, +25.902,  +0.09507, +1072.000, -208.000, +304.000
1643028120, +3.07, +25.886,  +0.07649, +1089.000, -200.000, +236.000
1643028240, +3.07, +25.877,  -0.05976, +1072.000, -204.000, +294.000
1643028360, +3.07, +25.877,  -0.00403, +1086.000, -200.000, +256.000
1643028480, +3.07, +25.869,  -0.11550, +1054.000, -216.000, +345.000
1643028600, +3.07, +25.836,  -0.06905, +1068.000, -216.000, +316.000
1643028720, +3.07, +25.877,  -0.08763, +1063.000, -212.000, +320.000
1643028840, +3.07, +25.852,  +0.01146, +1080.000, -205.000, +272.000
1643028960, +3.07, +25.828,  -0.01641, +1020.000, -226.000, +391.000
1643029080, +3.07, +25.852,  +0.11674, +1068.000, -208.000, +312.000
1643029200, +3.07, +25.836,  -0.08144, +1084.000, -207.000, +264.000
1643029320, +3.07, +25.861,  -0.03809, +1081.000, -205.000, +268.000
1643029440, +3.07, +25.852,  -0.05357, +1075.000, -208.000, +295.000
1643029560, +3.07, +25.836,  -0.10312, +1072.000, -208.000, +296.000
1643029680, +3.07, +25.844,  +0.08887, +1071.000, -208.000, +304.000
1643029800, +3.07, +25.844,  +0.07649, +1084.000, -200.000, +264.000
1643029920, +3.07, +25.819,  -0.04738, +1084.000, -205.000, +259.000
1643030040, +3.07, +25.861,  -0.06286, +1088.000, -200.000, +248.000
1643030160, +3.07, +25.852,  -0.10312, +1084.000, -200.000, +256.000
1643030280, +3.07, +25.828,  -0.01022, +1080.000, -204.000, +275.000
1643030400, +3.07, +25.811,  +0.03933, +1089.000, -200.000, +242.000
1643030520, +3.07, +25.794,  -0.09383, +1084.000, -200.000, +260.000
1643030640, +3.07, +25.803,  -0.12789, +1091.000, -200.000, +240.000
1643030760, +3.07, +25.786,  -0.08454, +1073.000, -208.000, +291.000
1643030880, +3.07, +25.828,  +0.10126, +1084.000, -202.000, +259.000
1643031000, +3.07, +25.836,  -0.03189, +1086.000, -204.000, +256.000
1643031120, +3.07, +25.852,  -0.04118, +1064.000, -215.000, +320.000
1643031240, +3.07, +25.836,  -0.09073, +1072.000, -208.000, +295.000
1643031360, +3.07, +25.869,  +0.03933, +1096.000, -200.000, +224.000
1643031480, +3.07, +25.844,  -0.04428, +1064.000, -212.000, +320.000
1643031600, +3.07, +25.794,  +0.01765, +1086.000, -200.000, +252.000
1643031720, +3.07, +25.811,  +0.00217, +1091.000, -200.000, +240.000
1643031840, +3.07, +25.786,  -0.07215, +1100.000, -208.000, +224.000
1643031960, +3.07, +25.786,  +0.08578, +1100.000, -204.000, +220.000
1643032080, +3.07, +25.769,  -0.01022, +1091.000, -200.000, +227.000
1643032200, +3.07, +25.761,  -0.03499, +1102.000, -216.000, +224.000
1643032320, +3.07, +25.761,  -0.00712, +1095.000, -204.000, +224.000
1643032440, +3.07, +25.844,  -0.08144, +1088.000, -200.000, +248.000
1643032560, +3.07, +25.836,  -0.06596, +1072.000, -208.000, +296.000
1643032680, +3.07, +25.794,  -0.13718, +1075.000, -208.000, +291.000
1643032800, +3.07, +25.778,  -0.00093, +1100.000, -216.000, +220.000
1643032920, +3.07, +25.761,  -0.08144, +1086.000, -200.000, +262.000
1643033040, +3.07, +25.761,  -0.04118, +1068.000, -208.000, +307.000
1643033160, +3.07, +25.745,  +0.06100, +1100.000, -228.000, +240.000
1643033280, +3.07, +25.836,  -0.14337, +1102.000, -212.000, +220.000
1643033400, +3.07, +25.803,  -0.06905, +1102.000, -224.000, +238.000
1643033520, +3.07, +25.761,  -0.04738, +1075.000, -208.000, +291.000
1643033640, +3.07, +25.761,  +0.00836, +1100.000, -212.000, +216.000
1643033760, +3.07, +25.761,  -0.01641, +1094.000, -200.000, +230.000
1643033880, +3.07, +25.761,  -0.00712, +1072.000, -208.000, +304.000
1643034000, +3.07, +25.728,  +0.05171, +1099.000, -216.000, +220.000
1643034120, +3.07, +25.794,  -0.04428, +1072.000, -208.000, +300.000
1643034240, +3.07, +25.745,  -0.00403, +1096.000, -202.000, +224.000
1643034360, +3.07, +25.753,  -0.11550, +1100.000, -208.000, +224.000
1643034480, +3.07, +25.778,  -0.00403, +1100.000, -221.000, +224.000
1643034600, +3.07, +25.769,  -0.14028, +1102.000, -212.000, +224.000
1643034720, +3.07, +25.761,  -0.01951, +1100.000, -224.000, +228.000
1643034840, +3.07, +25.745,  -0.10002, +1072.000, -208.000, +295.000
1643034960, +3.07, +25.711,  +0.03933, +1097.000, -200.000, +216.000
1643035080, +3.07, +25.678,  -0.05976, +992.000, -225.000, +387.000
1643035200, +3.07, +25.661,  +0.00836, +1096.000, -244.000, +271.000
1643035320, +3.07, +25.653,  -0.01951, +1100.000, -221.000, +227.000
1643035440, +3.07, +25.628,  -0.03499, +1097.000, -224.000, +231.000
1643035560, +3.07, +25.661,  -0.02570, +1086.000, -200.000, +252.000
1643035680, +3.07, +25.637,  -0.01332, +1100.000, -208.000, +220.000
1643035800, +3.07, +25.661,  -0.03189, +1072.000, -208.000, +288.000
1643035920, +3.07, +25.653,  -0.07215, +1096.000, -200.000, +224.000
1643036040, +3.07, +25.686,  +0.05171, +992.000, -224.000, +387.000
1643036160, +3.07, +25.653,  +0.03933, +1097.000, -204.000, +224.000
1643036280, +3.07, +25.678,  +0.04552, +1088.000, -200.000, +248.000
1643036400, +3.07, +25.653,  +0.02075, +1100.000, -218.000, +227.000
1643036520, +3.07, +25.678,  -0.01332, +1100.000, -212.000, +224.000
1643036640, +3.07, +25.653,  +0.03004, +1084.000, -202.000, +262.000
1643036760, +3.07, +25.612,  +0.09507, +1080.000, -205.000, +280.000
1643036880, +3.07, +25.645,  +0.03933, +992.000, -221.000, +384.000
1643037000, +3.07, +25.637,  +0.20964, +992.000, -224.000, +387.000
1643037120, +3.07, +25.603,  +0.37376, +1095.000, -200.000, +224.000
1643037240, +3.07, +25.637,  +0.51620, +1087.000, -200.000, +248.000
1643037360, +3.07, +25.628,  +0.97759, +1087.000, -200.000, +248.000
1643037480, +3.07, +25.612,  +1.31512, +1100.000, -224.000, +228.000
1643037600, +3.07, +25.670,  +1.79199, +992.000, -224.000, +390.000
1643037720, +3.07, +25.661,  +2.40821, +1096.000, -212.000, +220.000
1643037840, +3.07, +25.711,  +3.27216, +1102.000, -221.000, +224.000
1643037960, +3.07, +25.745,  +4.02153, +1064.000, -212.000, +320.000
1643038080, +3.07, +25.819,  +5.48622, +1087.000, -200.000, +248.000
1643038200, +3.07, +25.861,  +7.27295, +1087.000, -200.000, +248.000
1643038320, +3.07, +25.852,  +9.45913, +1075.000, -208.000, +289.000
1643038440, +3.07, +25.902, +11.88685, +1064.000, -208.000, +312.000
1643038560, +3.07, +25.944, +14.37960, +1068.000, -212.000, +310.000
1643038680, +3.07, +25.944, +16.86616, +1063.000, -212.000, +316.000
1643038800, +3.07, +25.960, +19.44252, +1064.000, -216.000, +320.000
1643038920, +3.07, +25.977, +22.43382, +1033.000, -224.000, +376.000
1643039040, +3.07, +25.969, +24.99160, +1039.000, -224.000, +372.000
1643039160, +3.07, +26.002, +27.76613, +1088.000, -200.000, +248.000
1643039280, +3.07, +26.010, +29.20914, +1052.000, -218.000, +352.000
1643039400, +3.07, +26.010, +33.22231, +1059.000, -216.000, +332.000
1643039520, +3.07, +26.010, +35.69958, +1072.000, -208.000, +296.000
1643039640, +3.07, +25.985, +37.13949, +1075.000, -208.000, +288.000
1643039760, +3.07, +26.002, +38.65063, +1059.000, -217.000, +332.000
1643039880, +3.07, +26.027, +41.56761, +1070.000, -208.000, +300.000
1643040000, +3.07, +26.060, +43.80024, +1059.000, -217.000, +332.000
1643040120, +3.07, +26.052, +45.52504, +1052.000, -216.000, +352.000
1643040240, +3.07, +26.035, +46.23106, +1070.000, -208.000, +304.000
1643040360, +3.07, +26.027, +48.20668, +1072.000, -208.000, +307.000
1643040480, +3.07, +26.052, +51.48596, +1055.000, -216.000, +348.000
1643040600, +3.07, +26.035, +53.31295, +1043.000, -223.000, +364.000
1643040720, +3.07, +26.035, +52.96613, +1031.000, -228.000, +384.000
1643040840, +3.07, +26.010, +55.01917, +1064.000, -212.000, +316.000
1643040960, +3.07, +26.018, +55.67255, +1073.000, -208.000, +295.000
1643041080, +3.07, +26.002, +56.36308, +1049.000, -218.000, +352.000
1643041200, +3.07, +26.018, +59.79100, +1055.000, -216.000, +344.000
1643041320, +3.07, +25.994, +60.19046, +1068.000, -212.000, +312.000
1643041440, +3.07, +25.994, +61.52199, +1070.000, -208.000, +304.000
1643041560, +3.07, +25.994, +61.77901, +1072.000, -208.000, +288.000
1643041680, +3.07, +25.969, +62.68631, +1078.000, -205.000, +278.000
1643041800, +3.07, +26.002, +64.79508, +1064.000, -208.000, +316.000
1643041920, +3.07, +26.010, +64.54116, +1064.000, -212.000, +320.000
1643042040, +3.07, +25.977, +64.83534, +1057.000, -216.000, +332.000
1643042160, +3.07, +25.994, +65.12951, +1020.000, -228.000, +387.000
1643042280, +3.07, +25.985, +65.80457, +1064.000, -212.000, +312.000
1643042400, +3.07, +26.002, +67.82973, +1064.000, -212.000, +324.000
1643042520, +3.07, +25.994, +65.83244, +1048.000, -221.000, +352.000
1643042640, +3.07, +26.035, +68.26635, +1046.000, -224.000, +368.000
1643042760, +3.07, +26.027, +71.28862, +1072.000, -208.000, +296.000
1643042880, +3.07, +26.035, +73.82781, +1072.000, -212.000, +295.000
1643043000, +3.07, +26.027, +141.18470, +1054.000, -221.000, +348.000
1643043120, +3.07, +26.068, +142.86305, +1048.000, -220.000, +355.000
1643043240, +3.07, +26.068, +74.21798, +1035.000, -224.000, +376.000
1643043360, +3.07, +26.068, +76.13787, +1048.000, -217.000, +348.000
1643043480, +3.07, +26.077, +74.20560, +995.000, -228.000, +391.000
1643043600, +3.07, +26.118, +74.49358, +992.000, -228.000, +384.000
1643043720, +3.07, +26.110, +75.37611, +995.000, -228.000, +391.000
1643043840, +3.07, +26.085, +77.15974, +1008.000, -232.000, +392.000
1643043960, +3.07, +26.068, +76.43514, +1040.000, -224.000, +368.000
1643044080, +3.07, +26.060, +77.53752, +1031.000, -224.000, +377.000
1643044200, +3.07, +26.060, +77.46940, +1038.000, -224.000, +371.000
1643044320, +3.07, +26.068, +92.26487, +1048.000, -224.000, +352.000
1643044440, +3.07, +26.093, +89.96721, +1052.000, -220.000, +348.000
1643044560, +3.07, +26.002, +80.61243, +1041.000, -224.000, +368.000
1643044680, +3.07, +25.935, +79.33973, +1086.000, -200.000, +252.000
1643044800, +3.07, +25.877, +79.55649, +1070.000, -208.000, +312.000
1643044920, +3.07, +25.836, +78.69874, +1068.000, -212.000, +312.000
1643045040, +3.07, +25.803, +80.89422, +1075.000, -208.000, +295.000
1643045160, +3.07, +25.769, +81.26890, +1100.000, -212.000, +224.000
1643045280, +3.07, +25.761, +84.56367, +1072.000, -208.000, +300.000
1643045400, +3.07, +25.761, +84.94145, +1078.000, -205.000, +280.000
1643045520, +3.07, +25.736, +83.26930, +1091.000, -202.000, +243.000
1643045640, +3.07, +25.753, +89.43769, +1100.000, -224.000, +228.000
1643045760, +3.07, +25.720, +93.16288, +1096.000, -204.000, +220.000
1643045880, +3.07, +25.728, +105.07234, +1087.000, -204.000, +252.000
1643046000, +3.07, +25.711, +114.82658, +1084.000, -205.000, +264.000
1643046120, +3.07, +25.728, +84.55128, +1088.000, -200.000, +240.000
1643046240, +3.07, +25.753, +86.22034, +1072.000, -208.000, +300.000
1643046360, +3.07, +25.761, +90.75684, +1070.000, -208.000, +304.000
1643046480, +3.07, +25.786, +88.66664, +1087.000, -200.000, +248.000
1643046600, +3.07, +25.778, +88.53968, +1100.000, -220.000, +226.000
1643046720, +3.07, +25.761, +88.91127, +1070.000, -208.000, +300.000
1643046840, +3.07, +25.786, +86.41852, +1064.000, -212.000, +320.000
1643046960, +3.07, +25.786, +86.70960, +1070.000, -217.000, +310.000
1643047080, +3.07, +25.786, +87.00068, +1097.000, -242.000, +279.000
1643047200, +3.07, +25.786, +87.11216, +1096.000, -207.000, +220.000
1643047320, +3.07, +25.811, +102.60746, +1091.000, -200.000, +228.000
1643047440, +3.07, +25.886, +88.36318, +1080.000, -207.000, +276.000
1643047560, +3.07, +25.902, +86.70341, +1068.000, -208.000, +304.000
1643047680, +3.07, +25.877, +86.97900, +1065.000, -212.000, +312.000
1643047800, +3.07, +25.894, +86.12744, +1075.000, -208.000, +288.000
1643047920, +3.07, +25.894, +90.72897, +1100.000, -220.000, +224.000
1643048040, +3.07, +25.844, +88.69761, +1100.000, -224.000, +224.000
1643048160, +3.07, +25.852, +91.95521, +1100.000, -218.000, +224.000
1643048280, +3.07, +25.877, +118.52390, +1087.000, -204.000, +248.000
1643048400, +3.07, +25.819, +99.04329, +1073.000, -208.000, +288.000
1643048520, +3.07, +25.844, +103.64791, +1063.000, -212.000, +320.000
1643048640, +3.07, +25.877, +110.23744, +1088.000, -200.000, +238.000
1643048760, +3.07, +25.969, +96.44216, +1072.000, -208.000, +300.000
1643048880, +3.07, +25.977, +97.56622, +1056.000, -216.000, +336.000
1643049000, +3.07, +26.018, +140.32075, +1063.000, -216.000, +323.000
1643049120, +3.07, +26.043, +100.68448, +1064.000, -216.000, +316.000
1643049240, +3.07, +26.035, +106.28001, +1080.000, -208.000, +280.000
1643049360, +3.07, +26.060, +385.46797, +1070.000, -208.000, +297.000
1643049480, +3.07, +26.060, +408.93079, +1070.000, -208.000, +304.000
1643049600, +3.07, +26.068, +150.20195, +1041.000, -224.000, +364.000
1643049720, +3.07, +26.184, +246.66362, +1024.000, -228.000, +385.000
1643049840, +3.07, +26.159, +129.58799, +1014.000, -228.000, +391.000
1643049960, +3.07, +26.093, +119.77182, +1046.000, -221.000, +358.000
1643050080, +3.07, +26.168, +137.74130, +991.000, -228.000, +390.000
1643050200, +3.07, +26.193, +117.30694, +992.000, -228.000, +385.000
1643050320, +3.07, +26.284, +118.46197, +999.000, -232.000, +392.000
1643050440, +3.07, +26.234, +122.65474, +995.000, -232.000, +390.000
1643050560, +3.07, +26.342, +133.50517, +1048.000, -221.000, +352.000
1643050680, +3.07, +26.383, +133.33176, +992.000, -225.000, +385.000
1643050800, +3.07, +26.458, +129.34027, +991.000, -228.000, +387.000
1643050920, +3.07, +26.532, +160.24107, +991.000, -225.000, +385.000
1643051040, +3.07, +26.483, +147.03414, +992.000, -228.000, +384.000
1643051160, +3.07, +26.532, +141.54080, +992.000, -228.000, +390.000
1643051280, +3.07, +26.549, +151.53038, +1096.000, -249.000, +271.000
1643051400, +3.07, +26.507, +194.30659, +992.000, -228.000, +385.000
1643051520, +3.07, +26.632, +284.20969, +1100.000, -224.000, +231.000
1643051640, +3.07, +26.632, +227.20469, +1097.000, -220.000, +224.000
1643051760, +3.07, +26.549, +181.70968, +1095.000, -207.000, +224.000
1643051880, +3.07, +26.491, +178.15790, +991.000, -226.000, +387.000
1643052000, +3.07, +26.632, +165.50836, +1097.000, -249.000, +268.000
1643052120, +3.07, +26.648, +160.32468, +1084.000, -208.000, +264.000
1643052240, +3.07, +26.598, +220.06087, +991.000, -225.000, +390.000
1643052360, +3.07, +26.665, +194.48000, +1070.000, -215.000, +310.000
1643052480, +3.07, +26.929, +628.17818, +1063.000, -216.000, +320.000
1643052600, +3.07, +27.169, +180.48653, +995.000, -232.000, +391.000
1643052720, +3.07, +27.136, +173.38607, +1031.000, -228.000, +380.000
1643052840, +3.07, +26.995, +194.76798, +1062.000, -216.000, +326.000
1643052960, +3.07, +26.880, +202.02018, +1084.000, -205.000, +264.000
1643053080, +3.07, +26.780, +239.16679, +1070.000, -208.000, +300.000
1643053200, +3.07, +26.880, +154.07577, +1088.000, -200.000, +246.000
1643053320, +3.07, +26.962, +227.55770, +1064.000, -212.000, +320.000
1643053440, +3.07, +26.921, +226.57608, +1096.000, -208.000, +224.000
1643053560, +3.07, +26.962, +283.27762, +1072.000, -212.000, +304.000
1643053680, +3.07, +26.913, +262.96094, +1065.000, -216.000, +318.000
1643053800, +3.07, +26.880, +295.66086, +1072.000, -208.000, +297.000
1643053920, +3.07, +26.929, +301.03653, +1062.000, -216.000, +320.000
1643054040, +3.07, +27.103, +260.13066, +1059.000, -216.000, +328.000
1643054160, +3.07, +27.243, +203.61182, +992.000, -226.000, +388.000
1643054280, +3.07, +27.367, +346.19710, +1096.000, -208.000, +224.000
1643054400, +3.07, +27.507, +368.42438, +1088.000, -206.000, +240.000
1643054520, +3.07, +27.688, +311.13758, +1063.000, -220.000, +326.000
1643054640, +3.07, +27.869, +336.79897, +1043.000, -224.000, +366.000
1643054760, +3.07, +28.066, +362.53777, +992.000, -228.000, +387.000
1643054880, +3.07, +28.206, +333.46395, +991.000, -226.000, +385.000
1643055000, +3.07, +28.345, +318.80472, +992.000, -226.000, +387.000
1643055120, +3.07, +28.501, +370.29471, +992.000, -226.000, +385.000
1643055240, +3.07, +28.640, +354.93566, +990.000, -225.000, +387.000
1643055360, +3.07, +28.754, +327.15311, +1096.000, -249.000, +279.000
1643055480, +3.07, +28.868, +351.10209, +1095.000, -250.000, +279.000
1643055600, +3.07, +28.975, +365.73964, +992.000, -228.000, +387.000
1643055720, +3.07, +29.056, +380.52583, +1095.000, -253.000, +279.000
1643055840, +3.07, +29.137, +404.11250, +1095.000, -256.000, +271.000
1643055960, +3.06, +29.194, +382.01838, +1096.000, -248.000, +268.000
1643056080, +3.07, +29.268, +413.08950, +1094.000, -258.000, +281.000
1643056200, +3.06, +29.300, +422.20584, +1096.000, -256.000, +263.000
1643056320, +3.06, +29.349, +440.62122, +1096.000, -256.000, +271.000
1643056440, +3.06, +29.365, +395.60309, +1096.000, -248.000, +271.000
1643056560, +3.06, +29.406, +351.09590, +1097.000, -256.000, +279.000
1643056680, +3.06, +29.422, +268.93734, +1096.000, -250.000, +263.000
1643056800, +3.07, +29.455, +266.93076, +1095.000, -256.000, +268.000
1643056920, +3.07, +29.487, +265.16880, +1095.000, -252.000, +263.000
1643057040, +3.06, +29.511, +291.07172, +1096.000, -256.000, +271.000
1643057160, +3.06, +29.520, +245.80896, +1100.000, -250.000, +254.000
1643057280, +3.07, +29.528, +214.53037, +1100.000, -256.000, +265.000
1643057400, +3.07, +29.544, +285.75799, +1097.000, -244.000, +247.000
1643057520, +3.06, +29.536, +303.22891, +1100.000, -244.000, +243.000
1643057640, +3.07, +29.568, +236.96202, +1096.000, -254.000, +255.000
1643057760, +3.06, +29.560, +222.90663, +1096.000, -256.000, +260.000
1643057880, +3.07, +29.568, +270.53208, +1100.000, -248.000, +256.000
1643058000, +3.07, +29.584, +326.78152, +1096.000, -242.000, +246.000
1643058120, +3.07, +29.584, +394.22201, +1095.000, -254.000, +259.000
1643058240, +3.07, +29.584, +378.60285, +1096.000, -252.000, +255.000
1643058360, +3.07, +29.576, +425.73285, +1097.000, -248.000, +259.000
1643058480, +3.07, +29.584, +554.90063, +1096.000, -240.000, +246.000
1643058600, +3.07, +29.593, +593.72560, +1096.000, -248.000, +249.000
1643058720, +3.07, +29.609, +432.38741, +1096.000, -256.000, +263.000
1643058840, +3.07, +29.617, +266.97721, +1096.000, -250.000, +259.000
1643058960, +3.07, +29.617, +169.78165, +1097.000, -253.000, +252.000
1643059080, +3.07, +29.625, +133.55162, +1096.000, -240.000, +241.000
1643059200, +3.07, +29.633, +141.15373, +1095.000, -248.000, +252.000
1643059320, +3.07, +29.633, +162.48300, +1097.000, -248.000, +251.000
1643059440, +3.07, +29.633, +145.71810, +1097.000, -240.000, +248.000
1643059560, +3.07, +29.633, +136.85258, +1096.000, -252.000, +263.000
1643059680, +3.07, +29.641, +185.37914, +1100.000, -236.000, +240.000
1643059800, +3.07, +29.649, +141.90001, +1100.000, -248.000, +248.000
1643059920, +3.07, +29.633, +162.70286, +1097.000, -252.000, +249.000
1643060040, +3.07, +29.649, +197.80882, +1096.000, -250.000, +255.000
1643060160, +3.06, +29.649, +265.49085, +1100.000, -244.000, +248.000
1643060280, +3.07, +29.649, +307.96049, +1097.000, -240.000, +240.000
1643060400, +3.07, +29.649, +327.62689, +1096.000, -252.000, +255.000
1643060520, +3.07, +29.641, +1029.40560, +1097.000, -248.000, +252.000
1643060640, +3.07, +29.625, +227.19230, +1096.000, -240.000, +243.000
1643060760, +3.07, +29.633, +1675.56348, +1097.000, -236.000, +232.000
1643060880, +3.07, +29.617, +288.01540, +1100.000, -255.000, +267.000
1643061000, +3.07, +29.617, +1701.65839, +1097.000, -248.000, +255.000
1643061120, +3.07, +29.609, +1303.48111, +1095.000, -250.000, +255.000
1643061240, +3.07, +29.601, +241.71218, +1096.000, -256.000, +255.000
1643061360, +3.07, +29.617, +1497.69882, +1095.000, -249.000, +255.000
1643061480, +3.07, +29.601, +920.12407, +1097.000, -248.000, +255.000
1643061600, +3.07, +29.584, +384.70931, +1100.000, -244.000, +240.000
1643061720, +3.07, +29.609, +1714.27077, +1095.000, -246.000, +243.000
1643061840, +3.07, +29.617, +1424.74951, +1097.000, -248.000, +259.000
1643061960, +3.07, +29.625, +1611.53852, +1096.000, -244.000, +248.000
1643062080, +3.07, +29.633, +1709.67544, +1096.000, -249.000, +255.000
1643062200, +3.07, +29.641, +1609.06435, +1100.000, -248.000, +247.000
1643062320, +3.07, +29.657, +1635.28002, +1096.000, -252.000, +265.000
1643062440, +3.07, +29.690, +1594.96251, +1096.000, -240.000, +244.000
1643062560, +3.07, +29.730, +304.74624, +1097.000, -240.000, +240.000
1643062680, +3.07, +29.755, +1531.91607, +1095.000, -240.000, +240.000
1643062800, +3.07, +29.779, +295.08180, +1098.000, -244.000, +246.000
1643062920, +3.07, +29.803, +505.26859, +1097.000, -244.000, +241.000
1643063040, +3.06, +29.836, +1627.53237, +1100.000, -244.000, +243.000
1643063160, +3.07, +29.860, +1619.21495, +1097.000, -240.000, +246.000
1643063280, +3.06, +29.884, +688.36957, +1100.000, -240.000, +240.000
1643063400, +3.07, +29.892, +1804.09956, +1096.000, -240.000, +240.000
1643063520, +3.07, +29.892, +263.14983, +1096.000, -242.000, +248.000
1643063640, +3.07, +29.916, +250.66131, +1096.000, -238.000, +238.000
1643063760, +3.06, +29.941, +1579.26592, +1095.000, -236.000, +233.000
1643063880, +3.06, +29.949, +1730.18411, +1097.000, -240.000, +240.000
1643064000, +3.06, +29.957, +1581.63791, +1095.000, -240.000, +240.000
1643064120, +3.06, +29.965, +270.50112, +1099.000, -240.000, +243.000
1643064240, +3.06, +29.933, +460.26285, +1096.000, -238.000, +232.000
1643064360, +3.06, +29.965, +993.21273, +1095.000, -236.000, +236.000
1643064480, +3.06, +29.933, +223.97805, +1097.000, -238.000, +232.000
1643064600, +3.06, +29.892, +192.93790, +1097.000, -240.000, +236.000
1643064720, +3.07, +29.811, +563.51223, +1097.000, -252.000, +259.000
1643064840, +3.06, +29.722, +210.74635, +1096.000, -256.000, +269.000
1643064960, +3.06, +29.503, +432.97266, +1095.000, -256.000, +268.000
1643065080, +3.06, +29.235, +1428.56140, +992.000, -231.000, +387.000
1643065200, +3.07, +28.950, +1411.31653, +991.000, -231.000, +388.000
1643065320, +3.07, +28.730, +260.15543, +991.000, -231.000, +390.000
1643065440, +3.07, +28.681, +1578.83860, +992.000, -231.000, +387.000
