7450-646496
OS REV: 1.05 Sensor Cal: 1573749572
Time (sec),  BV (Volts),  T (deg C),  DO (mg/l),  Q ()
1655662680,+2.95,+26.564, +7.070,+0.934
1655662800,+2.95,+26.538, +7.243,+0.934
1655662920,+2.95,+26.589, +7.256,+0.935
1655663040,+2.95,+26.564, +7.244,+0.934
1655663160,+2.95,+26.530, +7.281,+0.935
1655663280,+2.95,+26.581, +7.298,+0.934
1655663400,+2.95,+26.581, +7.261,+0.934
1655663520,+2.95,+26.606, +7.272,+0.935
1655663640,+2.95,+26.589, +7.250,+0.934
1655663760,+2.95,+26.614, +7.359,+0.934
1655663880,+2.95,+26.657, +7.221,+0.934
1655664000,+2.95,+26.640, +7.181,+0.934
1655664120,+2.95,+26.631, +7.311,+0.934
1655664240,+2.95,+26.640, +7.424,+0.935
1655664360,+2.95,+26.640, +7.452,+0.935
1655664480,+2.95,+26.707, +7.576,+0.935
1655664600,+2.95,+26.716, +7.410,+0.934
1655664720,+2.95,+26.699, +7.505,+0.935
1655664840,+2.95,+26.716, +7.584,+0.934
1655664960,+2.95,+26.758, +7.689,+0.934
1655665080,+2.95,+26.801, +7.691,+0.935
1655665200,+2.95,+26.818, +7.700,+0.935
1655665320,+2.95,+26.801, +7.721,+0.934
1655665440,+2.95,+26.818, +7.495,+0.936
1655665560,+2.95,+26.843, +7.675,+0.935
1655665680,+2.95,+26.860, +7.724,+0.936
1655665800,+2.95,+26.860, +7.595,+0.934
1655665920,+2.95,+26.902, +7.825,+0.934
1655666040,+2.95,+26.962, +7.742,+0.935
1655666160,+2.95,+26.962, +7.759,+0.935
1655666280,+2.95,+26.979, +7.772,+0.935
1655666400,+2.95,+27.012, +7.956,+0.935
1655666520,+2.95,+27.089, +7.867,+0.934
1655666640,+2.95,+27.080, +7.641,+0.935
1655666760,+2.95,+27.089, +7.896,+0.935
1655666880,+2.95,+27.131, +7.864,+0.935
1655667000,+2.95,+27.140, +8.009,+0.935
1655667120,+2.95,+27.148, +7.815,+0.934
1655667240,+2.95,+27.174, +7.764,+0.935
1655667360,+2.95,+27.148, +7.779,+0.935
1655667480,+2.95,+27.174, +7.963,+0.935
1655667600,+2.95,+27.208, +7.968,+0.935
1655667720,+2.95,+27.233, +7.793,+0.934
1655667840,+2.95,+27.191, +7.914,+0.936
1655667960,+2.95,+27.208, +7.940,+0.936
1655668080,+2.95,+27.191, +7.684,+0.935
1655668200,+2.95,+27.182, +7.717,+0.935
1655668320,+2.95,+27.191, +7.867,+0.935
1655668440,+2.95,+27.208, +7.857,+0.934
1655668560,+2.95,+27.233, +7.938,+0.935
1655668680,+2.95,+27.242, +7.828,+0.935
1655668800,+2.95,+27.292, +7.994,+0.935
1655668920,+2.95,+27.284, +7.754,+0.935
1655669040,+2.95,+27.301, +7.822,+0.935
1655669160,+2.95,+27.284, +7.739,+0.935
1655669280,+2.95,+27.292, +7.904,+0.935
1655669400,+2.95,+27.284, +7.925,+0.936
1655669520,+2.95,+27.318, +7.982,+0.936
1655669640,+2.95,+27.326, +7.924,+0.935
1655669760,+2.95,+27.377, +7.911,+0.936
1655669880,+2.95,+27.377, +7.974,+0.935
1655670000,+2.95,+27.352, +7.971,+0.936
1655670120,+2.95,+27.386, +7.939,+0.935
1655670240,+2.95,+27.522, +8.843,+0.936
1655670360,+2.95,+27.573, +8.880,+0.936
1655670480,+2.95,+27.615, +8.916,+0.937
1655670600,+2.95,+27.666, +8.929,+0.937
1655670720,+2.95,+27.675, +8.943,+0.936
1655670840,+2.95,+27.709, +8.985,+0.936
1655670960,+2.95,+27.726, +8.928,+0.937
1655671080,+2.95,+27.726, +8.994,+0.937
1655671200,+2.95,+27.752, +9.154,+0.935
1655671320,+2.95,+27.769, +9.211,+0.936
1655671440,+2.95,+27.786, +9.211,+0.937
1655671560,+2.95,+27.794, +9.211,+0.935
1655671680,+2.95,+27.837, +9.270,+0.937
1655671800,+2.95,+27.845, +9.275,+0.937
1655671920,+2.95,+27.854, +9.202,+0.935
1655672040,+2.95,+27.871, +9.313,+0.936
1655672160,+2.95,+27.862, +9.281,+0.935
1655672280,+2.95,+27.888, +9.299,+0.936
1655672400,+2.95,+27.913, +9.248,+0.935
1655672520,+2.95,+27.939, +9.257,+0.936
1655672640,+2.95,+27.922, +9.274,+0.936
1655672760,+2.95,+27.956, +9.334,+0.937
1655672880,+2.95,+27.956, +9.363,+0.936
1655673000,+2.95,+27.973, +9.355,+0.936
1655673120,+2.95,+27.990, +9.368,+0.937
1655673240,+2.95,+27.999, +9.423,+0.935
1655673360,+2.95,+27.981, +9.245,+0.936
1655673480,+2.95,+27.990, +9.399,+0.936
1655673600,+2.95,+28.033, +9.438,+0.937
1655673720,+2.95,+27.981, +9.340,+0.937
1655673840,+2.95,+27.947, +9.362,+0.937
1655673960,+2.95,+27.947, +9.491,+0.939
1655674080,+2.95,+27.922, +9.508,+0.937
1655674200,+2.95,+27.964, +9.574,+0.936
1655674320,+2.95,+28.007, +9.613,+0.937
1655674440,+2.95,+27.990, +9.403,+0.936
1655674560,+2.95,+27.947, +9.371,+0.937
1655674680,+2.95,+27.956, +9.506,+0.937
1655674800,+2.95,+27.981, +9.451,+0.937
1655674920,+2.95,+27.999, +9.500,+0.937
1655675040,+2.95,+28.033, +9.553,+0.937
1655675160,+2.95,+28.016, +9.342,+0.936
1655675280,+2.95,+28.033, +9.623,+0.938
1655675400,+2.95,+28.007, +9.373,+0.937
1655675520,+2.95,+27.981, +9.494,+0.938
1655675640,+2.95,+27.964, +9.458,+0.937
1655675760,+2.95,+27.939, +9.402,+0.936
1655675880,+2.95,+27.947, +9.509,+0.936
1655676000,+2.95,+27.999, +9.516,+0.936
1655676120,+2.95,+27.981, +9.373,+0.938
1655676240,+2.95,+27.956, +9.422,+0.936
1655676360,+2.95,+28.016, +9.581,+0.937
1655676480,+2.95,+28.067, +9.569,+0.937
1655676600,+2.95,+28.092, +9.572,+0.937
1655676720,+2.95,+28.126, +9.601,+0.937
1655676840,+2.95,+28.126, +9.604,+0.938
1655676960,+2.95,+28.161, +9.558,+0.937
1655677080,+2.95,+28.169, +9.578,+0.937
1655677200,+2.95,+28.186, +9.623,+0.937
1655677320,+2.95,+28.212, +9.531,+0.935
1655677440,+2.95,+28.229, +9.662,+0.937
1655677560,+2.95,+28.169, +9.558,+0.936
1655677680,+2.95,+28.135, +9.615,+0.936
1655677800,+2.95,+28.161, +9.769,+0.936
1655677920,+2.95,+28.237, +9.830,+0.936
1655678040,+2.95,+28.203, +9.703,+0.936
1655678160,+2.95,+28.186, +9.824,+0.938
1655678280,+2.95,+28.203, +9.788,+0.937
1655678400,+2.95,+28.237, +9.907,+0.936
1655678520,+2.95,+28.271, +9.865,+0.936
1655678640,+2.95,+28.280, +9.877,+0.936
1655678760,+2.95,+28.306, +9.890,+0.936
1655678880,+2.95,+28.289, +9.970,+0.936
1655679000,+2.95,+28.297, +9.939,+0.938
1655679120,+2.95,+28.306, +9.928,+0.937
1655679240,+2.95,+28.263, +9.868,+0.937
1655679360,+2.95,+28.297,+10.017,+0.938
1655679480,+2.95,+28.314,+10.004,+0.938
1655679600,+2.94,+28.348, +9.938,+0.936
1655679720,+2.95,+28.263, +9.826,+0.938
1655679840,+2.95,+28.237, +9.855,+0.937
1655679960,+2.95,+28.203, +9.875,+0.937
1655680080,+2.95,+28.169, +9.852,+0.937
1655680200,+2.95,+28.143, +9.886,+0.937
1655680320,+2.95,+28.143, +9.878,+0.937
1655680440,+2.95,+28.118, +9.883,+0.937
1655680560,+2.95,+28.118, +9.906,+0.937
1655680680,+2.95,+28.118, +9.900,+0.937
1655680800,+2.95,+28.109, +9.867,+0.938
1655680920,+2.95,+28.118, +9.951,+0.937
1655681040,+2.95,+28.118, +9.904,+0.936
1655681160,+2.95,+28.118, +9.929,+0.938
1655681280,+2.95,+28.143, +9.914,+0.938
1655681400,+2.95,+28.118, +9.806,+0.937
1655681520,+2.95,+28.126, +9.910,+0.938
1655681640,+2.95,+28.135, +9.958,+0.937
1655681760,+2.95,+28.126, +9.955,+0.938
1655681880,+2.95,+28.169, +9.997,+0.937
1655682000,+2.95,+28.186, +9.992,+0.936
1655682120,+2.95,+28.212,+10.046,+0.938
1655682240,+2.95,+28.178, +9.940,+0.938
1655682360,+2.95,+28.195,+10.022,+0.938
1655682480,+2.95,+28.212,+10.058,+0.938
1655682600,+2.95,+28.229,+10.066,+0.937
1655682720,+2.95,+28.237,+10.012,+0.938
1655682840,+2.95,+28.212,+10.020,+0.938
1655682960,+2.95,+28.263,+10.031,+0.937
1655683080,+2.95,+28.212, +9.978,+0.937
1655683200,+2.95,+28.220,+10.039,+0.937
1655683320,+2.95,+28.203,+10.033,+0.936
1655683440,+2.95,+28.186,+10.020,+0.938
1655683560,+2.95,+28.186, +9.949,+0.937
1655683680,+2.95,+28.161,+10.007,+0.937
1655683800,+2.95,+28.152, +9.968,+0.937
1655683920,+2.95,+28.169,+10.117,+0.937
1655684040,+2.95,+28.203,+10.120,+0.937
1655684160,+2.95,+28.212,+10.023,+0.937
1655684280,+2.95,+28.237,+10.030,+0.937
1655684400,+2.95,+28.220, +9.976,+0.939
1655684520,+2.95,+28.254, +9.973,+0.938
1655684640,+2.95,+28.220, +9.928,+0.937
1655684760,+2.95,+28.237, +9.976,+0.935
1655684880,+2.95,+28.161, +9.725,+0.937
1655685000,+2.95,+28.152, +9.705,+0.937
1655685120,+2.95,+28.126, +9.803,+0.938
1655685240,+2.95,+28.101, +9.810,+0.937
1655685360,+2.95,+28.101, +9.898,+0.938
1655685480,+2.95,+28.092, +9.883,+0.938
1655685600,+2.95,+28.067, +9.767,+0.937
1655685720,+2.95,+28.050, +9.702,+0.937
1655685840,+2.95,+28.050, +9.672,+0.937
1655685960,+2.95,+28.041, +9.632,+0.938
1655686080,+2.95,+28.033, +9.601,+0.937
1655686200,+2.95,+28.016, +9.596,+0.936
1655686320,+2.95,+28.016, +9.619,+0.938
1655686440,+2.95,+28.024, +9.636,+0.938
1655686560,+2.95,+28.033, +9.661,+0.937
1655686680,+2.95,+28.016, +9.581,+0.937
1655686800,+2.95,+28.016, +9.585,+0.938
1655686920,+2.95,+28.058, +9.749,+0.937
1655687040,+2.95,+28.075, +9.782,+0.939
1655687160,+2.95,+28.101, +9.702,+0.936
1655687280,+2.95,+28.109, +9.739,+0.937
1655687400,+2.95,+28.109, +9.706,+0.938
1655687520,+2.95,+28.126, +9.734,+0.936
1655687640,+2.95,+28.143, +9.776,+0.937
1655687760,+2.95,+28.126, +9.794,+0.936
1655687880,+2.95,+28.092, +9.633,+0.937
1655688000,+2.95,+28.058, +9.599,+0.937
1655688120,+2.95,+28.050, +9.612,+0.937
1655688240,+2.95,+28.041, +9.572,+0.937
1655688360,+2.95,+28.024, +9.625,+0.937
1655688480,+2.95,+28.024, +9.555,+0.937
1655688600,+2.95,+28.024, +9.632,+0.937
1655688720,+2.95,+28.007, +9.610,+0.937
1655688840,+2.95,+28.007, +9.578,+0.936
1655688960,+2.95,+28.016, +9.595,+0.937
1655689080,+2.95,+28.007, +9.603,+0.938
1655689200,+2.95,+28.007, +9.545,+0.937
1655689320,+2.95,+28.007, +9.546,+0.937
1655689440,+2.95,+27.990, +9.567,+0.937
1655689560,+2.95,+28.007, +9.562,+0.937
1655689680,+2.95,+28.024, +9.669,+0.936
1655689800,+2.95,+28.007, +9.725,+0.938
1655689920,+2.95,+28.050, +9.722,+0.937
1655690040,+2.95,+28.075, +9.801,+0.937
1655690160,+2.95,+28.067, +9.631,+0.936
1655690280,+2.95,+28.084, +9.703,+0.937
1655690400,+2.95,+28.058, +9.670,+0.937
1655690520,+2.95,+28.058, +9.659,+0.936
1655690640,+2.95,+28.050, +9.701,+0.937
1655690760,+2.95,+28.050, +9.674,+0.937
1655690880,+2.95,+28.033, +9.588,+0.937
1655691000,+2.95,+28.007, +9.559,+0.937
1655691120,+2.95,+28.016, +9.571,+0.937
1655691240,+2.95,+28.016, +9.486,+0.937
1655691360,+2.95,+27.999, +9.440,+0.938
1655691480,+2.95,+27.973, +9.477,+0.938
1655691600,+2.95,+27.973, +9.476,+0.938
1655691720,+2.95,+27.990, +9.541,+0.937
1655691840,+2.95,+27.973, +9.490,+0.937
1655691960,+2.95,+27.990, +9.526,+0.938
1655692080,+2.95,+27.973, +9.482,+0.938
1655692200,+2.95,+27.981, +9.451,+0.938
1655692320,+2.95,+27.981, +9.399,+0.938
1655692440,+2.95,+27.939, +9.263,+0.937
1655692560,+2.95,+27.956, +9.327,+0.936
1655692680,+2.95,+27.964, +9.294,+0.936
1655692800,+2.95,+27.947, +9.267,+0.937
1655692920,+2.95,+27.964, +9.182,+0.937
1655693040,+2.95,+27.947, +9.119,+0.936
1655693160,+2.95,+27.939, +9.115,+0.937
1655693280,+2.95,+27.930, +9.070,+0.937
1655693400,+2.95,+27.939, +9.052,+0.937
1655693520,+2.95,+27.922, +9.043,+0.937
1655693640,+2.95,+27.905, +9.008,+0.938
1655693760,+2.95,+27.896, +8.986,+0.937
1655693880,+2.95,+27.896, +8.946,+0.937
1655694000,+2.95,+27.879, +8.883,+0.937
1655694120,+2.95,+27.862, +8.868,+0.938
1655694240,+2.95,+27.871, +8.833,+0.937
1655694360,+2.95,+27.879, +8.805,+0.937
1655694480,+2.95,+27.871, +8.784,+0.937
1655694600,+2.95,+27.871, +8.746,+0.937
1655694720,+2.95,+27.845, +8.692,+0.937
1655694840,+2.95,+27.837, +8.674,+0.937
1655694960,+2.95,+27.837, +8.686,+0.938
1655695080,+2.95,+27.820, +8.609,+0.936
1655695200,+2.95,+27.820, +8.614,+0.936
1655695320,+2.95,+27.811, +8.581,+0.937
1655695440,+2.95,+27.811, +8.545,+0.937
1655695560,+2.95,+27.794, +8.533,+0.937
1655695680,+2.95,+27.811, +8.490,+0.937
1655695800,+2.95,+27.769, +8.473,+0.936
1655695920,+2.95,+27.794, +8.445,+0.937
1655696040,+2.95,+27.769, +8.403,+0.936
1655696160,+2.95,+27.760, +8.392,+0.936
1655696280,+2.95,+27.735, +8.353,+0.936
1655696400,+2.95,+27.743, +8.339,+0.935
1655696520,+2.95,+27.735, +8.304,+0.936
1655696640,+2.95,+27.726, +8.290,+0.936
1655696760,+2.95,+27.735, +8.304,+0.936
1655696880,+2.95,+27.717, +8.273,+0.937
1655697000,+2.95,+27.709, +8.262,+0.936
1655697120,+2.95,+27.726, +8.246,+0.936
1655697240,+2.95,+27.709, +8.236,+0.936
1655697360,+2.95,+27.700, +8.206,+0.936
1655697480,+2.95,+27.700, +8.156,+0.936
1655697600,+2.95,+27.675, +8.128,+0.936
1655697720,+2.95,+27.675, +8.144,+0.936
1655697840,+2.95,+27.675, +8.118,+0.935
1655697960,+2.95,+27.666, +8.110,+0.936
1655698080,+2.95,+27.675, +8.087,+0.935
1655698200,+2.95,+27.683, +8.103,+0.937
1655698320,+2.95,+27.641, +8.110,+0.936
1655698440,+2.95,+27.666, +8.032,+0.935
1655698560,+2.95,+27.649, +8.044,+0.936
1655698680,+2.95,+27.632, +8.011,+0.935
1655698800,+2.95,+27.649, +8.048,+0.937
1655698920,+2.95,+27.632, +8.006,+0.935
1655699040,+2.95,+27.632, +7.996,+0.936
1655699160,+2.95,+27.615, +8.015,+0.935
1655699280,+2.95,+27.624, +7.992,+0.936
1655699400,+2.95,+27.624, +7.952,+0.936
1655699520,+2.95,+27.598, +7.985,+0.936
1655699640,+2.95,+27.632, +7.937,+0.937
1655699760,+2.95,+27.607, +7.932,+0.936
1655699880,+2.95,+27.607, +7.920,+0.937
1655700000,+2.95,+27.607, +7.931,+0.936
1655700120,+2.95,+27.607, +7.979,+0.936
1655700240,+2.95,+27.598, +7.900,+0.937
1655700360,+2.95,+27.573, +7.895,+0.936
1655700480,+2.95,+27.590, +7.913,+0.936
1655700600,+2.95,+27.581, +7.850,+0.936
1655700720,+2.95,+27.564, +7.845,+0.937
1655700840,+2.95,+27.556, +7.792,+0.935
1655700960,+2.95,+27.564, +7.833,+0.935
1655701080,+2.95,+27.556, +7.800,+0.936
1655701200,+2.95,+27.556, +7.807,+0.935
1655701320,+2.95,+27.556, +7.791,+0.936
1655701440,+2.95,+27.539, +7.752,+0.935
1655701560,+2.95,+27.530, +7.725,+0.936
1655701680,+2.95,+27.530, +7.708,+0.936
1655701800,+2.95,+27.522, +7.707,+0.936
1655701920,+2.95,+27.539, +7.706,+0.936
1655702040,+2.95,+27.513, +7.689,+0.936
1655702160,+2.95,+27.522, +7.677,+0.935
1655702280,+2.95,+27.522, +7.667,+0.935
1655702400,+2.95,+27.496, +7.612,+0.935
1655702520,+2.95,+27.530, +7.643,+0.935
1655702640,+2.95,+27.496, +7.637,+0.936
1655702760,+2.95,+27.522, +7.578,+0.935
1655702880,+2.95,+27.488, +7.640,+0.936
1655703000,+2.95,+27.488, +7.601,+0.936
1655703120,+2.94,+27.479, +7.581,+0.935
1655703240,+2.95,+27.479, +7.605,+0.936
1655703360,+2.95,+27.462, +7.553,+0.936
1655703480,+2.95,+27.471, +7.540,+0.935
1655703600,+2.94,+27.462, +7.527,+0.936
1655703720,+2.94,+27.454, +7.530,+0.935
1655703840,+2.94,+27.454, +7.507,+0.935
1655703960,+2.94,+27.471, +7.494,+0.936
1655704080,+2.95,+27.479, +7.513,+0.936
1655704200,+2.95,+27.445, +7.464,+0.935
1655704320,+2.95,+27.445, +7.476,+0.935
1655704440,+2.94,+27.445, +7.483,+0.936
1655704560,+2.95,+27.428, +7.486,+0.937
1655704680,+2.95,+27.428, +7.446,+0.936
1655704800,+2.94,+27.411, +7.494,+0.936
1655704920,+2.95,+27.428, +7.399,+0.935
1655705040,+2.95,+27.411, +7.463,+0.935
1655705160,+2.95,+27.420, +7.407,+0.935
1655705280,+2.95,+27.394, +7.434,+0.935
1655705400,+2.95,+27.403, +7.390,+0.935
1655705520,+2.95,+27.394, +7.355,+0.936
1655705640,+2.95,+27.403, +7.369,+0.935
1655705760,+2.95,+27.386, +7.363,+0.935
1655705880,+2.95,+27.377, +7.315,+0.934
1655706000,+2.95,+27.369, +7.385,+0.936
1655706120,+2.95,+27.360, +7.364,+0.935
1655706240,+2.95,+27.360, +7.344,+0.935
1655706360,+2.95,+27.352, +7.318,+0.935
1655706480,+2.95,+27.352, +7.344,+0.936
1655706600,+2.95,+27.369, +7.341,+0.935
1655706720,+2.95,+27.360, +7.279,+0.935
1655706840,+2.95,+27.352, +7.316,+0.935
1655706960,+2.95,+27.352, +7.273,+0.935
1655707080,+2.95,+27.343, +7.276,+0.935
1655707200,+2.95,+27.335, +7.289,+0.936
1655707320,+2.95,+27.343, +7.290,+0.935
1655707440,+2.95,+27.343, +7.307,+0.935
1655707560,+2.95,+27.343, +7.255,+0.935
1655707680,+2.95,+27.335, +7.285,+0.935
1655707800,+2.95,+27.335, +7.308,+0.935
1655707920,+2.95,+27.326, +7.265,+0.935
1655708040,+2.95,+27.326, +7.325,+0.936
1655708160,+2.95,+27.318, +7.225,+0.935
1655708280,+2.95,+27.318, +7.222,+0.935
1655708400,+2.95,+27.309, +7.294,+0.935
1655708520,+2.95,+27.318, +7.198,+0.935
1655708640,+2.95,+27.301, +7.215,+0.935
1655708760,+2.95,+27.318, +7.225,+0.936
1655708880,+2.95,+27.301, +7.195,+0.935
1655709000,+2.95,+27.284, +7.184,+0.935
1655709120,+2.95,+27.284, +7.210,+0.936
1655709240,+2.95,+27.301, +7.260,+0.935
1655709360,+2.95,+27.292, +7.187,+0.935
1655709480,+2.95,+27.284, +7.169,+0.935
1655709600,+2.95,+27.284, +7.187,+0.935
1655709720,+2.95,+27.292, +7.210,+0.935
1655709840,+2.95,+27.276, +7.130,+0.934
1655709960,+2.95,+27.250, +7.137,+0.934
1655710080,+2.95,+27.276, +7.168,+0.935
1655710200,+2.95,+27.250, +7.145,+0.936
1655710320,+2.95,+27.250, +7.074,+0.935
1655710440,+2.95,+27.242, +7.090,+0.935
1655710560,+2.95,+27.242, +7.078,+0.935
1655710680,+2.95,+27.250, +7.073,+0.934
1655710800,+2.95,+27.259, +7.134,+0.935
1655710920,+2.95,+27.233, +7.098,+0.936
1655711040,+2.95,+27.233, +7.125,+0.935
1655711160,+2.95,+27.250, +7.092,+0.935
1655711280,+2.95,+27.233, +7.019,+0.934
1655711400,+2.95,+27.225, +7.096,+0.935
1655711520,+2.95,+27.225, +6.998,+0.934
1655711640,+2.95,+27.208, +7.007,+0.935
1655711760,+2.95,+27.216, +7.052,+0.934
1655711880,+2.95,+27.208, +7.026,+0.935
1655712000,+2.95,+27.208, +7.033,+0.935
1655712120,+2.95,+27.208, +7.027,+0.936
1655712240,+2.95,+27.208, +6.978,+0.935
1655712360,+2.95,+27.191, +6.942,+0.935
1655712480,+2.95,+27.191, +6.990,+0.935
1655712600,+2.95,+27.199, +6.929,+0.934
1655712720,+2.95,+27.174, +6.948,+0.935
1655712840,+2.95,+27.182, +7.014,+0.935
1655712960,+2.95,+27.174, +6.927,+0.935
1655713080,+2.95,+27.174, +6.911,+0.935
1655713200,+2.95,+27.191, +6.934,+0.934
1655713320,+2.95,+27.165, +6.979,+0.935
1655713440,+2.95,+27.174, +6.927,+0.935
1655713560,+2.95,+27.165, +6.923,+0.935
1655713680,+2.95,+27.174, +7.001,+0.935
1655713800,+2.95,+27.165, +6.893,+0.935
1655713920,+2.95,+27.148, +6.842,+0.935
1655714040,+2.95,+27.131, +6.844,+0.935
1655714160,+2.95,+27.157, +6.922,+0.935
1655714280,+2.95,+27.140, +6.871,+0.935
1655714400,+2.95,+27.131, +6.776,+0.935
1655714520,+2.95,+27.140, +6.786,+0.935
1655714640,+2.95,+27.123, +6.796,+0.935
1655714760,+2.95,+27.114, +6.817,+0.934
1655714880,+2.95,+27.123, +6.782,+0.934
1655715000,+2.95,+27.106, +6.765,+0.935
1655715120,+2.95,+27.123, +6.808,+0.935
1655715240,+2.95,+27.123, +6.740,+0.934
1655715360,+2.95,+27.097, +6.728,+0.934
1655715480,+2.95,+27.114, +6.763,+0.935
1655715600,+2.95,+27.106, +6.663,+0.934
1655715720,+2.95,+27.106, +6.722,+0.934
1655715840,+2.95,+27.106, +6.810,+0.935
1655715960,+2.95,+27.089, +6.681,+0.934
1655716080,+2.95,+27.097, +6.626,+0.934
1655716200,+2.95,+27.097, +6.666,+0.934
1655716320,+2.95,+27.089, +6.577,+0.934
1655716440,+2.95,+27.080, +6.641,+0.935
1655716560,+2.95,+27.072, +6.644,+0.934
1655716680,+2.95,+27.080, +6.590,+0.934
1655716800,+2.95,+27.080, +6.648,+0.934
1655716920,+2.95,+27.072, +6.669,+0.934
1655717040,+2.95,+27.063, +6.618,+0.935
1655717160,+2.95,+27.072, +6.579,+0.934
1655717280,+2.95,+27.055, +6.583,+0.934
1655717400,+2.95,+27.055, +6.571,+0.934
1655717520,+2.95,+27.046, +6.560,+0.934
1655717640,+2.95,+27.046, +6.572,+0.934
1655717760,+2.95,+27.038, +6.588,+0.935
1655717880,+2.95,+27.038, +6.556,+0.934
1655718000,+2.95,+27.029, +6.646,+0.934
1655718120,+2.95,+27.046, +6.581,+0.934
1655718240,+2.95,+27.012, +6.603,+0.935
1655718360,+2.95,+27.029, +6.599,+0.935
1655718480,+2.95,+27.021, +6.546,+0.934
1655718600,+2.95,+27.012, +6.625,+0.934
1655718720,+2.95,+27.004, +6.572,+0.934
1655718840,+2.95,+27.012, +6.544,+0.934
1655718960,+2.95,+27.021, +6.563,+0.935
1655719080,+2.95,+27.012, +6.546,+0.934
1655719200,+2.95,+27.004, +6.564,+0.934
1655719320,+2.95,+27.012, +6.590,+0.935
1655719440,+2.95,+27.004, +6.623,+0.934
1655719560,+2.95,+27.012, +6.552,+0.934
1655719680,+2.95,+27.004, +6.592,+0.934
1655719800,+2.95,+27.012, +6.564,+0.935
1655719920,+2.95,+27.004, +6.513,+0.934
1655720040,+2.95,+27.004, +6.521,+0.934
1655720160,+2.95,+26.979, +6.509,+0.934
1655720280,+2.95,+26.996, +6.501,+0.934
1655720400,+2.95,+26.979, +6.510,+0.935
1655720520,+2.95,+27.004, +6.509,+0.934
1655720640,+2.95,+26.979, +6.483,+0.934
1655720760,+2.95,+26.970, +6.482,+0.934
1655720880,+2.95,+26.962, +6.525,+0.934
1655721000,+2.95,+26.962, +6.491,+0.934
1655721120,+2.95,+26.962, +6.444,+0.934
1655721240,+2.95,+26.962, +6.467,+0.934
1655721360,+2.95,+26.945, +6.433,+0.935
1655721480,+2.95,+26.953, +6.389,+0.934
1655721600,+2.95,+26.953, +6.412,+0.934
1655721720,+2.95,+26.945, +6.405,+0.934
1655721840,+2.95,+26.945, +6.363,+0.934
1655721960,+2.95,+26.945, +6.334,+0.934
1655722080,+2.95,+26.928, +6.343,+0.934
1655722200,+2.95,+26.928, +6.331,+0.934
1655722320,+2.95,+26.919, +6.323,+0.934
1655722440,+2.95,+26.911, +6.367,+0.934
1655722560,+2.95,+26.919, +6.378,+0.934
1655722680,+2.95,+26.911, +6.349,+0.934
1655722800,+2.95,+26.919, +6.388,+0.934
1655722920,+2.95,+26.928, +6.331,+0.934
1655723040,+2.95,+26.911, +6.331,+0.934
1655723160,+2.95,+26.911, +6.316,+0.935
1655723280,+2.95,+26.902, +6.274,+0.933
1655723400,+2.95,+26.902, +6.335,+0.934
1655723520,+2.95,+26.911, +6.314,+0.935
1655723640,+2.95,+26.911, +6.275,+0.934
1655723760,+2.95,+26.885, +6.332,+0.934
1655723880,+2.95,+26.894, +6.342,+0.934
1655724000,+2.95,+26.894, +6.289,+0.934
1655724120,+2.95,+26.885, +6.282,+0.934
1655724240,+2.95,+26.902, +6.256,+0.934
1655724360,+2.95,+26.877, +6.267,+0.934
1655724480,+2.95,+26.894, +6.237,+0.934
1655724600,+2.95,+26.894, +6.255,+0.935
1655724720,+2.95,+26.885, +6.257,+0.934
1655724840,+2.95,+26.885, +6.263,+0.934
1655724960,+2.95,+26.877, +6.245,+0.933
1655725080,+2.95,+26.868, +6.261,+0.934
1655725200,+2.95,+26.877, +6.218,+0.933
1655725320,+2.95,+26.860, +6.257,+0.934
1655725440,+2.95,+26.877, +6.233,+0.934
1655725560,+2.95,+26.868, +6.229,+0.934
1655725680,+2.95,+26.877, +6.218,+0.933
1655725800,+2.95,+26.868, +6.253,+0.934
1655725920,+2.95,+26.868, +6.227,+0.934
1655726040,+2.95,+26.860, +6.204,+0.934
1655726160,+2.95,+26.860, +6.240,+0.934
1655726280,+2.95,+26.851, +6.290,+0.935
1655726400,+2.95,+26.860, +6.230,+0.934
1655726520,+2.95,+26.851, +6.206,+0.933
1655726640,+2.95,+26.851, +6.262,+0.934
1655726760,+2.95,+26.860, +6.219,+0.933
1655726880,+2.95,+26.851, +6.240,+0.934
1655727000,+2.95,+26.843, +6.211,+0.934
1655727120,+2.95,+26.826, +6.169,+0.933
1655727240,+2.95,+26.843, +6.187,+0.933
1655727360,+2.95,+26.851, +6.191,+0.933
1655727480,+2.95,+26.826, +6.177,+0.934
1655727600,+2.95,+26.843, +6.184,+0.933
1655727720,+2.95,+26.843, +6.196,+0.934
1655727840,+2.95,+26.835, +6.177,+0.933
1655727960,+2.95,+26.818, +6.188,+0.934
1655728080,+2.95,+26.843, +6.169,+0.933
1655728200,+2.95,+26.843, +6.230,+0.935
1655728320,+2.95,+26.835, +6.176,+0.933
1655728440,+2.95,+26.835, +6.175,+0.933
1655728560,+2.95,+26.818, +6.183,+0.934
1655728680,+2.95,+26.818, +6.203,+0.934
1655728800,+2.95,+26.826, +6.183,+0.933
1655728920,+2.95,+26.818, +6.178,+0.933
1655729040,+2.95,+26.835, +6.183,+0.933
1655729160,+2.95,+26.826, +6.176,+0.934
1655729280,+2.95,+26.826, +6.187,+0.934
1655729400,+2.95,+26.818, +6.221,+0.933
1655729520,+2.95,+26.818, +6.199,+0.934
1655729640,+2.95,+26.809, +6.194,+0.933
1655729760,+2.95,+26.801, +6.217,+0.934
1655729880,+2.95,+26.801, +6.206,+0.934
1655730000,+2.95,+26.801, +6.179,+0.933
1655730120,+2.95,+26.801, +6.177,+0.934
1655730240,+2.95,+26.792, +6.173,+0.933
1655730360,+2.95,+26.784, +6.172,+0.933
1655730480,+2.95,+26.784, +6.184,+0.934
1655730600,+2.95,+26.767, +6.190,+0.933
1655730720,+2.95,+26.784, +6.171,+0.933
1655730840,+2.95,+26.784, +6.176,+0.934
1655730960,+2.95,+26.784, +6.175,+0.934
1655731080,+2.95,+26.775, +6.167,+0.934
1655731200,+2.95,+26.775, +6.169,+0.934
1655731320,+2.95,+26.784, +6.151,+0.933
1655731440,+2.95,+26.784, +6.141,+0.933
1655731560,+2.95,+26.775, +6.137,+0.933
1655731680,+2.95,+26.784, +6.128,+0.933
1655731800,+2.95,+26.775, +6.124,+0.934
1655731920,+2.95,+26.784, +6.122,+0.933
1655732040,+2.95,+26.767, +6.112,+0.933
1655732160,+2.95,+26.784, +6.143,+0.934
1655732280,+2.95,+26.775, +6.122,+0.934
1655732400,+2.95,+26.775, +6.113,+0.933
1655732520,+2.95,+26.767, +6.120,+0.933
1655732640,+2.95,+26.784, +6.131,+0.934
1655732760,+2.95,+26.758, +6.124,+0.934
1655732880,+2.95,+26.767, +6.118,+0.934
1655733000,+2.95,+26.767, +6.112,+0.934
1655733120,+2.95,+26.775, +6.110,+0.934
1655733240,+2.95,+26.792, +6.136,+0.933
1655733360,+2.95,+26.784, +6.139,+0.934
1655733480,+2.95,+26.792, +6.161,+0.934
1655733600,+2.95,+26.792, +6.153,+0.933
1655733720,+2.95,+26.784, +6.138,+0.934
1655733840,+2.95,+26.775, +6.144,+0.933
1655733960,+2.95,+26.784, +6.134,+0.934
1655734080,+2.95,+26.784, +6.153,+0.934
1655734200,+2.95,+26.801, +6.145,+0.934
1655734320,+2.95,+26.792, +6.117,+0.934
1655734440,+2.95,+26.801, +6.112,+0.934
1655734560,+2.95,+26.784, +6.123,+0.933
1655734680,+2.95,+26.792, +6.122,+0.934
1655734800,+2.95,+26.784, +6.121,+0.933
1655734920,+2.95,+26.792, +6.160,+0.934
1655735040,+2.95,+26.809, +6.126,+0.934
1655735160,+2.95,+26.784, +6.119,+0.934
1655735280,+2.95,+26.792, +6.135,+0.934
1655735400,+2.95,+26.792, +6.123,+0.933
1655735520,+2.95,+26.792, +6.136,+0.934
1655735640,+2.95,+26.775, +6.107,+0.933
1655735760,+2.95,+26.801, +6.098,+0.933
1655735880,+2.95,+26.784, +6.101,+0.934
1655736000,+2.95,+26.784, +6.108,+0.933
1655736120,+2.95,+26.784, +6.116,+0.933
1655736240,+2.95,+26.775, +6.100,+0.933
1655736360,+2.95,+26.784, +6.113,+0.933
1655736480,+2.95,+26.767, +6.109,+0.933
1655736600,+2.95,+26.767, +6.091,+0.933
1655736720,+2.95,+26.792, +6.133,+0.933
1655736840,+2.95,+26.775, +6.103,+0.933
1655736960,+2.95,+26.775, +6.076,+0.933
1655737080,+2.95,+26.767, +6.095,+0.934
1655737200,+2.95,+26.784, +6.097,+0.934
1655737320,+2.95,+26.775, +6.078,+0.934
1655737440,+2.95,+26.801, +6.088,+0.934
1655737560,+2.95,+26.784, +6.096,+0.933
1655737680,+2.95,+26.792, +6.093,+0.934
1655737800,+2.95,+26.775, +6.130,+0.934
1655737920,+2.95,+26.775, +6.114,+0.933
1655738040,+2.95,+26.784, +6.116,+0.934
1655738160,+2.95,+26.792, +6.114,+0.933
1655738280,+2.95,+26.784, +6.108,+0.934
1655738400,+2.95,+26.792, +6.103,+0.934
1655738520,+2.95,+26.784, +6.118,+0.934
1655738640,+2.95,+26.792, +6.126,+0.933
1655738760,+2.95,+26.784, +6.126,+0.933
1655738880,+2.95,+26.775, +6.158,+0.934
1655739000,+2.95,+26.775, +6.157,+0.933
1655739120,+2.95,+26.792, +6.174,+0.933
1655739240,+2.95,+26.792, +6.171,+0.933
1655739360,+2.95,+26.784, +6.180,+0.934
1655739480,+2.95,+26.784, +6.162,+0.934
1655739600,+2.95,+26.792, +6.186,+0.934
1655739720,+2.95,+26.784, +6.184,+0.933
1655739840,+2.95,+26.809, +6.167,+0.933
1655739960,+2.95,+26.792, +6.187,+0.933
1655740080,+2.95,+26.784, +6.179,+0.934
1655740200,+2.95,+26.801, +6.175,+0.934
1655740320,+2.95,+26.809, +6.173,+0.933
1655740440,+2.95,+26.792, +6.179,+0.933
1655740560,+2.95,+26.784, +6.191,+0.935
1655740680,+2.95,+26.784, +6.176,+0.934
1655740800,+2.95,+26.767, +6.157,+0.934
1655740920,+2.95,+26.784, +6.142,+0.934
1655741040,+2.95,+26.775, +6.153,+0.934
1655741160,+2.95,+26.775, +6.142,+0.934
1655741280,+2.95,+26.767, +6.127,+0.933
1655741400,+2.95,+26.775, +6.141,+0.934
1655741520,+2.95,+26.775, +6.135,+0.934
1655741640,+2.95,+26.801, +6.129,+0.934
1655741760,+2.95,+26.784, +6.107,+0.933
1655741880,+2.95,+26.767, +6.112,+0.934
1655742000,+2.95,+26.784, +6.101,+0.934
1655742120,+2.95,+26.750, +6.108,+0.933
1655742240,+2.95,+26.758, +6.116,+0.934
1655742360,+2.95,+26.758, +6.116,+0.934
1655742480,+2.95,+26.733, +6.113,+0.934
1655742600,+2.95,+26.750, +6.092,+0.933
1655742720,+2.95,+26.741, +6.083,+0.933
1655742840,+2.95,+26.733, +6.097,+0.933
1655742960,+2.95,+26.724, +6.108,+0.933
1655743080,+2.95,+26.733, +6.131,+0.934
1655743200,+2.95,+26.699, +6.139,+0.934
1655743320,+2.95,+26.724, +6.127,+0.933
1655743440,+2.95,+26.716, +6.124,+0.933
1655743560,+2.95,+26.716, +6.146,+0.934
1655743680,+2.95,+26.707, +6.153,+0.933
1655743800,+2.95,+26.707, +6.161,+0.934
1655743920,+2.95,+26.699, +6.162,+0.933
1655744040,+2.95,+26.691, +6.170,+0.934
1655744160,+2.95,+26.682, +6.205,+0.934
1655744280,+2.95,+26.699, +6.205,+0.934
1655744400,+2.95,+26.682, +6.215,+0.934
1655744520,+2.95,+26.682, +6.225,+0.933
1655744640,+2.95,+26.707, +6.227,+0.933
1655744760,+2.95,+26.674, +6.264,+0.934
1655744880,+2.95,+26.682, +6.265,+0.934
1655745000,+2.95,+26.691, +6.253,+0.933
1655745120,+2.95,+26.682, +6.293,+0.934
1655745240,+2.95,+26.682, +6.302,+0.934
1655745360,+2.95,+26.682, +6.288,+0.934
1655745480,+2.95,+26.674, +6.333,+0.934
1655745600,+2.95,+26.674, +6.334,+0.933
1655745720,+2.95,+26.691, +6.357,+0.933
1655745840,+2.95,+26.691, +6.379,+0.933
1655745960,+2.95,+26.699, +6.382,+0.934
1655746080,+2.95,+26.682, +6.424,+0.934
1655746200,+2.95,+26.699, +6.440,+0.934
1655746320,+2.95,+26.699, +6.438,+0.933
1655746440,+2.95,+26.691, +6.470,+0.935
1655746560,+2.95,+26.724, +6.490,+0.934
1655746680,+2.95,+26.699, +6.514,+0.934
1655746800,+2.95,+26.707, +6.546,+0.934
1655746920,+2.95,+26.707, +6.556,+0.934
1655747040,+2.95,+26.682, +6.580,+0.934
1655747160,+2.95,+26.691, +6.615,+0.934
1655747280,+2.95,+26.699, +6.646,+0.934
1655747400,+2.95,+26.724, +6.617,+0.934
1655747520,+2.95,+26.707, +6.636,+0.933
1655747640,+2.95,+26.724, +6.660,+0.934
1655747760,+2.95,+26.724, +6.731,+0.934
1655747880,+2.95,+26.716, +6.744,+0.933
1655748000,+2.95,+26.707, +6.755,+0.934
1655748120,+2.95,+26.733, +6.816,+0.935
1655748240,+2.95,+26.741, +6.878,+0.934
1655748360,+2.95,+26.750, +6.931,+0.934
1655748480,+2.95,+26.750, +6.963,+0.933
1655748600,+2.95,+26.750, +7.025,+0.935
1655748720,+2.95,+26.775, +7.163,+0.935
1655748840,+2.95,+26.767, +7.096,+0.935
1655748960,+2.95,+26.767, +7.154,+0.933
1655749080,+2.95,+26.784, +7.300,+0.934
