7530-428102
OS REV: 1.05 Sensor Cal: 1572940800
Time (sec),  Bat (Volts),   T (deg C),  PAR (umol/(s m^2))  Ax (g), Ay (g), Az (g)
1628567580, +2.96, +27.597,  +1.37395, +1004.000, +116.000, +316.000
1628567640, +2.96, +27.589,  +1.11694, +1073.000, +152.000, +232.000
1628567700, +2.96, +27.597,  +0.94663, +996.000, +118.000, +313.000
1628567760, +2.96, +27.597,  +0.83825, +1060.000, +144.000, +268.000
1628567820, +2.96, +27.573,  +0.64626, +1091.000, +164.000, +184.000
1628567880, +2.96, +27.589,  +0.49762, +1054.000, +140.000, +280.000
1628567940, +2.96, +27.581,  +0.42950, +996.000, +120.000, +312.000
1628568000, +2.96, +27.573,  +0.34279, +1064.000, +144.000, +257.000
1628568060, +2.96, +27.581,  +0.30254, +1062.000, +144.000, +264.000
1628568120, +2.96, +27.573,  +0.23131, +1016.000, +124.000, +316.000
1628568180, +2.96, +27.556,  +0.25299, +1062.000, +144.000, +263.000
1628568240, +2.96, +27.565,  +0.06720, +1070.000, +152.000, +244.000
1628568300, +2.96, +27.581,  +0.11984, +1063.000, +147.000, +262.000
1628568360, +2.96, +27.573,  -0.03809, +1072.000, +152.000, +246.000
1628568420, +2.96, +27.548,  +0.03623, +1063.000, +147.000, +259.000
1628568480, +2.96, +27.523,  +0.00217, +1080.000, +158.000, +224.000
1628568540, +2.96, +27.548,  -0.00093, +1083.000, +156.000, +208.000
1628568600, +2.96, +27.532,  +0.03313, +1059.000, +144.000, +272.000
1628568660, +2.96, +27.540,  -0.02880, +1067.000, +152.000, +248.000
1628568720, +2.96, +27.548,  -0.12789, +1059.000, +144.000, +271.000
1628568780, +2.96, +27.532,  +0.02694, +1081.000, +161.000, +208.000
1628568840, +2.96, +27.548,  -0.02880, +1048.000, +136.000, +295.000
1628568900, +2.96, +27.523,  +0.02384, +1095.000, +166.000, +168.000
1628568960, +2.96, +27.523,  -0.07215, +1105.000, +156.000, +142.000
1628569020, +2.96, +27.523,  -0.08763, +1096.000, +167.000, +163.000
1628569080, +2.96, +27.532,  -0.01332, +1088.000, +163.000, +195.000
1628569140, +2.96, +27.515,  +0.07649, +1063.000, +147.000, +260.000
1628569200, +2.96, +27.515,  -0.04738, +1055.000, +140.000, +281.000
1628569260, +2.96, +27.523,  +0.00217, +1080.000, +158.000, +219.000
1628569320, +2.96, +27.507,  -0.06596, +1063.000, +144.000, +264.000
1628569380, +2.96, +27.507,  -0.04428, +1065.000, +152.000, +256.000
1628569440, +2.96, +27.523,  -0.07525, +1080.000, +160.000, +214.000
1628569500, +2.96, +27.499,  +0.00217, +1080.000, +153.000, +220.000
1628569560, +2.96, +27.515,  -0.06286, +1072.000, +152.000, +238.000
1628569620, +2.96, +27.515,  -0.02880, +1072.000, +152.000, +240.000
1628569680, +2.96, +27.490,  -0.01641, +1072.000, +152.000, +240.000
1628569740, +2.96, +27.507,  -0.03189, +1100.000, +163.000, +156.000
1628569800, +2.96, +27.515,  +0.02694, +1065.000, +147.000, +260.000
1628569860, +2.96, +27.507,  -0.05047, +1063.000, +144.000, +264.000
1628569920, +2.96, +27.515,  -0.02261, +1052.000, +140.000, +284.000
1628569980, +2.96, +27.499,  -0.13408, +1052.000, +140.000, +286.000
1628570040, +2.96, +27.499,  -0.04428, +1084.000, +160.000, +204.000
1628570100, +2.96, +27.507,  -0.13718, +1080.000, +158.000, +220.000
1628570160, +2.96, +27.499,  -0.01332, +1072.000, +152.000, +249.000
1628570220, +2.96, +27.490,  -0.03189, +1081.000, +160.000, +216.000
1628570280, +2.96, +27.499,  -0.01022, +1080.000, +156.000, +220.000
1628570340, +2.96, +27.482,  +0.04862, +1075.000, +152.000, +231.000
1628570400, +2.96, +27.490,  +0.00526, +1075.000, +156.000, +227.000
1628570460, +2.96, +27.507,  -0.01951, +1076.000, +152.000, +230.000
1628570520, +2.96, +27.482,  -0.02261, +1086.000, +160.000, +200.000
1628570580, +2.96, +27.474,  +0.02075, +1065.000, +150.000, +252.000
1628570640, +2.96, +27.490,  -0.10931, +1072.000, +152.000, +243.000
1628570700, +2.96, +27.490,  -0.03809, +1084.000, +160.000, +208.000
1628570760, +2.96, +27.482,  -0.05976, +1075.000, +152.000, +236.000
1628570820, +2.96, +27.490,  -0.06286, +1086.000, +160.000, +208.000
1628570880, +2.96, +27.474,  +0.01146, +1078.000, +156.000, +227.000
1628570940, +2.96, +27.466,  -0.06286, +1059.000, +144.000, +271.000
1628571000, +2.96, +27.482,  -0.04118, +1080.000, +160.000, +206.000
1628571060, +2.96, +27.466,  -0.07215, +1096.000, +168.000, +160.000
1628571120, +2.96, +27.466,  -0.02261, +1080.000, +160.000, +211.000
1628571180, +2.96, +27.474,  -0.04118, +1078.000, +156.000, +224.000
1628571240, +2.96, +27.474,  +0.03623, +1107.000, +156.000, +144.000
1628571300, +2.96, +27.449,  -0.02261, +1099.000, +168.000, +168.000
1628571360, +2.96, +27.466,  -0.04738, +1081.000, +160.000, +208.000
1628571420, +2.96, +27.457,  -0.02880, +999.000, +120.000, +313.000
1628571480, +2.96, +27.457,  -0.03189, +1008.000, +120.000, +320.000
1628571540, +2.96, +27.466,  -0.03499, +1102.000, +166.000, +156.000
1628571600, +2.96, +27.457,  -0.11550, +1039.000, +131.000, +304.000
1628571660, +2.96, +27.449,  -0.02261, +1100.000, +166.000, +158.000
1628571720, +2.96, +27.466,  -0.06286, +1080.000, +156.000, +224.000
1628571780, +2.96, +27.466,  -0.04428, +1088.000, +161.000, +192.000
1628571840, +2.96, +27.466,  -0.04118, +1089.000, +166.000, +180.000
1628571900, +2.96, +27.449,  +0.00836, +1078.000, +158.000, +225.000
1628571960, +2.96, +27.457,  +0.01455, +999.000, +115.000, +316.000
1628572020, +2.96, +27.457,  +0.06410, +999.000, +120.000, +312.000
1628572080, +2.96, +27.457,  -0.01332, +1004.000, +120.000, +320.000
1628572140, +2.96, +27.441,  -0.06286, +1078.000, +156.000, +216.000
1628572200, +2.96, +27.457,  -0.04738, +1062.000, +144.000, +268.000
1628572260, +2.96, +27.441,  -0.07525, +1105.000, +148.000, +148.000
1628572320, +2.96, +27.441,  -0.12479, +1104.000, +120.000, +185.000
1628572380, +2.96, +27.441,  -0.09383, +1091.000, +166.000, +176.000
1628572440, +2.96, +27.449,  -0.03189, +998.000, +115.000, +312.000
1628572500, +2.96, +27.449,  -0.06596, +999.000, +118.000, +310.000
1628572560, +2.96, +27.441,  -0.06286, +1099.000, +166.000, +156.000
1628572620, +2.96, +27.433,  -0.05667, +1105.000, +116.000, +191.000
1628572680, +2.96, +27.441,  +0.08578, +1075.000, +156.000, +228.000
1628572740, +2.96, +27.441,  +0.03933, +1107.000, +140.000, +158.000
1628572800, +2.96, +27.449,  -0.02570, +1078.000, +156.000, +228.000
1628572860, +2.96, +27.441,  +0.02075, +1080.000, +156.000, +216.000
1628572920, +2.96, +27.424,  -0.13718, +1088.000, +160.000, +198.000
1628572980, +2.96, +27.449,  +0.03933, +1097.000, +168.000, +160.000
1628573040, +2.96, +27.449,  +0.03313, +1080.000, +153.000, +224.000
1628573100, +2.96, +27.433,  -0.08144, +1091.000, +166.000, +179.000
1628573160, +2.96, +27.424,  +0.03313, +1080.000, +160.000, +224.000
1628573220, +2.96, +27.433,  -0.01951, +1088.000, +164.000, +184.000
1628573280, +2.96, +27.433,  -0.02261, +1084.000, +160.000, +204.000
1628573340, +2.96, +27.424,  -0.08144, +1084.000, +160.000, +208.000
1628573400, +2.96, +27.441,  -0.11860, +1080.000, +160.000, +220.000
1628573460, +2.96, +27.391,  -0.08454, +1104.000, +168.000, +152.000
1628573520, +2.96, +27.433,  +0.00836, +1080.000, +156.000, +224.000
1628573580, +2.96, +27.433,  -0.03189, +1075.000, +156.000, +224.000
1628573640, +2.96, +27.424,  +0.03004, +1087.000, +160.000, +195.000
1628573700, +2.96, +27.424,  -0.03499, +1100.000, +168.000, +152.000
1628573760, +2.96, +27.424,  -0.03809, +1095.000, +166.000, +176.000
1628573820, +2.96, +27.416,  -0.02261, +1100.000, +168.000, +156.000
1628573880, +2.96, +27.416,  -0.08763, +1087.000, +161.000, +192.000
1628573940, +2.96, +27.424,  -0.03809, +1080.000, +156.000, +224.000
1628574000, +2.96, +27.416,  -0.01951, +1080.000, +160.000, +224.000
1628574060, +2.96, +27.416,  -0.02570, +1084.000, +160.000, +216.000
1628574120, +2.96, +27.416,  -0.07525, +1083.000, +156.000, +209.000
1628574180, +2.96, +27.400,  -0.09692, +1080.000, +156.000, +224.000
1628574240, +2.96, +27.400,  -0.08144, +1080.000, +156.000, +222.000
1628574300, +2.96, +27.400,  +0.00217, +1072.000, +152.000, +240.000
1628574360, +2.96, +27.400,  -0.04738, +1072.000, +152.000, +240.000
1628574420, +2.96, +27.408,  -0.00712, +1079.000, +156.000, +227.000
1628574480, +2.96, +27.400,  -0.03189, +1078.000, +158.000, +227.000
1628574540, +2.96, +27.391,  +0.02075, +1072.000, +152.000, +240.000
1628574600, +2.96, +27.391,  -0.01641, +1103.000, +168.000, +152.000
1628574660, +2.96, +27.391,  -0.05357, +1095.000, +166.000, +161.000
1628574720, +2.96, +27.400,  -0.05357, +1075.000, +156.000, +228.000
1628574780, +2.96, +27.408,  -0.02570, +1084.000, +160.000, +214.000
1628574840, +2.96, +27.416,  -0.02570, +1088.000, +161.000, +192.000
1628574900, +2.96, +27.408,  -0.06286, +1087.000, +160.000, +204.000
1628574960, +2.96, +27.367,  -0.02880, +1102.000, +164.000, +150.000
1628575020, +2.96, +27.408,  +0.02384, +1095.000, +167.000, +160.000
1628575080, +2.96, +27.400,  -0.12789, +1100.000, +168.000, +152.000
1628575140, +2.96, +27.400,  -0.03809, +1107.000, +156.000, +144.000
1628575200, +2.96, +27.408,  -0.03499, +1087.000, +160.000, +200.000
1628575260, +2.96, +27.416,  +0.00217, +1072.000, +152.000, +240.000
1628575320, +2.96, +27.408,  -0.01641, +1073.000, +156.000, +232.000
1628575380, +2.96, +27.400,  -0.04738, +1104.000, +115.000, +199.000
1628575440, +2.96, +27.383,  -0.01022, +1081.000, +160.000, +212.000
1628575500, +2.96, +27.383,  -0.04428, +1104.000, +158.000, +144.000
1628575560, +2.96, +27.400,  +0.00526, +1068.000, +148.000, +256.000
1628575620, +2.96, +27.391,  +0.02694, +1088.000, +163.000, +196.000
1628575680, +2.96, +27.408,  -0.01332, +1104.000, +160.000, +144.000
1628575740, +2.96, +27.391,  -0.04118, +1100.000, +168.000, +152.000
1628575800, +2.96, +27.400,  -0.01641, +1080.000, +160.000, +216.000
1628575860, +2.96, +27.391,  -0.04738, +1084.000, +160.000, +216.000
1628575920, +2.96, +27.400,  -0.06905, +1084.000, +160.000, +208.000
1628575980, +2.96, +27.375,  +0.06100, +1078.000, +156.000, +227.000
1628576040, +2.96, +27.400,  -0.08454, +1105.000, +128.000, +183.000
1628576100, +2.96, +27.391,  -0.04118, +1084.000, +160.000, +211.000
1628576160, +2.96, +27.383,  -0.04428, +1072.000, +152.000, +240.000
1628576220, +2.96, +27.383,  -0.04428, +1088.000, +160.000, +192.000
1628576280, +2.96, +27.375,  -0.03189, +1075.000, +152.000, +232.000
1628576340, +2.96, +27.375,  +0.03004, +1080.000, +158.000, +224.000
1628576400, +2.96, +27.375,  +0.07339, +1084.000, +160.000, +208.000
1628576460, +2.96, +27.359,  -0.03809, +1092.000, +163.000, +184.000
1628576520, +2.96, +27.383,  +0.03623, +1088.000, +164.000, +184.000
1628576580, +2.96, +27.367,  -0.09073, +1103.000, +166.000, +150.000
1628576640, +2.96, +27.375,  +0.04552, +1107.000, +140.000, +160.000
1628576700, +2.96, +27.383,  -0.05667, +1104.000, +166.000, +150.000
1628576760, +2.96, +27.359,  -0.06286, +1083.000, +160.000, +206.000
1628576820, +2.96, +27.375,  -0.07215, +1095.000, +167.000, +176.000
1628576880, +2.96, +27.375,  +0.01455, +1103.000, +164.000, +147.000
1628576940, +2.96, +27.359,  -0.07834, +1075.000, +156.000, +227.000
1628577000, +2.96, +27.350,  -0.03809, +1054.000, +142.000, +284.000
1628577060, +2.96, +27.359,  -0.05357, +1102.000, +166.000, +152.000
1628577120, +2.96, +27.383,  -0.08144, +1108.000, +140.000, +152.000
1628577180, +2.96, +27.375,  -0.09383, +1104.000, +152.000, +144.000
1628577240, +2.96, +27.375,  +0.03004, +999.000, +118.000, +313.000
1628577300, +2.96, +27.350,  -0.04118, +1104.000, +161.000, +144.000
1628577360, +2.96, +27.367,  -0.09692, +1092.000, +163.000, +188.000
1628577420, +2.96, +27.350,  -0.05047, +1105.000, +115.000, +195.000
1628577480, +2.96, +27.367,  +0.03623, +1096.000, +166.000, +166.000
1628577540, +2.96, +27.359,  -0.01332, +999.000, +119.000, +312.000
1628577600, +2.96, +27.359,  +0.06410, +1068.000, +152.000, +241.000
1628577660, +2.96, +27.359,  -0.05976, +1097.000, +168.000, +152.000
1628577720, +2.96, +27.350,  +0.00526, +1107.000, +136.000, +161.000
1628577780, +2.96, +27.359,  -0.02570, +1095.000, +167.000, +166.000
1628577840, +2.96, +27.359,  -0.10002, +1075.000, +156.000, +228.000
1628577900, +2.96, +27.367,  -0.01641, +1103.000, +166.000, +152.000
1628577960, +2.96, +27.359,  +0.03623, +1096.000, +168.000, +164.000
1628578020, +2.96, +27.367,  -0.01022, +1112.000, +156.000, +142.000
1628578080, +2.96, +27.334,  -0.06905, +1078.000, +156.000, +227.000
1628578140, +2.96, +27.359,  -0.01641, +1091.000, +164.000, +179.000
1628578200, +2.96, +27.350,  +0.01455, +1091.000, +164.000, +184.000
1628578260, +2.96, +27.367,  -0.00403, +1091.000, +163.000, +184.000
1628578320, +2.96, +27.342,  -0.02880, +1088.000, +164.000, +184.000
1628578380, +2.96, +27.367,  -0.01951, +1095.000, +164.000, +168.000
1628578440, +2.96, +27.350,  -0.03809, +1088.000, +163.000, +193.000
1628578500, +2.96, +27.350,  -0.01641, +1072.000, +152.000, +240.000
1628578560, +2.96, +27.350,  -0.01332, +1080.000, +156.000, +224.000
1628578620, +2.96, +27.359,  -0.04738, +1105.000, +163.000, +144.000
1628578680, +2.96, +27.334,  -0.01332, +1086.000, +160.000, +200.000
1628578740, +2.96, +27.342,  -0.01332, +999.000, +119.000, +316.000
1628578800, +2.96, +27.342,  -0.04118, +1087.000, +160.000, +199.000
1628578860, +2.96, +27.359,  -0.04738, +1080.000, +158.000, +214.000
1628578920, +2.96, +27.350,  -0.03189, +1103.000, +163.000, +144.000
1628578980, +2.96, +27.334,  -0.02570, +1107.000, +140.000, +152.000
1628579040, +2.96, +27.342,  +0.05481, +1105.000, +140.000, +158.000
1628579100, +2.96, +27.350,  -0.03189, +1107.000, +129.000, +167.000
1628579160, +2.96, +27.359,  -0.01951, +1103.000, +166.000, +144.000
1628579220, +2.96, +27.350,  -0.01641, +1103.000, +166.000, +150.000
1628579280, +2.96, +27.350,  -0.06286, +1095.000, +166.000, +172.000
1628579340, +2.96, +27.350,  -0.04428, +1107.000, +132.000, +167.000
1628579400, +2.96, +27.342,  +0.00526, +1104.000, +156.000, +144.000
1628579460, +2.96, +27.350,  +0.00836, +1107.000, +162.000, +142.000
1628579520, +2.96, +27.350,  +0.02075, +1087.000, +160.000, +198.000
1628579580, +2.96, +27.350,  -0.10931, +1081.000, +160.000, +216.000
1628579640, +2.96, +27.350,  +0.01146, +1075.000, +156.000, +232.000
1628579700, +2.96, +27.350,  -0.08763, +1078.000, +158.000, +216.000
1628579760, +2.96, +27.350,  +0.03313, +1105.000, +158.000, +146.000
1628579820, +2.96, +27.350,  -0.05357, +998.000, +119.000, +316.000
1628579880, +2.96, +27.326,  +0.01455, +1107.000, +131.000, +179.000
1628579940, +2.96, +27.350,  -0.04738, +1086.000, +160.000, +206.000
1628580000, +2.96, +27.326,  +0.02075, +1086.000, +160.000, +200.000
1628580060, +2.96, +27.350,  -0.01332, +1097.000, +166.000, +160.000
1628580120, +2.96, +27.350,  -0.00093, +1107.000, +144.000, +152.000
1628580180, +2.96, +27.342,  -0.00403, +1107.000, +156.000, +144.000
1628580240, +2.96, +27.342,  -0.05047, +1100.000, +166.000, +156.000
1628580300, +2.96, +27.350,  +0.03313, +1104.000, +164.000, +147.000
1628580360, +2.96, +27.326,  -0.03499, +1097.000, +166.000, +156.000
1628580420, +2.96, +27.342,  -0.03809, +1105.000, +152.000, +144.000
1628580480, +2.96, +27.334,  +0.02694, +1104.000, +164.000, +144.000
1628580540, +2.96, +27.350,  -0.01022, +999.000, +118.000, +313.000
1628580600, +2.96, +27.342,  -0.03499, +1096.000, +167.000, +166.000
1628580660, +2.96, +27.350,  -0.04738, +1108.000, +156.000, +144.000
1628580720, +2.96, +27.317,  +0.01146, +1088.000, +161.000, +196.000
1628580780, +2.96, +27.342,  +0.04242, +1064.000, +152.000, +262.000
1628580840, +2.96, +27.350,  -0.06905, +1107.000, +140.000, +156.000
1628580900, +2.96, +27.350,  -0.02261, +1095.000, +167.000, +172.000
1628580960, +2.96, +27.342,  -0.04738, +1103.000, +166.000, +147.000
1628581020, +2.96, +27.342,  +0.05171, +999.000, +118.000, +315.000
1628581080, +2.96, +27.334,  -0.06905, +1094.000, +166.000, +184.000
1628581140, +2.96, +27.317,  -0.01022, +1103.000, +164.000, +148.000
1628581200, +2.96, +27.326,  +0.03623, +995.000, +118.000, +312.000
1628581260, +2.96, +27.334,  -0.09073, +1072.000, +156.000, +236.000
1628581320, +2.96, +27.342,  -0.01332, +1096.000, +166.000, +160.000
1628581380, +2.96, +27.359,  -0.02880, +1086.000, +163.000, +200.000
1628581440, +2.96, +27.359,  -0.01641, +1104.000, +166.000, +150.000
1628581500, +2.96, +27.342,  -0.01951, +1075.000, +156.000, +224.000
1628581560, +2.96, +27.342,  -0.00093, +1080.000, +160.000, +212.000
1628581620, +2.96, +27.342,  -0.03499, +1094.000, +166.000, +176.000
1628581680, +2.96, +27.350,  -0.04118, +1080.000, +158.000, +224.000
1628581740, +2.96, +27.342,  -0.03499, +1075.000, +152.000, +232.000
1628581800, +2.96, +27.342,  +0.02075, +1108.000, +160.000, +142.000
1628581860, +2.96, +27.326,  -0.02880, +1087.000, +160.000, +204.000
1628581920, +2.96, +27.334,  -0.08763, +1107.000, +147.000, +152.000
1628581980, +2.96, +27.342,  -0.05976, +999.000, +118.000, +313.000
1628582040, +2.96, +27.342,  -0.05047, +1084.000, +158.000, +208.000
1628582100, +2.96, +27.350,  +0.01146, +1078.000, +158.000, +224.000
1628582160, +2.96, +27.350,  -0.01022, +1107.000, +156.000, +144.000
1628582220, +2.96, +27.342,  +0.02075, +1097.000, +168.000, +158.000
1628582280, +2.96, +27.350,  +0.02694, +1105.000, +158.000, +144.000
1628582340, +2.96, +27.342,  -0.04118, +1097.000, +167.000, +156.000
1628582400, +2.96, +27.350,  -0.01641, +1107.000, +144.000, +152.000
1628582460, +2.96, +27.334,  -0.02570, +1104.000, +164.000, +147.000
1628582520, +2.96, +27.342,  +0.03313, +1108.000, +156.000, +144.000
1628582580, +2.96, +27.334,  -0.11241, +1088.000, +160.000, +192.000
1628582640, +2.96, +27.334,  -0.07525, +1107.000, +144.000, +152.000
1628582700, +2.96, +27.342,  -0.10931, +1107.000, +120.000, +185.000
1628582760, +2.96, +27.350,  -0.04428, +1095.000, +172.000, +161.000
1628582820, +2.96, +27.334,  +0.03004, +1081.000, +160.000, +209.000
1628582880, +2.96, +27.334,  +0.01765, +1084.000, +158.000, +210.000
1628582940, +2.96, +27.326,  -0.05357, +1107.000, +131.000, +179.000
1628583000, +2.96, +27.309,  -0.13718, +1084.000, +160.000, +206.000
1628583060, +2.96, +27.326,  -0.01022, +1075.000, +156.000, +232.000
1628583120, +2.96, +27.334,  -0.01022, +1107.000, +140.000, +159.000
1628583180, +2.96, +27.334,  -0.04428, +1108.000, +156.000, +144.000
1628583240, +2.96, +27.342,  -0.06286, +1087.000, +160.000, +198.000
1628583300, +2.96, +27.326,  +0.01146, +999.000, +119.000, +316.000
1628583360, +2.96, +27.326,  -0.05976, +1096.000, +166.000, +164.000
1628583420, +2.96, +27.334,  +0.04862, +1104.000, +160.000, +144.000
1628583480, +2.96, +27.334,  -0.05976, +1097.000, +168.000, +163.000
1628583540, +2.96, +27.317,  +0.01146, +1078.000, +156.000, +226.000
1628583600, +2.96, +27.309,  +0.00836, +1095.000, +166.000, +174.000
1628583660, +2.96, +27.326,  +0.00217, +1087.000, +160.000, +195.000
1628583720, +2.96, +27.342,  +0.02384, +1096.000, +164.000, +168.000
1628583780, +2.96, +27.334,  -0.02261, +1081.000, +160.000, +211.000
1628583840, +2.96, +27.326,  -0.01022, +999.000, +120.000, +313.000
1628583900, +2.96, +27.317,  +0.06100, +1096.000, +167.000, +164.000
1628583960, +2.96, +27.334,  -0.03499, +1104.000, +148.000, +152.000
1628584020, +2.96, +27.309,  -0.01641, +998.000, +119.000, +313.000
1628584080, +2.96, +27.334,  -0.02880, +1100.000, +168.000, +152.000
1628584140, +2.96, +27.317,  -0.07834, +1080.000, +156.000, +224.000
1628584200, +2.96, +27.317,  +0.01455, +1103.000, +166.000, +144.000
1628584260, +2.96, +27.334,  -0.05357, +1105.000, +158.000, +144.000
1628584320, +2.96, +27.309,  +0.00526, +1105.000, +156.000, +142.000
1628584380, +2.96, +27.317,  -0.02570, +1105.000, +158.000, +144.000
1628584440, +2.96, +27.326,  -0.05047, +1097.000, +167.000, +160.000
1628584500, +2.96, +27.326,  +0.01455, +1100.000, +164.000, +152.000
1628584560, +2.96, +27.309,  +0.01455, +1107.000, +160.000, +144.000
1628584620, +2.96, +27.317,  -0.07834, +1084.000, +160.000, +208.000
1628584680, +2.96, +27.317,  +0.11364, +1102.000, +166.000, +152.000
1628584740, +2.96, +27.317,  -0.05667, +1096.000, +167.000, +160.000
1628584800, +2.96, +27.317,  -0.04738, +998.000, +119.000, +313.000
1628584860, +2.96, +27.326,  -0.00712, +1104.000, +129.000, +172.000
1628584920, +2.96, +27.326,  -0.01951, +1089.000, +167.000, +184.000
1628584980, +2.96, +27.317,  -0.02261, +1104.000, +166.000, +152.000
1628585040, +2.96, +27.309,  -0.01022, +1103.000, +166.000, +147.000
1628585100, +2.96, +27.309,  -0.00093, +1091.000, +166.000, +184.000
1628585160, +2.96, +27.301,  -0.02570, +1095.000, +167.000, +168.000
1628585220, +2.96, +27.301,  -0.07525, +1107.000, +156.000, +144.000
1628585280, +2.96, +27.326,  -0.05047, +1105.000, +147.000, +152.000
1628585340, +2.96, +27.317,  -0.03809, +1107.000, +119.000, +199.000
1628585400, +2.96, +27.301,  -0.05976, +1100.000, +163.000, +147.000
1628585460, +2.96, +27.309,  -0.00712, +1107.000, +160.000, +144.000
1628585520, +2.96, +27.301,  -0.02880, +1087.000, +160.000, +199.000
1628585580, +2.96, +27.317,  -0.10002, +1104.000, +164.000, +150.000
1628585640, +2.96, +27.309,  -0.07215, +1094.000, +166.000, +172.000
1628585700, +2.96, +27.309,  -0.05667, +998.000, +120.000, +315.000
1628585760, +2.96, +27.317,  -0.02570, +1104.000, +119.000, +205.000
1628585820, +2.96, +27.317,  -0.08144, +1091.000, +164.000, +184.000
1628585880, +2.96, +27.301,  -0.08763, +1076.000, +152.000, +232.000
1628585940, +2.96, +27.309,  -0.10931, +1100.000, +166.000, +152.000
1628586000, +2.96, +27.301,  -0.01951, +1091.000, +167.000, +184.000
1628586060, +2.96, +27.309,  -0.00712, +1072.000, +152.000, +240.000
1628586120, +2.96, +27.317,  -0.02261, +1084.000, +160.000, +214.000
1628586180, +2.96, +27.309,  -0.01641, +1080.000, +160.000, +211.000
1628586240, +2.96, +27.284,  -0.05357, +1084.000, +160.000, +208.000
1628586300, +2.96, +27.326,  -0.10621, +999.000, +120.000, +315.000
1628586360, +2.96, +27.301,  +0.00526, +1097.000, +166.000, +163.000
1628586420, +2.96, +27.301,  +0.02075, +1104.000, +135.000, +164.000
1628586480, +2.96, +27.309,  -0.07525, +1095.000, +167.000, +167.000
1628586540, +2.96, +27.309,  +0.01765, +1096.000, +163.000, +176.000
1628586600, +2.96, +27.301,  -0.01641, +1105.000, +163.000, +144.000
1628586660, +2.96, +27.301,  -0.05357, +1096.000, +168.000, +163.000
1628586720, +2.96, +27.309,  -0.04118, +1104.000, +163.000, +144.000
1628586780, +2.96, +27.284,  -0.01022, +1088.000, +161.000, +199.000
1628586840, +2.96, +27.301,  -0.11860, +1080.000, +156.000, +220.000
1628586900, +2.96, +27.301,  -0.00403, +1105.000, +144.000, +152.000
1628586960, +2.96, +27.260,  -0.03809, +1105.000, +129.000, +174.000
1628587020, +2.96, +27.293,  +0.00836, +1094.000, +164.000, +172.000
1628587080, +2.96, +27.293,  -0.05667, +1091.000, +163.000, +176.000
1628587140, +2.96, +27.301,  +0.00526, +1100.000, +168.000, +160.000
1628587200, +2.96, +27.276,  +0.00526, +1086.000, +160.000, +195.000
1628587260, +2.96, +27.293,  +0.00526, +1104.000, +160.000, +142.000
1628587320, +2.96, +27.301,  -0.03809, +998.000, +118.000, +312.000
1628587380, +2.96, +27.284,  -0.03809, +1104.000, +160.000, +144.000
1628587440, +2.96, +27.284,  -0.05047, +1108.000, +140.000, +158.000
1628587500, +2.96, +27.284,  -0.00712, +999.000, +121.000, +312.000
1628587560, +2.96, +27.284,  +0.04552, +1105.000, +156.000, +144.000
1628587620, +2.96, +27.268,  +0.04862, +999.000, +118.000, +316.000
1628587680, +2.96, +27.268,  -0.06596, +999.000, +116.000, +312.000
1628587740, +2.96, +27.276,  -0.01951, +1091.000, +164.000, +188.000
1628587800, +2.96, +27.276,  -0.04118, +1107.000, +136.000, +148.000
1628587860, +2.96, +27.284,  -0.00712, +1095.000, +168.000, +163.000
1628587920, +2.96, +27.276,  -0.04118, +1105.000, +160.000, +144.000
1628587980, +2.96, +27.276,  -0.02880, +1100.000, +168.000, +152.000
1628588040, +2.96, +27.276,  -0.06286, +999.000, +120.000, +318.000
1628588100, +2.96, +27.276,  +0.04552, +1107.000, +144.000, +150.000
1628588160, +2.96, +27.251,  -0.06905, +1104.000, +134.000, +163.000
1628588220, +2.96, +27.251,  -0.00093, +1105.000, +152.000, +144.000
1628588280, +2.96, +27.260,  +0.06720, +1107.000, +112.000, +191.000
1628588340, +2.96, +27.260,  -0.00093, +1107.000, +160.000, +144.000
1628588400, +2.96, +27.243,  +0.00217, +1110.000, +120.000, +187.000
1628588460, +2.96, +27.235,  -0.09073, +1104.000, +115.000, +191.000
1628588520, +2.96, +27.235,  +0.01455, +1107.000, +144.000, +150.000
1628588580, +2.96, +27.227,  -0.03809, +1105.000, +128.000, +163.000
1628588640, +2.96, +27.227,  -0.07525, +998.000, +120.000, +312.000
1628588700, +2.96, +27.218,  -0.05976, +999.000, +119.000, +316.000
1628588760, +2.96, +27.227,  -0.03189, +1107.000, +129.000, +177.000
1628588820, +2.96, +27.210,  +0.02075, +998.000, +119.000, +313.000
1628588880, +2.96, +27.202,  +0.04862, +1096.000, +166.000, +166.000
1628588940, +2.96, +27.202,  -0.07834, +1096.000, +166.000, +160.000
1628589000, +2.96, +27.194,  -0.04118, +1084.000, +158.000, +204.000
1628589060, +2.96, +27.218,  -0.06596, +1108.000, +131.000, +163.000
1628589120, +2.96, +27.185,  +0.01455, +999.000, +120.000, +315.000
1628589180, +2.96, +27.202,  -0.10312, +1108.000, +131.000, +160.000
1628589240, +2.96, +27.194,  +0.01765, +1108.000, +142.000, +155.000
1628589300, +2.96, +27.169,  -0.02570, +1104.000, +163.000, +147.000
1628589360, +2.96, +27.185,  +0.10435, +999.000, +118.000, +316.000
1628589420, +2.96, +27.169,  +0.00836, +1105.000, +160.000, +147.000
1628589480, +2.96, +27.185,  +0.01455, +1001.000, +116.000, +318.000
1628589540, +2.96, +27.152,  -0.00403, +1107.000, +128.000, +183.000
1628589600, +2.96, +27.177,  -0.08144, +1095.000, +164.000, +168.000
1628589660, +2.96, +27.177,  -0.05047, +1112.000, +145.000, +152.000
1628589720, +2.96, +27.169,  +0.00526, +999.000, +120.000, +312.000
1628589780, +2.96, +27.152,  -0.11241, +1108.000, +144.000, +150.000
1628589840, +2.96, +27.144,  +0.00836, +1107.000, +144.000, +148.000
1628589900, +2.96, +27.161,  +0.02694, +999.000, +119.000, +312.000
1628589960, +2.96, +27.161,  -0.07525, +1112.000, +136.000, +163.000
1628590020, +2.96, +27.144,  +0.05171, +1003.000, +118.000, +318.000
1628590080, +2.96, +27.136,  +0.05791, +999.000, +118.000, +315.000
1628590140, +2.96, +27.144,  -0.09383, +1107.000, +119.000, +191.000
1628590200, +2.96, +27.144,  +0.03004, +999.000, +115.000, +312.000
1628590260, +2.96, +27.136,  -0.01332, +998.000, +120.000, +313.000
1628590320, +2.96, +27.144,  -0.05357, +998.000, +120.000, +316.000
1628590380, +2.96, +27.128,  -0.00093, +999.000, +120.000, +315.000
1628590440, +2.96, +27.128,  -0.10621, +999.000, +119.000, +312.000
1628590500, +2.96, +27.119,  -0.01951, +999.000, +115.000, +316.000
1628590560, +2.96, +27.094,  -0.05667, +1104.000, +160.000, +144.000
1628590620, +2.96, +27.119,  +0.00217, +995.000, +120.000, +312.000
1628590680, +2.96, +27.103,  +0.04862, +995.000, +120.000, +313.000
1628590740, +2.96, +27.111,  -0.01332, +999.000, +118.000, +312.000
1628590800, +2.96, +27.111,  -0.03809, +999.000, +119.000, +316.000
1628590860, +2.96, +27.103,  +0.03623, +1107.000, +113.000, +191.000
1628590920, +2.96, +27.078,  -0.01641, +1008.000, +120.000, +320.000
1628590980, +2.96, +27.086,  +0.00836, +999.000, +120.000, +313.000
1628591040, +2.96, +27.078,  -0.01332, +999.000, +115.000, +316.000
1628591100, +2.96, +27.070,  -0.01022, +998.000, +116.000, +316.000
1628591160, +2.96, +27.086,  -0.05047, +999.000, +119.000, +312.000
1628591220, +2.96, +27.086,  -0.13408, +999.000, +120.000, +312.000
1628591280, +2.96, +27.061,  -0.07525, +1104.000, +160.000, +143.000
1628591340, +2.96, +27.078,  -0.00712, +998.000, +116.000, +318.000
1628591400, +2.96, +27.078,  -0.02261, +999.000, +120.000, +318.000
1628591460, +2.96, +27.070,  -0.03809, +999.000, +120.000, +318.000
1628591520, +2.96, +27.045,  +0.03313, +1104.000, +131.000, +163.000
1628591580, +2.96, +27.045,  +0.02694, +998.000, +115.000, +312.000
1628591640, +2.96, +27.053,  -0.07834, +998.000, +120.000, +312.000
1628591700, +2.96, +27.028,  -0.02261, +999.000, +115.000, +312.000
1628591760, +2.96, +27.045,  -0.02261, +1020.000, +124.000, +316.000
1628591820, +2.96, +27.028,  +0.02694, +1107.000, +160.000, +144.000
1628591880, +2.96, +27.004,  -0.01022, +999.000, +119.000, +316.000
1628591940, +2.96, +27.061,  -0.02570, +999.000, +116.000, +312.000
1628592000, +2.96, +27.037,  -0.02880, +995.000, +120.000, +312.000
1628592060, +2.96, +27.045,  +0.00526, +999.000, +118.000, +312.000
1628592120, +2.96, +27.037,  -0.05976, +999.000, +120.000, +312.000
1628592180, +2.96, +27.012,  -0.04738, +999.000, +118.000, +312.000
1628592240, +2.96, +27.020,  +0.04862, +999.000, +115.000, +316.000
1628592300, +2.96, +27.004,  -0.01951, +999.000, +119.000, +312.000
1628592360, +2.96, +27.012,  -0.06905, +1048.000, +136.000, +288.000
1628592420, +2.96, +27.004,  -0.02570, +999.000, +118.000, +316.000
1628592480, +2.96, +27.020,  +0.02384, +999.000, +118.000, +312.000
1628592540, +2.96, +27.020,  -0.00093, +1000.000, +115.000, +316.000
1628592600, +2.96, +27.012,  +0.02075, +1041.000, +135.000, +304.000
1628592660, +2.96, +27.012,  -0.05976, +999.000, +115.000, +312.000
1628592720, +2.96, +26.987,  +0.03313, +999.000, +115.000, +312.000
1628592780, +2.96, +27.012,  -0.03499, +1107.000, +131.000, +179.000
1628592840, +2.96, +26.995,  +0.01146, +995.000, +118.000, +312.000
1628592900, +2.96, +26.995,  +0.03933, +999.000, +120.000, +312.000
1628592960, +2.96, +26.971,  -0.00093, +999.000, +120.000, +312.000
1628593020, +2.96, +26.979,  +0.02694, +1039.000, +131.000, +304.000
1628593080, +2.96, +26.987,  +0.06410, +998.000, +120.000, +312.000
1628593140, +2.96, +26.979,  -0.01022, +999.000, +115.000, +316.000
1628593200, +2.96, +26.954,  +0.02075, +999.000, +115.000, +316.000
1628593260, +2.96, +26.971,  -0.00712, +999.000, +118.000, +316.000
1628593320, +2.96, +26.954,  -0.02261, +999.000, +120.000, +313.000
1628593380, +2.96, +26.962,  -0.01332, +999.000, +116.000, +316.000
1628593440, +2.96, +26.971,  -0.04738, +1006.000, +120.000, +318.000
1628593500, +2.96, +26.962,  +0.08887, +1001.000, +118.000, +316.000
1628593560, +2.96, +26.962,  -0.06286, +999.000, +115.000, +312.000
1628593620, +2.96, +26.938,  +0.01455, +999.000, +116.000, +318.000
1628593680, +2.96, +26.946,  -0.07525, +1000.000, +115.000, +312.000
1628593740, +2.96, +26.946,  +0.06410, +1016.000, +124.000, +316.000
1628593800, +2.96, +26.938,  -0.01641, +999.000, +115.000, +316.000
1628593860, +2.96, +26.938,  -0.05357, +1040.000, +134.000, +300.000
1628593920, +2.96, +26.938,  -0.00403, +1003.000, +118.000, +318.000
1628593980, +2.96, +26.946,  -0.05667, +998.000, +115.000, +312.000
1628594040, +2.96, +26.954,  -0.02880, +1027.000, +128.000, +312.000
1628594100, +2.96, +26.921,  -0.03189, +999.000, +116.000, +312.000
1628594160, +2.96, +26.929,  +0.03933, +1006.000, +115.000, +316.000
1628594220, +2.96, +26.921,  -0.01022, +999.000, +120.000, +312.000
1628594280, +2.96, +26.938,  -0.09383, +999.000, +115.000, +312.000
1628594340, +2.96, +26.913,  +0.04862, +998.000, +118.000, +312.000
1628594400, +2.96, +26.938,  -0.04738, +1000.000, +116.000, +316.000
1628594460, +2.96, +26.904,  -0.03499, +999.000, +115.000, +312.000
1628594520, +2.96, +26.888,  -0.08454, +1004.000, +115.000, +316.000
1628594580, +2.96, +26.896,  -0.01332, +999.000, +118.000, +316.000
1628594640, +2.96, +26.904,  +0.02694, +999.000, +115.000, +312.000
1628594700, +2.96, +26.896,  -0.02570, +998.000, +118.000, +312.000
1628594760, +2.96, +26.896,  -0.03189, +999.000, +120.000, +312.000
1628594820, +2.96, +26.904,  -0.11241, +999.000, +115.000, +312.000
1628594880, +2.96, +26.888,  -0.07215, +999.000, +118.000, +312.000
1628594940, +2.96, +26.904,  -0.03499, +1064.000, +145.000, +257.000
1628595000, +2.96, +26.904,  -0.09383, +1036.000, +131.000, +304.000
1628595060, +2.96, +26.888,  -0.03499, +999.000, +115.000, +316.000
1628595120, +2.96, +26.880,  +0.00526, +1052.000, +140.000, +284.000
1628595180, +2.96, +26.871,  -0.04738, +999.000, +118.000, +312.000
1628595240, +2.96, +26.880,  +0.02075, +1020.000, +124.000, +316.000
1628595300, +2.96, +26.863,  -0.03189, +1000.000, +118.000, +318.000
1628595360, +2.96, +26.871,  -0.04738, +999.000, +118.000, +312.000
1628595420, +2.96, +26.888,  -0.05976, +1032.000, +129.000, +307.000
1628595480, +2.96, +26.871,  -0.04118, +1004.000, +120.000, +316.000
1628595540, +2.96, +26.871,  -0.04738, +1046.000, +135.000, +300.000
1628595600, +2.96, +26.863,  +0.07339, +1008.000, +120.000, +318.000
1628595660, +2.96, +26.855,  -0.05667, +998.000, +118.000, +312.000
1628595720, +2.96, +26.863,  -0.01951, +1024.000, +128.000, +316.000
1628595780, +2.96, +26.863,  -0.00403, +1008.000, +124.000, +316.000
1628595840, +2.96, +26.855,  -0.05976, +1008.000, +120.000, +318.000
1628595900, +2.96, +26.838,  -0.01332, +1016.000, +124.000, +316.000
1628595960, +2.96, +26.838,  -0.03189, +999.000, +116.000, +316.000
1628596020, +2.96, +26.847,  -0.00712, +1036.000, +128.000, +304.000
1628596080, +2.96, +26.855,  -0.01332, +1041.000, +134.000, +296.000
1628596140, +2.96, +26.830,  +0.01146, +1001.000, +115.000, +316.000
1628596200, +2.96, +26.830,  -0.02261, +1001.000, +115.000, +313.000
1628596260, +2.96, +26.847,  -0.02880, +1031.000, +131.000, +308.000
1628596320, +2.96, +26.822,  -0.05667, +1072.000, +152.000, +236.000
1628596380, +2.96, +26.814,  -0.04118, +999.000, +115.000, +316.000
1628596440, +2.96, +26.847,  -0.00403, +1048.000, +140.000, +291.000
1628596500, +2.96, +26.830,  -0.08144, +1008.000, +120.000, +318.000
1628596560, +2.96, +26.822,  -0.02570, +1052.000, +140.000, +284.000
1628596620, +2.96, +26.822,  -0.06286, +999.000, +118.000, +312.000
1628596680, +2.96, +26.805,  -0.09073, +1000.000, +115.000, +316.000
1628596740, +2.96, +26.814,  -0.04738, +1024.000, +128.000, +312.000
1628596800, +2.96, +26.814,  -0.01022, +1059.000, +143.000, +272.000
1628596860, +2.96, +26.772,  -0.06905, +1000.000, +115.000, +316.000
1628596920, +2.96, +26.789,  -0.02261, +1016.000, +121.000, +318.000
1628596980, +2.96, +26.814,  +0.06100, +1062.000, +148.000, +263.000
1628597040, +2.96, +26.814,  -0.00093, +1043.000, +135.000, +297.000
1628597100, +2.96, +26.764,  -0.04738, +1024.000, +126.000, +312.000
1628597160, +2.96, +26.814,  -0.03809, +1014.000, +120.000, +312.000
1628597220, +2.96, +26.797,  -0.07215, +1024.000, +124.000, +312.000
1628597280, +2.96, +26.780,  -0.08144, +1006.000, +120.000, +316.000
1628597340, +2.96, +26.789,  +0.00526, +1040.000, +134.000, +304.000
1628597400, +2.96, +26.789,  -0.00403, +1043.000, +132.000, +300.000
1628597460, +2.96, +26.780,  +0.04862, +1039.000, +134.000, +304.000
1628597520, +2.96, +26.797,  -0.07215, +1072.000, +152.000, +248.000
1628597580, +2.96, +26.789,  -0.06286, +999.000, +116.000, +313.000
1628597640, +2.96, +26.780,  +0.01146, +1024.000, +128.000, +312.000
1628597700, +2.96, +26.780,  -0.01332, +1072.000, +152.000, +243.000
1628597760, +2.96, +26.789,  -0.00093, +1031.000, +128.000, +307.000
1628597820, +2.96, +26.780,  -0.00403, +999.000, +119.000, +312.000
1628597880, +2.96, +26.764,  -0.02880, +1049.000, +136.000, +291.000
1628597940, +2.96, +26.772,  -0.09383, +999.000, +116.000, +316.000
1628598000, +2.96, +26.772,  +0.01455, +1072.000, +152.000, +243.000
1628598060, +2.96, +26.756,  -0.02261, +1063.000, +145.000, +264.000
1628598120, +2.96, +26.764,  -0.05976, +1072.000, +152.000, +236.000
1628598180, +2.96, +26.731,  +0.01146, +1022.000, +124.000, +316.000
1628598240, +2.96, +26.772,  -0.04118, +1065.000, +148.000, +256.000
1628598300, +2.96, +26.747,  -0.04738, +1046.000, +136.000, +295.000
1628598360, +2.96, +26.756,  +0.06100, +1006.000, +120.000, +316.000
1628598420, +2.96, +26.756,  -0.08144, +1049.000, +140.000, +288.000
1628598480, +2.96, +26.756,  -0.02570, +1048.000, +140.000, +288.000
1628598540, +2.96, +26.747,  -0.01022, +1068.000, +150.000, +243.000
1628598600, +2.96, +26.723,  -0.11860, +1063.000, +147.000, +264.000
1628598660, +2.96, +26.739,  -0.06286, +1043.000, +134.000, +297.000
1628598720, +2.96, +26.731,  -0.03809, +1063.000, +144.000, +263.000
1628598780, +2.96, +26.731,  -0.06596, +1059.000, +144.000, +264.000
1628598840, +2.96, +26.714,  -0.01332, +1004.000, +113.000, +312.000
1628598900, +2.96, +26.706,  -0.01951, +1016.000, +124.000, +316.000
1628598960, +2.96, +26.706,  -0.11550, +1063.000, +144.000, +259.000
1628599020, +2.96, +26.723,  -0.04118, +1048.000, +142.000, +284.000
1628599080, +2.96, +26.723,  -0.03189, +1048.000, +136.000, +288.000
1628599140, +2.96, +26.714,  +0.01765, +1080.000, +156.000, +212.000
1628599200, +2.96, +26.706,  +0.05481, +1038.000, +132.000, +304.000
1628599260, +2.96, +26.698,  -0.01951, +1036.000, +131.000, +307.000
1628599320, +2.96, +26.698,  +0.02384, +1039.000, +131.000, +305.000
1628599380, +2.96, +26.714,  -0.05976, +1027.000, +124.000, +316.000
1628599440, +2.96, +26.706,  -0.01951, +1000.000, +120.000, +316.000
1628599500, +2.96, +26.698,  -0.05047, +1048.000, +140.000, +288.000
1628599560, +2.96, +26.706,  -0.00403, +1024.000, +124.000, +312.000
1628599620, +2.96, +26.698,  -0.00093, +1063.000, +143.000, +265.000
1628599680, +2.96, +26.706,  -0.07215, +1011.000, +120.000, +316.000
1628599740, +2.96, +26.706,  -0.04118, +1062.000, +144.000, +268.000
1628599800, +2.96, +26.689,  +0.01146, +1080.000, +158.000, +224.000
1628599860, +2.96, +26.706,  -0.08763, +1052.000, +140.000, +286.000
1628599920, +2.96, +26.706,  +0.02075, +1043.000, +135.000, +300.000
1628599980, +2.96, +26.689,  -0.04428, +1008.000, +118.000, +312.000
1628600040, +2.96, +26.689,  -0.05357, +1072.000, +152.000, +236.000
1628600100, +2.96, +26.698,  -0.01332, +1049.000, +136.000, +289.000
1628600160, +2.96, +26.698,  -0.08763, +1071.000, +150.000, +248.000
1628600220, +2.96, +26.689,  -0.01951, +1086.000, +160.000, +204.000
1628600280, +2.96, +26.706,  -0.02261, +1055.000, +140.000, +280.000
1628600340, +2.96, +26.706,  -0.05047, +1068.000, +150.000, +244.000
1628600400, +2.96, +26.689,  -0.04118, +1080.000, +158.000, +220.000
1628600460, +2.96, +26.689,  -0.00712, +1084.000, +158.000, +204.000
1628600520, +2.96, +26.689,  -0.06905, +1075.000, +156.000, +232.000
1628600580, +2.96, +26.665,  -0.17743, +1059.000, +144.000, +262.000
1628600640, +2.96, +26.681,  -0.02261, +1068.000, +147.000, +252.000
1628600700, +2.96, +26.665,  +0.03313, +1043.000, +135.000, +292.000
1628600760, +2.96, +26.673,  -0.03499, +1033.000, +128.000, +307.000
1628600820, +2.96, +26.673,  -0.00712, +1008.000, +120.000, +318.000
1628600880, +2.96, +26.665,  -0.05047, +1028.000, +128.000, +312.000
1628600940, +2.96, +26.673,  +0.03313, +1027.000, +124.000, +312.000
1628601000, +2.96, +26.640,  +0.01765, +1070.000, +152.000, +244.000
1628601060, +2.96, +26.673,  +0.04242, +1063.000, +144.000, +264.000
1628601120, +2.96, +26.665,  -0.00712, +1062.000, +147.000, +264.000
1628601180, +2.96, +26.656,  -0.06905, +1070.000, +152.000, +244.000
1628601240, +2.96, +26.673,  -0.12789, +1072.000, +152.000, +232.000
1628601300, +2.96, +26.648,  -0.13408, +1063.000, +144.000, +260.000
1628601360, +2.96, +26.640,  +0.01455, +1056.000, +144.000, +278.000
1628601420, +2.96, +26.665,  -0.06286, +1057.000, +142.000, +272.000
1628601480, +2.96, +26.648,  -0.03499, +1054.000, +142.000, +280.000
1628601540, +2.96, +26.648,  -0.07215, +1068.000, +148.000, +248.000
1628601600, +2.96, +26.632,  -0.05047, +1072.000, +147.000, +248.000
1628601660, +2.96, +26.648,  -0.05047, +1043.000, +132.000, +300.000
1628601720, +2.96, +26.640,  -0.01951, +1064.000, +147.000, +257.000
1628601780, +2.96, +26.640,  -0.05047, +1056.000, +140.000, +278.000
1628601840, +2.96, +26.623,  -0.05667, +1078.000, +156.000, +224.000
1628601900, +2.96, +26.615,  -0.02570, +1055.000, +140.000, +284.000
1628601960, +2.96, +26.615,  -0.08144, +1070.000, +150.000, +243.000
1628602020, +2.96, +26.607,  -0.05357, +1070.000, +152.000, +248.000
1628602080, +2.96, +26.623,  +0.03623, +1031.000, +128.000, +310.000
1628602140, +2.96, +26.632,  -0.10002, +1086.000, +160.000, +204.000
1628602200, +2.96, +26.615,  -0.04738, +1063.000, +147.000, +260.000
1628602260, +2.96, +26.623,  +0.01146, +1072.000, +152.000, +241.000
1628602320, +2.96, +26.632,  -0.00093, +1072.000, +148.000, +243.000
1628602380, +2.96, +26.632,  -0.06286, +1055.000, +143.000, +275.000
1628602440, +2.96, +26.623,  -0.03499, +1054.000, +140.000, +284.000
1628602500, +2.96, +26.632,  -0.01951, +1049.000, +140.000, +288.000
1628602560, +2.96, +26.632,  -0.05047, +1068.000, +147.000, +252.000
1628602620, +2.96, +26.615,  -0.07834, +1072.000, +152.000, +240.000
1628602680, +2.96, +26.607,  -0.01951, +1072.000, +152.000, +236.000
1628602740, +2.96, +26.623,  -0.00712, +1065.000, +148.000, +254.000
1628602800, +2.96, +26.582,  -0.00403, +1064.000, +147.000, +256.000
1628602860, +2.96, +26.607,  -0.05047, +1070.000, +150.000, +246.000
1628602920, +2.96, +26.607,  -0.05357, +1055.000, +142.000, +275.000
1628602980, +2.96, +26.607,  -0.02261, +1024.000, +124.000, +312.000
1628603040, +2.96, +26.598,  -0.00712, +1075.000, +152.000, +231.000
1628603100, +2.96, +26.590,  -0.10621, +1049.000, +136.000, +288.000
1628603160, +2.96, +26.607,  +0.00836, +1071.000, +147.000, +244.000
1628603220, +2.96, +26.590,  -0.03809, +1072.000, +152.000, +240.000
1628603280, +2.96, +26.590,  -0.03809, +1032.000, +131.000, +307.000
1628603340, +2.96, +26.582,  -0.07215, +1024.000, +126.000, +312.000
1628603400, +2.96, +26.590,  -0.03189, +1078.000, +152.000, +233.000
1628603460, +2.96, +26.590,  -0.06286, +1107.000, +152.000, +144.000
1628603520, +2.96, +26.598,  +0.02075, +1068.000, +150.000, +248.000
1628603580, +2.96, +26.582,  -0.04428, +1072.000, +152.000, +236.000
1628603640, +2.96, +26.582,  -0.06286, +1065.000, +148.000, +252.000
1628603700, +2.96, +26.574,  -0.04428, +1064.000, +147.000, +256.000
1628603760, +2.96, +26.574,  -0.05047, +1084.000, +160.000, +201.000
1628603820, +2.96, +26.574,  -0.06905, +1054.000, +142.000, +278.000
1628603880, +2.96, +26.574,  -0.04738, +1075.000, +153.000, +224.000
1628603940, +2.96, +26.549,  -0.02261, +1091.000, +160.000, +188.000
1628604000, +2.96, +26.574,  -0.05047, +1080.000, +156.000, +214.000
1628604060, +2.96, +26.549,  -0.10621, +1107.000, +140.000, +159.000
1628604120, +2.96, +26.557,  +0.02075, +1076.000, +153.000, +224.000
1628604180, +2.96, +26.557,  -0.03499, +1094.000, +163.000, +179.000
1628604240, +2.96, +26.565,  -0.04738, +1087.000, +158.000, +200.000
1628604300, +2.96, +26.541,  +0.02384, +1104.000, +163.000, +142.000
1628604360, +2.96, +26.549,  -0.01951, +1084.000, +160.000, +208.000
1628604420, +2.96, +26.557,  -0.03809, +1075.000, +158.000, +224.000
1628604480, +2.96, +26.532,  +0.03623, +1084.000, +160.000, +206.000
1628604540, +2.96, +26.532,  +0.03933, +1087.000, +160.000, +192.000
1628604600, +2.96, +26.549,  +0.00836, +1091.000, +164.000, +180.000
1628604660, +2.96, +26.557,  -0.02570, +1096.000, +168.000, +164.000
1628604720, +2.96, +26.541,  +0.02075, +1088.000, +161.000, +192.000
1628604780, +2.96, +26.532,  +0.01765, +1072.000, +152.000, +232.000
1628604840, +2.96, +26.541,  -0.05667, +1075.000, +150.000, +238.000
1628604900, +2.96, +26.541,  -0.07215, +1059.000, +143.000, +271.000
1628604960, +2.96, +26.524,  -0.05357, +1080.000, +156.000, +214.000
1628605020, +2.96, +26.541,  -0.04738, +1063.000, +147.000, +262.000
1628605080, +2.96, +26.532,  -0.03189, +1078.000, +156.000, +224.000
1628605140, +2.96, +26.541,  +0.02694, +1068.000, +147.000, +252.000
1628605200, +2.96, +26.491,  -0.01641, +1063.000, +148.000, +260.000
1628605260, +2.96, +26.524,  -0.05047, +1079.000, +152.000, +224.000
1628605320, +2.96, +26.507,  -0.01332, +1078.000, +156.000, +224.000
1628605380, +2.96, +26.499,  -0.01641, +1102.000, +163.000, +150.000
1628605440, +2.96, +26.516,  -0.06596, +1073.000, +152.000, +236.000
1628605500, +2.96, +26.499,  -0.09692, +1084.000, +160.000, +201.000
1628605560, +2.96, +26.499,  -0.10002, +1071.000, +152.000, +240.000
1628605620, +2.96, +26.499,  -0.10621, +1086.000, +160.000, +204.000
1628605680, +2.96, +26.507,  -0.01951, +1084.000, +158.000, +204.000
1628605740, +2.96, +26.499,  -0.02880, +1064.000, +144.000, +260.000
1628605800, +2.96, +26.491,  -0.09692, +1062.000, +145.000, +262.000
1628605860, +2.96, +26.499,  +0.00836, +1075.000, +152.000, +236.000
1628605920, +2.96, +26.499,  -0.04738, +1075.000, +152.000, +227.000
1628605980, +2.96, +26.499,  +0.02075, +1086.000, +160.000, +204.000
1628606040, +2.96, +26.491,  +0.00217, +1080.000, +153.000, +220.000
1628606100, +2.96, +26.491,  -0.01951, +1084.000, +158.000, +204.000
1628606160, +2.96, +26.483,  -0.11860, +1080.000, +158.000, +224.000
1628606220, +2.96, +26.491,  -0.03809, +1088.000, +163.000, +192.000
1628606280, +2.96, +26.483,  -0.01641, +1080.000, +160.000, +214.000
1628606340, +2.96, +26.474,  -0.03809, +1107.000, +152.000, +144.000
1628606400, +2.96, +26.458,  -0.04118, +1088.000, +160.000, +198.000
1628606460, +2.96, +26.474,  -0.05047, +1088.000, +160.000, +192.000
1628606520, +2.96, +26.474,  -0.05357, +1091.000, +164.000, +180.000
1628606580, +2.96, +26.466,  +0.02694, +1091.000, +166.000, +184.000
1628606640, +2.96, +26.474,  -0.01951, +1076.000, +156.000, +224.000
1628606700, +2.96, +26.441,  -0.09073, +1072.000, +152.000, +236.000
1628606760, +2.96, +26.449,  +0.02694, +1104.000, +161.000, +142.000
1628606820, +2.96, +26.458,  -0.03499, +1096.000, +166.000, +164.000
1628606880, +2.96, +26.458,  +0.03004, +1075.000, +158.000, +220.000
1628606940, +2.96, +26.433,  -0.01951, +1084.000, +158.000, +208.000
1628607000, +2.96, +26.458,  -0.04428, +1081.000, +158.000, +207.000
1628607060, +2.96, +26.458,  -0.05047, +1084.000, +158.000, +208.000
1628607120, +2.96, +26.449,  -0.03189, +1072.000, +152.000, +236.000
1628607180, +2.96, +26.449,  -0.03189, +1063.000, +144.000, +263.000
1628607240, +2.96, +26.449,  -0.02261, +1107.000, +147.000, +144.000
1628607300, +2.96, +26.433,  -0.08763, +1107.000, +131.000, +175.000
1628607360, +2.96, +26.449,  -0.10002, +1097.000, +168.000, +158.000
1628607420, +2.96, +26.425,  -0.04118, +1096.000, +167.000, +160.000
1628607480, +2.96, +26.433,  +0.04242, +1100.000, +167.000, +148.000
1628607540, +2.96, +26.441,  +0.02694, +1107.000, +144.000, +144.000
1628607600, +2.96, +26.425,  -0.03189, +1104.000, +160.000, +136.000
1628607660, +2.96, +26.433,  -0.01332, +1100.000, +167.000, +144.000
1628607720, +2.96, +26.441,  -0.00403, +1107.000, +163.000, +140.000
1628607780, +2.96, +26.433,  +0.01765, +1088.000, +163.000, +192.000
1628607840, +2.96, +26.425,  -0.02880, +1080.000, +156.000, +220.000
1628607900, +2.96, +26.425,  -0.00093, +1072.000, +152.000, +238.000
1628607960, +2.96, +26.433,  -0.00093, +1072.000, +152.000, +240.000
1628608020, +2.96, +26.425,  -0.06286, +1078.000, +156.000, +220.000
1628608080, +2.96, +26.433,  -0.11860, +1104.000, +163.000, +140.000
1628608140, +2.96, +26.416,  -0.02570, +1075.000, +156.000, +224.000
1628608200, +2.96, +26.425,  -0.02261, +1089.000, +163.000, +180.000
1628608260, +2.96, +26.391,  -0.04428, +1094.000, +167.000, +163.000
1628608320, +2.96, +26.408,  -0.01332, +1080.000, +160.000, +216.000
1628608380, +2.96, +26.416,  +0.01455, +1063.000, +147.000, +262.000
1628608440, +2.96, +26.400,  -0.04118, +1088.000, +161.000, +192.000
1628608500, +2.96, +26.408,  -0.02261, +1095.000, +166.000, +176.000
1628608560, +2.96, +26.400,  +0.00217, +1104.000, +160.000, +142.000
1628608620, +2.96, +26.408,  +0.03933, +1107.000, +129.000, +160.000
1628608680, +2.96, +26.408,  -0.05357, +1080.000, +158.000, +212.000
1628608740, +2.96, +26.408,  -0.05047, +1078.000, +156.000, +220.000
1628608800, +2.96, +26.400,  -0.01022, +1094.000, +164.000, +176.000
1628608860, +2.96, +26.391,  -0.00093, +1083.000, +156.000, +211.000
1628608920, +2.96, +26.400,  -0.06905, +1092.000, +164.000, +179.000
1628608980, +2.96, +26.408,  -0.03809, +1016.000, +120.000, +313.000
1628609040, +2.96, +26.400,  +0.03004, +1100.000, +168.000, +156.000
1628609100, +2.96, +26.391,  -0.00093, +1088.000, +163.000, +192.000
1628609160, +2.96, +26.400,  -0.03499, +1088.000, +163.000, +192.000
1628609220, +2.96, +26.391,  -0.10621, +1089.000, +160.000, +184.000
1628609280, +2.96, +26.391,  -0.09073, +1089.000, +163.000, +184.000
1628609340, +2.96, +26.375,  -0.03809, +1086.000, +160.000, +198.000
1628609400, +2.96, +26.383,  -0.01332, +1083.000, +160.000, +208.000
1628609460, +2.96, +26.383,  -0.00403, +1097.000, +168.000, +160.000
1628609520, +2.96, +26.383,  +0.02075, +1072.000, +152.000, +240.000
1628609580, +2.96, +26.375,  -0.03809, +1104.000, +160.000, +140.000
1628609640, +2.96, +26.383,  -0.05667, +1072.000, +152.000, +243.000
1628609700, +2.96, +26.383,  -0.03499, +1068.000, +150.000, +248.000
1628609760, +2.96, +26.358,  -0.00093, +1072.000, +156.000, +230.000
1628609820, +2.96, +26.375,  -0.02880, +1103.000, +166.000, +144.000
1628609880, +2.96, +26.383,  -0.02570, +1094.000, +168.000, +172.000
1628609940, +2.96, +26.375,  -0.05047, +1103.000, +164.000, +156.000
1628610000, +2.96, +26.367,  -0.06905, +1104.000, +166.000, +144.000
1628610060, +2.96, +26.358,  -0.08454, +1087.000, +160.000, +199.000
1628610120, +2.96, +26.375,  -0.09383, +1100.000, +166.000, +147.000
1628610180, +2.96, +26.367,  -0.07525, +1088.000, +160.000, +192.000
1628610240, +2.96, +26.375,  +0.01765, +1096.000, +166.000, +163.000
1628610300, +2.96, +26.375,  -0.01022, +1084.000, +158.000, +204.000
1628610360, +2.96, +26.367,  +0.02694, +1080.000, +156.000, +216.000
1628610420, +2.96, +26.350,  +0.00526, +1107.000, +119.000, +191.000
1628610480, +2.96, +26.375,  +0.00836, +1104.000, +166.000, +142.000
1628610540, +2.96, +26.367,  +0.03313, +1095.000, +166.000, +172.000
1628610600, +2.95, +26.375,  -0.02261, +1062.000, +145.000, +264.000
1628610660, +2.96, +26.367,  -0.02570, +1089.000, +164.000, +184.000
1628610720, +2.96, +26.350,  +0.01146, +1075.000, +156.000, +227.000
1628610780, +2.96, +26.358,  -0.01022, +999.000, +118.000, +312.000
1628610840, +2.96, +26.333,  -0.03189, +1084.000, +160.000, +204.000
1628610900, +2.95, +26.358,  -0.01022, +1080.000, +156.000, +216.000
1628610960, +2.96, +26.358,  +0.10126, +1080.000, +152.000, +224.000
1628611020, +2.96, +26.358,  -0.01332, +1107.000, +152.000, +140.000
1628611080, +2.95, +26.333,  +0.01146, +1097.000, +166.000, +160.000
1628611140, +2.96, +26.358,  +0.06100, +1102.000, +167.000, +147.000
1628611200, +2.96, +26.350,  +0.04242, +1100.000, +167.000, +152.000
1628611260, +2.96, +26.350,  +0.08268, +1080.000, +158.000, +216.000
1628611320, +2.96, +26.342,  +0.13222, +1107.000, +158.000, +136.000
1628611380, +2.95, +26.342,  +0.11364, +1107.000, +152.000, +140.000
1628611440, +2.96, +26.342,  +0.23131, +1095.000, +166.000, +168.000
1628611500, +2.96, +26.342,  +0.24680, +1079.000, +158.000, +220.000
1628611560, +2.96, +26.350,  +0.31183, +1075.000, +156.000, +231.000
1628611620, +2.96, +26.333,  +0.39853, +1102.000, +167.000, +148.000
1628611680, +2.96, +26.317,  +0.59362, +1096.000, +168.000, +160.000
1628611740, +2.96, +26.342,  +0.74844, +998.000, +120.000, +310.000
1628611800, +2.96, +26.333,  +1.03023, +1108.000, +152.000, +140.000
1628611860, +2.95, +26.342,  +1.30273, +1072.000, +152.000, +236.000
1628611920, +2.96, +26.350,  +1.65574, +1100.000, +168.000, +147.000
1628611980, +2.95, +26.342,  +2.08307, +1105.000, +156.000, +140.000
1628612040, +2.96, +26.325,  +2.53827, +1110.000, +160.000, +140.000
1628612100, +2.96, +26.333,  +3.05850, +1103.000, +167.000, +142.000
1628612160, +2.96, +26.350,  +3.78000, +1080.000, +158.000, +214.000
1628612220, +2.96, +26.350,  +4.35596, +1080.000, +158.000, +216.000
1628612280, +2.96, +26.358,  +5.02483, +1094.000, +166.000, +176.000
1628612340, +2.96, +26.350,  +5.65034, +1072.000, +152.000, +240.000
1628612400, +2.96, +26.350,  +6.50499, +1100.000, +172.000, +152.000
1628612460, +2.96, +26.342,  +7.31939, +999.000, +119.000, +312.000
1628612520, +2.95, +26.350,  +8.15238, +1078.000, +158.000, +220.000
1628612580, +2.95, +26.342,  +8.89865, +1103.000, +164.000, +144.000
1628612640, +2.96, +26.333,  +9.90504, +1096.000, +167.000, +164.000
1628612700, +2.96, +26.309, +10.69467, +1104.000, +166.000, +143.000
1628612760, +2.96, +26.333, +11.59887, +1107.000, +156.000, +136.000
1628612820, +2.96, +26.333, +12.41637, +1104.000, +163.000, +136.000
1628612880, +2.96, +26.342, +13.40728, +1107.000, +156.000, +136.000
1628612940, +2.96, +26.342, +14.05137, +1107.000, +152.000, +142.000
1628613000, +2.96, +26.333, +14.96796, +1075.000, +152.000, +228.000
1628613060, +2.96, +26.317, +15.70804, +1107.000, +156.000, +136.000
1628613120, +2.96, +26.333, +16.38000, +1104.000, +166.000, +136.000
1628613180, +2.96, +26.333, +16.59676, +1107.000, +160.000, +136.000
1628613240, +2.96, +26.358, +16.98693, +999.000, +118.000, +312.000
1628613300, +2.96, +26.350, +17.74559, +1107.000, +156.000, +140.000
1628613360, +2.96, +26.342, +17.76107, +1095.000, +166.000, +168.000
1628613420, +2.95, +26.333, +18.24414, +1104.000, +166.000, +144.000
1628613480, +2.96, +26.342, +19.28150, +1080.000, +158.000, +216.000
1628613540, +2.96, +26.333, +20.19808, +1108.000, +160.000, +136.000
1628613600, +2.96, +26.350, +21.04655, +1104.000, +163.000, +140.000
1628613660, +2.96, +26.333, +22.58245, +1107.000, +160.000, +140.000
1628613720, +2.95, +26.317, +23.32563, +1092.000, +163.000, +176.000
1628613780, +2.96, +26.309, +23.56717, +1105.000, +163.000, +140.000
1628613840, +2.96, +26.350, +23.92637, +1076.000, +156.000, +216.000
1628613900, +2.96, +26.333, +23.82728, +1104.000, +152.000, +136.000
1628613960, +2.96, +26.342, +23.97282, +1107.000, +160.000, +140.000
1628614020, +2.96, +26.342, +25.07830, +1084.000, +160.000, +204.000
1628614080, +2.95, +26.325, +25.67284, +1108.000, +156.000, +136.000
1628614140, +2.95, +26.342, +27.57105, +1094.000, +166.000, +179.000
1628614200, +2.95, +26.325, +28.97380, +1095.000, +167.000, +164.000
1628614260, +2.96, +26.342, +30.06070, +1104.000, +161.000, +136.000
1628614320, +2.95, +26.342, +30.72647, +1089.000, +166.000, +176.000
1628614380, +2.95, +26.342, +32.44198, +1095.000, +164.000, +176.000
1628614440, +2.96, +26.333, +33.91285, +1094.000, +167.000, +176.000
1628614500, +2.95, +26.350, +35.60668, +1107.000, +120.000, +179.000
1628614560, +2.96, +26.350, +38.40600, +999.000, +120.000, +312.000
1628614620, +2.96, +26.350, +41.71934, +1110.000, +152.000, +140.000
1628614680, +2.96, +26.342, +45.44143, +1096.000, +167.000, +152.000
1628614740, +2.95, +26.333, +48.32435, +1080.000, +158.000, +217.000
1628614800, +2.95, +26.350, +51.84207, +1110.000, +156.000, +140.000
1628614860, +2.95, +26.350, +54.02516, +1080.000, +160.000, +211.000
1628614920, +2.95, +26.350, +56.52411, +1103.000, +166.000, +140.000
1628614980, +2.96, +26.350, +57.95163, +1104.000, +166.000, +140.000
1628615040, +2.95, +26.342, +60.30503, +1103.000, +166.000, +142.000
1628615100, +2.96, +26.350, +60.95841, +996.000, +119.000, +310.000
1628615160, +2.95, +26.342, +61.97100, +1100.000, +168.000, +150.000
1628615220, +2.96, +26.342, +61.17208, +1087.000, +163.000, +192.000
1628615280, +2.95, +26.325, +61.65514, +1107.000, +160.000, +140.000
1628615340, +2.95, +26.350, +61.54986, +999.000, +120.000, +310.000
1628615400, +2.95, +26.350, +62.15060, +1108.000, +160.000, +136.000
1628615460, +2.96, +26.350, +62.11654, +1095.000, +168.000, +160.000
1628615520, +2.96, +26.350, +61.65824, +1102.000, +168.000, +150.000
1628615580, +2.95, +26.350, +61.81307, +1104.000, +160.000, +136.000
1628615640, +2.96, +26.350, +62.26827, +1100.000, +166.000, +156.000
1628615700, +2.95, +26.367, +63.37065, +1104.000, +166.000, +142.000
1628615760, +2.95, +26.358, +65.48871, +1094.000, +168.000, +176.000
1628615820, +2.95, +26.358, +69.44305, +1072.000, +152.000, +240.000
1628615880, +2.96, +26.367, +73.75040, +1095.000, +167.000, +168.000
1628615940, +2.95, +26.375, +79.36141, +1080.000, +156.000, +216.000
1628616000, +2.96, +26.375, +84.48006, +1103.000, +166.000, +144.000
1628616060, +2.96, +26.358, +91.90567, +1088.000, +163.000, +188.000
1628616120, +2.96, +26.375, +97.77679, +1073.000, +156.000, +232.000
1628616180, +2.95, +26.375, +103.03169, +1094.000, +168.000, +176.000
1628616240, +2.95, +26.375, +107.23376, +1083.000, +156.000, +208.000
1628616300, +2.95, +26.375, +110.29628, +1095.000, +167.000, +164.000
1628616360, +2.96, +26.383, +111.32744, +1084.000, +160.000, +200.000
1628616420, +2.95, +26.375, +112.30906, +1075.000, +156.000, +225.000
1628616480, +2.95, +26.358, +110.10739, +1076.000, +152.000, +227.000
1628616540, +2.96, +26.375, +109.37350, +1076.000, +158.000, +224.000
1628616600, +2.96, +26.400, +108.76037, +1108.000, +158.000, +142.000
1628616660, +2.95, +26.383, +110.67096, +1086.000, +161.000, +192.000
1628616720, +2.95, +26.383, +114.24752, +1089.000, +166.000, +176.000
1628616780, +2.95, +26.383, +121.26128, +1104.000, +166.000, +140.000
1628616840, +2.95, +26.375, +127.63095, +1104.000, +163.000, +136.000
1628616900, +2.96, +26.383, +137.40067, +1110.000, +152.000, +136.000
1628616960, +2.96, +26.391, +143.14793, +1103.000, +167.000, +148.000
1628617020, +2.95, +26.383, +150.16169, +1087.000, +163.000, +192.000
1628617080, +2.95, +26.400, +152.28285, +1080.000, +156.000, +216.000
1628617140, +2.95, +26.400, +158.52556, +1096.000, +168.000, +166.000
1628617200, +2.95, +26.400, +164.08393, +1097.000, +167.000, +160.000
1628617260, +2.95, +26.383, +169.00440, +1080.000, +160.000, +208.000
1628617320, +2.95, +26.408, +177.04933, +1070.000, +152.000, +241.000
1628617380, +2.95, +26.383, +188.23728, +1054.000, +142.000, +272.000
1628617440, +2.95, +26.400, +196.83959, +1089.000, +163.000, +180.000
1628617500, +2.96, +26.400, +207.50732, +1108.000, +144.000, +146.000
1628617560, +2.96, +26.400, +218.24937, +1104.000, +162.000, +140.000
1628617620, +2.95, +26.400, +223.41447, +1107.000, +150.000, +144.000
1628617680, +2.96, +26.408, +230.95775, +1080.000, +156.000, +216.000
1628617740, +2.96, +26.400, +237.25001, +1094.000, +167.000, +176.000
1628617800, +2.96, +26.408, +239.73037, +1091.000, +168.000, +179.000
1628617860, +2.96, +26.425, +245.88328, +1072.000, +152.000, +240.000
1628617920, +2.96, +26.416, +248.55254, +1081.000, +160.000, +208.000
1628617980, +2.96, +26.408, +248.29552, +1070.000, +152.000, +240.000
1628618040, +2.96, +26.416, +256.93808, +1104.000, +161.000, +140.000
1628618100, +2.96, +26.408, +254.21309, +1088.000, +166.000, +188.000
1628618160, +2.96, +26.416, +249.49080, +1081.000, +160.000, +208.000
1628618220, +2.96, +26.433, +246.90206, +1088.000, +163.000, +192.000
1628618280, +2.96, +26.441, +226.87026, +1104.000, +166.000, +140.000
1628618340, +2.96, +26.441, +206.26559, +1080.000, +160.000, +211.000
1628618400, +2.96, +26.425, +175.17899, +1081.000, +160.000, +208.000
1628618460, +2.96, +26.433, +159.42048, +1086.000, +164.000, +192.000
1628618520, +2.96, +26.449, +151.48703, +998.000, +120.000, +312.000
1628618580, +2.96, +26.433, +146.10517, +1087.000, +164.000, +184.000
1628618640, +2.96, +26.441, +141.01439, +1094.000, +168.000, +168.000
1628618700, +2.96, +26.433, +141.39526, +1100.000, +167.000, +148.000
1628618760, +2.96, +26.433, +139.45061, +1107.000, +158.000, +140.000
1628618820, +2.96, +26.441, +139.37629, +1100.000, +172.000, +152.000
1628618880, +2.96, +26.441, +132.18912, +1103.000, +168.000, +140.000
1628618940, +2.96, +26.458, +131.54194, +1075.000, +156.000, +220.000
1628619000, +2.96, +26.466, +144.45779, +1084.000, +163.000, +204.000
1628619060, +2.96, +26.441, +153.31401, +1080.000, +160.000, +209.000
1628619120, +2.96, +26.466, +174.79501, +1080.000, +158.000, +211.000
1628619180, +2.96, +26.441, +202.31125, +1102.000, +168.000, +152.000
1628619240, +2.96, +26.458, +235.36419, +1086.000, +163.000, +195.000
1628619300, +2.96, +26.458, +261.88333, +1072.000, +152.000, +240.000
1628619360, +2.96, +26.466, +279.47811, +1070.000, +152.000, +246.000
1628619420, +2.96, +26.466, +290.88902, +1065.000, +150.000, +256.000
1628619480, +2.96, +26.466, +301.45147, +1107.000, +160.000, +140.000
1628619540, +2.96, +26.483, +306.31930, +1075.000, +158.000, +220.000
1628619600, +2.96, +26.466, +309.72554, +1075.000, +156.000, +220.000
1628619660, +2.96, +26.474, +304.39632, +1083.000, +160.000, +200.000
1628619720, +2.96, +26.449, +298.95872, +1107.000, +123.000, +179.000
1628619780, +2.96, +26.491, +299.90937, +1054.000, +143.000, +280.000
1628619840, +2.96, +26.458, +290.75277, +1076.000, +160.000, +220.000
1628619900, +2.96, +26.491, +294.58635, +1068.000, +152.000, +240.000
1628619960, +2.96, +26.474, +287.06474, +1105.000, +161.000, +136.000
1628620020, +2.96, +26.474, +275.25128, +1052.000, +144.000, +280.000
1628620080, +2.96, +26.491, +254.47011, +1080.000, +160.000, +208.000
1628620140, +2.96, +26.499, +240.33420, +1056.000, +147.000, +268.000
1628620200, +2.96, +26.466, +222.40808, +1084.000, +160.000, +207.000
1628620260, +2.96, +26.483, +207.79530, +1055.000, +144.000, +272.000
1628620320, +2.96, +26.516, +194.83301, +1072.000, +156.000, +236.000
1628620380, +2.96, +26.499, +188.95569, +1059.000, +144.000, +270.000
1628620440, +2.96, +26.499, +189.67719, +1024.000, +128.000, +312.000
1628620500, +2.96, +26.507, +188.03291, +1006.000, +120.000, +313.000
1628620560, +2.96, +26.516, +187.39192, +1068.000, +152.000, +248.000
1628620620, +2.96, +26.524, +192.25046, +1068.000, +152.000, +248.000
1628620680, +2.95, +26.524, +198.51484, +1072.000, +152.000, +236.000
1628620740, +2.96, +26.524, +207.12025, +1084.000, +163.000, +199.000
1628620800, +2.96, +26.516, +205.90329, +1080.000, +158.000, +208.000
1628620860, +2.96, +26.499, +204.71420, +1078.000, +158.000, +220.000
1628620920, +2.96, +26.532, +199.45001, +1081.000, +160.000, +211.000
1628620980, +2.96, +26.524, +195.66289, +1075.000, +156.000, +227.000
1628621040, +2.96, +26.541, +183.99187, +1072.000, +152.000, +232.000
1628621100, +2.96, +26.557, +193.77088, +1075.000, +156.000, +231.000
1628621160, +2.96, +26.541, +229.37230, +1080.000, +156.000, +224.000
1628621220, +2.95, +26.541, +268.72678, +1091.000, +163.000, +182.000
1628621280, +2.96, +26.557, +284.73302, +1075.000, +158.000, +227.000
1628621340, +2.95, +26.524, +311.23048, +1064.000, +152.000, +248.000
1628621400, +2.95, +26.574, +325.41903, +1068.000, +152.000, +241.000
1628621460, +2.96, +26.549, +328.64567, +1084.000, +160.000, +198.000
1628621520, +2.96, +26.574, +352.81760, +1095.000, +168.000, +176.000
1628621580, +2.96, +26.565, +380.03347, +1017.000, +126.000, +312.000
1628621640, +2.95, +26.574, +398.41789, +1055.000, +144.000, +280.000
1628621700, +2.96, +26.574, +399.07126, +1073.000, +156.000, +231.000
1628621760, +2.95, +26.574, +392.69230, +1063.000, +145.000, +256.000
1628621820, +2.96, +26.582, +397.72115, +1063.000, +144.000, +259.000
1628621880, +2.96, +26.590, +377.40757, +1078.000, +156.000, +220.000
1628621940, +2.96, +26.590, +348.30588, +1062.000, +145.000, +264.000
1628622000, +2.96, +26.590, +344.76958, +1063.000, +148.000, +262.000
1628622060, +2.96, +26.582, +358.64537, +1076.000, +156.000, +220.000
1628622120, +2.95, +26.598, +352.21376, +1032.000, +131.000, +307.000
1628622180, +2.96, +26.590, +338.85820, +1059.000, +144.000, +272.000
1628622240, +2.96, +26.615, +327.75075, +1072.000, +156.000, +240.000
1628622300, +2.96, +26.607, +345.55611, +1064.000, +152.000, +248.000
1628622360, +2.96, +26.623, +329.75424, +1076.000, +156.000, +216.000
1628622420, +2.96, +26.632, +304.08666, +1048.000, +140.000, +287.000
1628622480, +2.96, +26.623, +265.30505, +1072.000, +156.000, +236.000
1628622540, +2.95, +26.623, +231.36030, +1055.000, +143.000, +280.000
1628622600, +2.96, +26.632, +209.48294, +1072.000, +152.000, +240.000
1628622660, +2.96, +26.632, +212.63526, +1072.000, +156.000, +231.000
1628622720, +2.95, +26.640, +219.36724, +1068.000, +152.000, +248.000
1628622780, +2.96, +26.640, +229.82750, +1072.000, +152.000, +240.000
1628622840, +2.96, +26.648, +303.41780, +940.000, -141.000, +504.000
1628622900, +2.96, +26.648, +332.16029, +1008.000, +304.000, +248.000
1628622960, +2.95, +26.632, +395.48232, +1076.000, +44.000, +204.000
1628623020, +2.95, +26.623, +234.19987, +1383.000, +88.000, +670.000
1628623080, +2.95, +26.582, +408.66758, +1118.000, +24.000, +316.000
1628623140, +2.95, +26.516, +569.14492, +1075.000, +48.000, +184.000
1628623200, +2.96, +26.499, +597.90908, +1128.000, +76.000, +200.000
1628623260, +2.96, +26.466, +814.28904, +1096.000, +72.000, +136.000
1628623320, +2.96, +26.425, +837.43601, +1075.000, +60.000, +200.000
1628623380, +2.95, +26.383, +815.62986, +1112.000, +64.000, +96.000
1628623440, +2.95, +26.350, +836.16641, +1100.000, +72.000, +131.000
1628623500, +2.95, +26.300, +813.20524, +1112.000, +70.000, +97.000
1628623560, +2.95, +26.259, +807.46417, +1112.000, +64.000, +96.000
1628623620, +2.95, +26.251, +805.30895, +1087.000, +65.000, +168.000
1628623680, +2.95, +26.234, +816.09435, +1007.000, +31.000, +271.000
1628623740, +2.95, +26.226, +835.17550, +1112.000, +70.000, +99.000
1628623800, +2.95, +26.234, +849.72944, +1102.000, +76.000, +128.000
1628623860, +2.95, +26.251, +824.34984, +1007.000, +33.000, +272.000
1628623920, +2.95, +26.242, +789.11692, +1112.000, +60.000, +96.000
1628623980, +2.95, +26.284, +756.67401, +1094.000, +70.000, +152.000
1628624040, +2.95, +26.309, +707.11319, +1112.000, +64.000, +96.000
1628624100, +2.95, +26.325, +666.07727, +1108.000, +72.000, +99.000
1628624160, +2.95, +26.358, +626.95503, +1112.000, +67.000, +96.000
1628624220, +2.95, +26.375, +617.60026, +1112.000, +64.000, +96.000
1628624280, +2.95, +26.400, +614.66160, +1112.000, +72.000, +96.000
1628624340, +2.95, +26.391, +598.86283, +1073.000, +56.000, +208.000
1628624400, +2.96, +26.425, +584.88175, +1104.000, +76.000, +112.000
1628624460, +2.95, +26.441, +568.71140, +1112.000, +67.000, +96.000
1628624520, +2.96, +26.425, +561.49326, +1063.000, +49.000, +230.000
1628624580, +2.96, +26.449, +557.87645, +1055.000, +48.000, +248.000
1628624640, +2.96, +26.466, +543.44637, +1080.000, +60.000, +195.000
1628624700, +2.96, +26.458, +545.77191, +1039.000, +40.000, +264.000
1628624760, +2.95, +26.441, +560.69124, +1084.000, +64.000, +182.000
1628624820, +2.96, +26.433, +576.98856, +1095.000, +70.000, +144.000
1628624880, +2.95, +26.425, +593.32304, +1080.000, +64.000, +179.000
1628624940, +2.96, +26.400, +605.47094, +1089.000, +67.000, +164.000
1628625000, +2.95, +26.400, +607.56113, +1084.000, +64.000, +182.000
1628625060, +2.95, +26.383, +498.53972, +1024.000, +80.000, +292.000
1628625120, +2.95, +26.383, +49.02108, +1102.000, +72.000, +227.000
1628625180, +2.95, +26.383, +31.40772, +1065.000, +88.000, +339.000
1628625240, +2.95, +26.375, +56.97001, +1102.000, +40.000, +335.000
1628625300, +2.95, +26.350, +32.25308, +1080.000, +86.000, +336.000
1628625360, +2.95, +26.309, +29.20914, +1102.000, +64.000, +320.000
1628625420, +2.95, +26.292, +25.10617, +993.000, +35.000, +457.000
1628625480, +2.95, +26.309, +42.38820, +1123.000, -112.000, +446.000
1628625540, +2.95, +26.275, +32.98697, +1030.000, -136.000, +444.000
1628625600, +2.95, +26.275, +41.13099, +1200.000, +136.000, +272.000
1628625660, +2.95, +26.259, +46.13197, +1080.000, +72.000, +256.000
1628625720, +2.95, +26.217, +25.28887, +1110.000,  +0.000, +296.000
1628625780, +2.95, +26.201, +35.97827, +1200.000, +96.000, +352.000
1628625840, +2.95, +26.159, +56.54268, +1073.000, -32.000, +433.000
1628625900, +2.95, +26.110, +49.16043, +1087.000, +100.000, +576.000
1628625960, +2.95, +26.060, +65.83863, +988.000, +24.000, +486.000
1628626020, +2.95, +26.002, +68.77419, +1072.000, +28.000, +321.000
1628626080, +2.95, +25.952, +68.13320, +1004.000, +48.000, +504.000
1628626140, +2.95, +25.894, +55.47746, +1044.000, -34.000, +540.000
1628626200, +2.95, +25.877, +43.66090, +912.000, +65.000, +444.000
1628626260, +2.95, +25.844, +23.80251, +1062.000, +104.000, +320.000
1628626320, +2.95, +25.786,  +7.79317, +1294.000, -312.000, +412.000
1628626380, +2.95, +25.753, +36.54495, +1136.000, +28.000, +448.000
1628626440, +2.95, +25.711, +38.39671, +920.000, +100.000, +316.000
1628626500, +2.95, +25.670, +50.89452, +1319.000,  -8.000, +470.000
1628626560, +2.96, +25.637, +48.21907, +1095.000,  +6.000, +563.000
1628626620, +2.95, +25.595, +84.43671, +979.000, -29.000, +520.000
1628626680, +2.95, +25.545, +36.92583, +1072.000, +28.000, +455.000
1628626740, +2.95, +25.504, +27.12824, +1075.000, +44.000, +374.000
1628626800, +2.96, +25.479, +30.39513, +1076.000, +35.000, +376.000
1628626860, +2.96, +25.462, +30.61499, +1070.000, +48.000, +376.000
1628626920, +2.96, +25.437, +31.71118, +1081.000, +48.000, +358.000
1628626980, +2.96, +25.421, +32.35837, +1088.000, +51.000, +328.000
1628627040, +2.96, +25.387, +32.18186, +1072.000, +48.000, +374.000
1628627100, +2.96, +25.387, +31.83505, +1068.000, +41.000, +390.000
1628627160, +2.96, +25.387, +31.54087, +1104.000, +12.000, +319.000
1628627220, +2.96, +25.371, +31.25908, +1080.000, +56.000, +352.000
1628627280, +2.96, +25.362, +51.26611, +1081.000, +48.000, +352.000
1628627340, +2.96, +25.362, +153.22421, +1065.000, -168.000, +710.000
1628627400, +2.96, +25.371, +10.60797, +1084.000, +96.000, +40.000
1628627460, +2.96, +25.346, +10.54913, +1095.000, +102.000,  +6.000
1628627520, +2.96, +25.362, +10.51507, +1095.000, +100.000, +16.000
1628627580, +2.95, +25.312, +10.47791, +1100.000, +97.000,  +0.000
1628627640, +2.95, +25.312,  +6.60099, +1100.000, +54.000, +47.000
1628627700, +2.95, +25.238,  +6.80226, +993.000, +56.000, +179.000
1628627760, +2.95, +25.196, +10.43146, +1097.000, +98.000,  +4.000
1628627820, +2.95, +25.146,  +7.27914, +995.000, +56.000, +179.000
1628627880, +2.95, +25.096, +10.59868, +993.000, +52.000, +179.000
1628627940, +2.95, +25.055, +10.18683, +1095.000, +99.000,  +7.000
1628628000, +2.95, +25.005,  +8.63854, +995.000, +54.000, +176.000
1628628060, +2.96, +24.955, +800.06024, +1331.000, -16.000, +176.000
1628628120, +2.96, +24.896, +212.98518, +1001.000, +32.000, +211.000
1628628180, +2.96, +24.871, +194.57289, +1004.000, +60.000, +256.000
1628628240, +2.96, +24.888, +203.19997, +1000.000, +64.000, +259.000
1628628300, +2.96, +24.905, +209.19806, +1004.000, +60.000, +256.000
1628628360, +2.95, +24.938, +210.30973, +1110.000, +64.000, +115.000
1628628420, +2.95, +25.005, +219.69547, +1110.000, +62.000, +127.000
1628628480, +2.95, +25.104, +225.56660, +1088.000, +103.000, +140.000
1628628540, +2.95, +25.196, +231.13116, +1084.000, +96.000, +160.000
1628628600, +2.95, +25.271, +233.48766, +1065.000, +86.000, +204.000
1628628660, +2.96, +25.379, +235.25890, +1104.000, +108.000, +92.000
1628628720, +2.96, +25.462, +239.85423, +1075.000, +92.000, +184.000
1628628780, +2.95, +25.562, +251.80395, +1052.000, +80.000, +227.000
1628628840, +2.95, +25.645, +270.79529, +1024.000, +70.000, +256.000
1628628900, +2.95, +25.720, +291.60434, +1016.000, +64.000, +259.000
1628628960, +2.95, +25.819, +308.04410, +1001.000, +64.000, +257.000
1628629020, +2.95, +25.869, +319.85756, +1001.000, +65.000, +254.000
1628629080, +2.95, +25.960, +326.85584, +1100.000, +104.000, +104.000
1628629140, +2.95, +26.035, +327.02925, +1112.000, +88.000, +80.000
1628629200, +2.95, +26.101, +328.22143, +1110.000, +80.000, +88.000
1628629260, +2.95, +26.143, +322.09949, +1110.000, +102.000, +78.000
1628629320, +2.95, +26.217, +320.58836, +1096.000, +104.000, +116.000
1628629380, +2.95, +26.275, +326.89610, +1084.000, +96.000, +156.000
1628629440, +2.95, +26.333, +341.47172, +1081.000, +96.000, +163.000
1628629500, +2.95, +26.391, +352.83308, +1084.000, +97.000, +156.000
1628629560, +2.95, +26.458, +371.28562, +1008.000, +62.000, +260.000
1628629620, +2.95, +26.483, +424.17836, +1040.000, +76.000, +243.000
1628629680, +2.95, +26.541, +305.77120, +1027.000, +68.000, +256.000
1628629740, +2.95, +26.590, +223.77987, +1068.000, +88.000, +204.000
1628629800, +2.95, +26.640, +178.95373, +1056.000, +81.000, +220.000
1628629860, +2.95, +26.673, +143.89421, +1052.000, +79.000, +230.000
1628629920, +2.95, +26.689, +108.51884, +1064.000, +64.000, +224.000
1628629980, +2.95, +26.739, +54.77144, -448.000, -864.000, -400.000
1628630040, +2.95, +26.772, +60.54966, -413.000, -1060.000, -184.000
1628630100, +2.95, +26.764, +67.79567, -416.000, -1082.000, -189.000
1628630160, +2.95, +26.747, +77.28050, -416.000, -1074.000, -180.000
1628630220, +2.95, +26.698, +84.38097, -344.000, -1104.000, -250.000
1628630280, +2.95, +26.656, +98.75531, -420.000, -1104.000, -253.000
1628630340, +2.95, +26.632, +72.68517, -424.000, -1066.000, -215.000
1628630400, +2.95, +26.607, +93.63356, -429.000, -1096.000, -232.000
1628630460, +2.95, +26.615, +83.12995, -429.000, -1080.000, -196.000
1628630520, +2.95, +26.607, +77.95866, -416.000, -1088.000, -192.000
1628630580, +2.95, +26.598, +63.89397, +1054.000, -248.000, +364.000
1628630640, +2.95, +26.590, +110.16003, +1078.000, +97.000, +176.000
1628630700, +2.95, +26.632, +232.60203, +1065.000, +88.000, +204.000
1628630760, +2.95, +26.656, +279.45334, +1028.000, +83.000, +224.000
1628630820, +2.95, +26.665, +291.31945, +1043.000, +88.000, +208.000
1628630880, +2.95, +26.689, +291.60434, +1051.000, +112.000, +227.000
1628630940, +2.95, +26.714, +204.68943, +1072.000, +116.000, +188.000
1628631000, +2.95, +26.723, +180.60420, +1031.000, +99.000, +248.000
1628631060, +2.95, +26.714, +155.51878, +1080.000, +124.000, +160.000
1628631120, +2.95, +26.764, +135.54582, +1004.000, +88.000, +256.000
1628631180, +2.95, +26.764, +132.30060, +1020.000, +96.000, +256.000
1628631240, +2.95, +26.789, +146.17639, +1001.000, +88.000, +256.000
1628631300, +2.95, +26.805, +161.30630, +1004.000, +88.000, +262.000
1628631360, +2.95, +26.830, +170.65488, +1000.000, +88.000, +256.000
1628631420, +2.95, +26.847, +174.15092, +1001.000, +88.000, +254.000
1628631480, +2.95, +26.847, +181.91096, +999.000, +92.000, +256.000
1628631540, +2.95, +26.838, +202.62711, +1020.000, +92.000, +256.000
1628631600, +2.95, +26.847, +240.30633, +1001.000, +88.000, +254.000
1628631660, +2.95, +26.871, +344.51256, +999.000, +88.000, +254.000
1628631720, +2.95, +26.871, +351.95365, +1107.000, +86.000, +127.000
1628631780, +2.95, +26.871, +370.45264, +1001.000, +92.000, +259.000
1628631840, +2.95, +26.888, +325.76894, +1000.000, +88.000, +254.000
1628631900, +2.95, +26.896, +365.39592, +999.000, +88.000, +259.000
1628631960, +2.95, +26.888, +357.24571, +999.000, +86.000, +256.000
1628632020, +2.95, +26.896, +355.26080, +999.000, +88.000, +255.000
1628632080, +2.95, +26.929, +347.52863, +1027.000, +96.000, +252.000
1628632140, +2.95, +26.938, +368.36554, +1110.000, +100.000, +96.000
1628632200, +2.95, +26.954, +398.72754, +999.000, +88.000, +256.000
1628632260, +2.95, +26.971, +345.43844, +1020.000, +96.000, +256.000
1628632320, +2.95, +26.987, +327.39774, +999.000, +89.000, +254.000
1628632380, +2.95, +26.987, +312.73542, +1000.000, +88.000, +256.000
1628632440, +2.95, +27.004, +320.33134, +1000.000, +88.000, +256.000
1628632500, +2.95, +27.020, +326.43161, +1107.000, +87.000, +135.000
1628632560, +2.95, +27.037, +316.57828, +999.000, +89.000, +252.000
1628632620, +2.95, +27.045, +307.11822, +1110.000, +115.000, +80.000
1628632680, +2.95, +27.061, +320.04026, +1086.000, +128.000, +142.000
1628632740, +2.95, +27.070, +325.91448, +999.000, +91.000, +255.000
1628632800, +2.95, +27.078, +321.36870, +1107.000, +92.000, +127.000
1628632860, +2.95, +27.086, +315.29320, +1102.000, +136.000, +96.000
1628632920, +2.95, +27.078, +291.12127, +1084.000, +128.000, +152.000
1628632980, +2.95, +27.094, +298.16909, +1100.000, +140.000, +92.000
1628633040, +2.95, +27.103, +302.33090, +999.000, +89.000, +257.000
1628633100, +2.95, +27.103, +346.22187, +1105.000, +131.000, +80.000
1628633160, +2.95, +27.119, +294.71021, +1107.000, +103.000, +99.000
1628633220, +2.95, +27.128, +226.11779, +999.000, +89.000, +254.000
1628633280, +2.95, +27.119, +181.56415, +1107.000, +128.000, +76.000
1628633340, +2.95, +27.119, +175.99030, +999.000, +88.000, +257.000
1628633400, +2.95, +27.136, +210.41811, +1080.000, +128.000, +152.000
1628633460, +2.95, +27.136, +245.76871, +1094.000, +134.000, +112.000
1628633520, +2.95, +27.144, +237.82597, +1091.000, +132.000, +124.000
1628633580, +2.95, +27.111, +240.89468, +999.000, +88.000, +255.000
1628633640, +2.95, +27.144, +243.92934, +1096.000, +136.000, +103.000
1628633700, +2.95, +27.136, +265.91818, +1111.000, +115.000, +83.000
1628633760, +2.95, +27.136, +309.87727, +1107.000, +102.000, +97.000
1628633820, +2.95, +27.144, +376.56220, +999.000, +89.000, +252.000
1628633880, +2.95, +27.152, +312.72613, +1107.000, +120.000, +83.000
1628633940, +2.95, +27.152, +316.22527, +1087.000, +131.000, +134.000
1628634000, +2.95, +27.161, +414.16711, +1000.000, +89.000, +259.000
1628634060, +2.95, +27.169, +338.63524, +1092.000, +135.000, +112.000
1628634120, +2.95, +27.152, +340.41268, +1075.000, +120.000, +172.000
1628634180, +2.95, +27.177, +282.83791, +1102.000, +136.000, +92.000
1628634240, +2.95, +27.177, +258.07453, +1107.000, +124.000, +80.000
1628634300, +2.95, +27.177, +253.14787, +1107.000, +124.000, +78.000
1628634360, +2.95, +27.177, +264.54949, +1099.000, +135.000, +96.000
1628634420, +2.95, +27.185, +273.88878, +1107.000, +89.000, +115.000
1628634480, +2.95, +27.169, +262.27350, +1100.000, +135.000, +92.000
1628634540, +2.95, +27.185, +251.20940, +1107.000, +96.000, +127.000
1628634600, +2.95, +27.169, +238.37097, +1096.000, +135.000, +105.000
1628634660, +2.95, +27.169, +225.26932, +1096.000, +135.000, +102.000
1628634720, +2.95, +27.169, +208.63757, +1110.000, +128.000, +76.000
1628634780, +2.95, +27.177, +188.17845, +1096.000, +134.000, +104.000
1628634840, +2.95, +27.152, +181.08727, +1103.000, +134.000, +83.000
1628634900, +2.95, +27.152, +178.30654, +1110.000, +104.000, +96.000
1628634960, +2.95, +27.161, +172.21246, +1107.000, +83.000, +127.000
1628635020, +2.95, +27.152, +166.42185, +1107.000, +128.000, +78.000
1628635080, +2.95, +27.136, +168.75048, +999.000, +88.000, +259.000
1628635140, +2.95, +27.144, +177.72748, +1103.000, +136.000, +92.000
1628635200, +2.95, +27.128, +182.78730, +1104.000, +136.000, +83.000
1628635260, +2.95, +27.144, +183.05051, +1107.000, +115.000, +84.000
1628635320, +2.95, +27.128, +181.93264, +999.000, +91.000, +255.000
1628635380, +2.95, +27.128, +178.59452, +1104.000, +88.000, +135.000
1628635440, +2.95, +27.111, +178.90108, +1091.000, +134.000, +124.000
1628635500, +2.95, +27.103, +182.27017, +1105.000, +87.000, +127.000
1628635560, +2.95, +27.094, +186.98007, +1110.000, +120.000, +80.000
1628635620, +2.95, +27.086, +193.53863, +1091.000, +134.000, +118.000
1628635680, +2.95, +27.103, +201.45350, +999.000, +92.000, +255.000
1628635740, +2.95, +27.086, +207.85724, +1107.000, +131.000, +80.000
1628635800, +2.95, +27.078, +213.40941, +999.000, +88.000, +254.000
1628635860, +2.95, +27.078, +218.62715, +1000.000, +89.000, +255.000
1628635920, +2.95, +27.078, +223.09243, +1094.000, +135.000, +113.000
1628635980, +2.95, +27.078, +225.45512, +1107.000, +96.000, +99.000
1628636040, +2.95, +27.061, +222.90353, +1001.000, +88.000, +252.000
1628636100, +2.95, +27.037, +211.95092, +999.000, +88.000, +254.000
1628636160, +2.95, +27.086, +200.32634, +999.000, +88.000, +255.000
1628636220, +2.95, +27.078, +195.90752, +1001.000, +88.000, +255.000
1628636280, +2.95, +27.078, +197.47749, +999.000, +88.000, +255.000
1628636340, +2.95, +27.086, +206.81369, +1027.000, +96.000, +252.000
1628636400, +2.95, +27.086, +215.75972, +999.000, +88.000, +252.000
1628636460, +2.95, +27.086, +231.99201, +999.000, +91.000, +255.000
1628636520, +2.95, +27.094, +231.02587, +999.000, +92.000, +254.000
1628636580, +2.95, +27.103, +222.41427, +1110.000, +120.000, +78.000
1628636640, +2.95, +27.128, +215.77520, +998.000, +92.000, +255.000
1628636700, +2.95, +27.136, +211.08078, +999.000, +92.000, +255.000
1628636760, +2.95, +27.152, +200.82180, +999.000, +92.000, +255.000
1628636820, +2.95, +27.161, +190.68358, +1084.000, +128.000, +152.000
1628636880, +2.95, +27.177, +184.26127, +1107.000, +92.000, +120.000
1628636940, +2.95, +27.194, +182.78730, +1107.000, +124.000, +76.000
1628637000, +2.95, +27.194, +181.35667, +1108.000, +108.000, +87.000
1628637060, +2.95, +27.202, +179.74335, +999.000, +88.000, +254.000
1628637120, +2.95, +27.227, +173.13215, +1100.000, +136.000, +99.000
1628637180, +2.95, +27.227, +165.51146, +1104.000, +88.000, +135.000
1628637240, +2.95, +27.251, +161.84201, +1076.000, +120.000, +172.000
1628637300, +2.95, +27.268, +165.53313, +1046.000, +103.000, +236.000
1628637360, +2.95, +27.268, +173.83198, +1075.000, +120.000, +176.000
1628637420, +2.95, +27.268, +186.10683, +1080.000, +124.000, +160.000
1628637480, +2.95, +27.293, +194.95377, +1084.000, +128.000, +152.000
1628637540, +2.95, +27.293, +198.68825, +1097.000, +136.000, +99.000
1628637600, +2.95, +27.301, +206.94374, +1091.000, +132.000, +128.000
1628637660, +2.95, +27.301, +216.10963, +1075.000, +120.000, +172.000
1628637720, +2.95, +27.326, +226.24165, +1088.000, +134.000, +131.000
1628637780, +2.95, +27.342, +251.12270, +1080.000, +120.000, +160.000
1628637840, +2.95, +27.334, +303.96280, +1075.000, +120.000, +168.000
1628637900, +2.95, +27.359, +378.21268, +1070.000, +120.000, +184.000
1628637960, +2.95, +27.342, +267.92476, +1078.000, +124.000, +163.000
1628638020, +2.95, +27.359, +236.95583, +1095.000, +134.000, +108.000
1628638080, +2.95, +27.375, +198.62632, +1070.000, +120.000, +188.000
1628638140, +2.95, +27.391, +174.69283, +1078.000, +120.000, +168.000
1628638200, +2.95, +27.416, +165.33495, +1084.000, +128.000, +152.000
1628638260, +2.95, +27.433, +166.95446, +1084.000, +128.000, +152.000
1628638320, +2.95, +27.424, +177.27538, +1080.000, +128.000, +158.000
1628638380, +2.95, +27.457, +195.18911, +1000.000, +88.000, +257.000
1628638440, +2.95, +27.441, +216.00744, +1080.000, +124.000, +158.000
1628638500, +2.95, +27.474, +245.98237, +1086.000, +129.000, +135.000
1628638560, +2.95, +27.466, +239.70869, +1081.000, +126.000, +160.000
1628638620, +2.95, +27.482, +261.32285, +1009.000, +96.000, +257.000
1628638680, +2.95, +27.499, +593.36330, +1025.000, +96.000, +252.000
1628638740, +2.95, +27.499, +388.23322, +1059.000, +112.000, +207.000
1628638800, +2.95, +27.499, +270.36487, +1027.000, +96.000, +252.000
1628638860, +2.95, +27.540, +219.21860, +1008.000, +89.000, +256.000
1628638920, +2.95, +27.548, +196.52993, +1038.000, +100.000, +246.000
1628638980, +2.95, +27.556, +175.55677, +1073.000, +120.000, +176.000
1628639040, +2.95, +27.565, +159.50718, +1073.000, +118.000, +177.000
1628639100, +2.95, +27.581, +157.23119, +1039.000, +103.000, +243.000
1628639160, +2.95, +27.606, +173.54399, +1063.000, +113.000, +206.000
1628639220, +2.95, +27.614, +185.83124, +1070.000, +118.000, +184.000
1628639280, +2.95, +27.589, +204.77614, +1062.000, +112.000, +208.000
1628639340, +2.95, +27.614, +363.59680, +1105.000, +92.000, +111.000
1628639400, +2.95, +27.630, +343.05717, +1043.000, +104.000, +232.000
1628639460, +2.95, +27.630, +445.08959, +999.000, +88.000, +256.000
1628639520, +2.95, +27.647, +233.80661, +1027.000, +99.000, +254.000
1628639580, +2.95, +27.639, +199.22706, +999.000, +88.000, +254.000
1628639640, +2.95, +27.663, +182.30113, +1000.000, +88.000, +256.000
1628639700, +2.95, +27.680, +181.77162, +1027.000, +96.000, +252.000
1628639760, +2.95, +27.680, +193.63153, +1105.000, +124.000, +80.000
1628639820, +2.95, +27.680, +268.66794, +999.000, +87.000, +252.000
1628639880, +2.95, +27.672, +188.21561, +1027.000, +97.000, +252.000
1628639940, +2.95, +27.713, +169.95196, +1103.000, +132.000, +84.000
1628640000, +2.95, +27.704, +172.72959, +999.000, +88.000, +254.000
1628640060, +2.95, +27.713, +204.25901, +1000.000, +88.000, +252.000
1628640120, +2.95, +27.704, +186.31121, +1107.000, +131.000, +78.000
1628640180, +2.95, +27.704, +158.10443, +1000.000, +88.000, +255.000
1628640240, +2.95, +27.721, +155.34847, +1052.000, +112.000, +224.000
1628640300, +2.95, +27.721, +155.69219, +1102.000, +136.000, +88.000
1628640360, +2.95, +27.721, +164.96955, +1038.000, +102.000, +243.000
1628640420, +2.95, +27.696, +172.79152, +1017.000, +96.000, +256.000
1628640480, +2.95, +27.737, +179.78051, +1020.000, +96.000, +252.000
1628640540, +2.95, +27.729, +178.70290, +999.000, +88.000, +256.000
1628640600, +2.95, +27.721, +171.40735, +999.000, +91.000, +254.000
1628640660, +2.95, +27.729, +173.31485, +999.000, +92.000, +255.000
1628640720, +2.95, +27.721, +184.73814, +999.000, +88.000, +254.000
1628640780, +2.95, +27.746, +171.67985, +999.000, +88.000, +255.000
1628640840, +2.95, +27.721, +167.08142, +999.000, +88.000, +254.000
1628640900, +2.95, +27.746, +167.01330, +999.000, +88.000, +256.000
1628640960, +2.95, +27.746, +171.19678, +1006.000, +88.000, +260.000
1628641020, +2.95, +27.746, +166.97614, +999.000, +88.000, +252.000
1628641080, +2.95, +27.729, +157.98986, +1031.000, +99.000, +248.000
1628641140, +2.95, +27.729, +159.61556, +1063.000, +116.000, +198.000
1628641200, +2.95, +27.721, +182.65414, +1072.000, +120.000, +176.000
1628641260, +2.95, +27.713, +202.09759, +999.000, +89.000, +252.000
1628641320, +2.95, +27.721, +217.77869, +1003.000, +88.000, +257.000
1628641380, +2.95, +27.721, +262.65747, +1031.000, +96.000, +248.000
1628641440, +2.95, +27.713, +215.96409, +998.000, +89.000, +252.000
1628641500, +2.95, +27.713, +210.85473, +999.000, +88.000, +256.000
1628641560, +2.95, +27.688, +219.06687, +1059.000, +112.000, +212.000
1628641620, +2.95, +27.704, +238.39884, +1000.000, +88.000, +259.000
1628641680, +2.95, +27.704, +227.52364, +999.000, +89.000, +252.000
1628641740, +2.95, +27.704, +216.24898, +999.000, +86.000, +256.000
1628641800, +2.95, +27.688, +200.00740, +998.000, +88.000, +254.000
1628641860, +2.95, +27.688, +192.14517, +1043.000, +102.000, +236.000
1628641920, +2.95, +27.696, +185.21502, +1016.000, +92.000, +259.000
1628641980, +2.95, +27.672, +181.75923, +999.000, +88.000, +255.000
1628642040, +2.95, +27.680, +180.53608, +999.000, +88.000, +256.000
1628642100, +2.95, +27.688, +179.18597, +1084.000, +128.000, +152.000
1628642160, +2.95, +27.672, +177.30634, +1048.000, +108.000, +227.000
1628642220, +2.95, +27.672, +175.96243, +1057.000, +112.000, +214.000
1628642280, +2.95, +27.672, +177.07100, +1063.000, +115.000, +206.000
1628642340, +2.95, +27.655, +180.04992, +1048.000, +104.000, +232.000
1628642400, +2.95, +27.655, +183.80298, +1000.000, +88.000, +259.000
1628642460, +2.95, +27.639, +189.03001, +1024.000, +96.000, +252.000
1628642520, +2.95, +27.606, +193.54173, +1062.000, +112.000, +206.000
1628642580, +2.95, +27.630, +195.03119, +1004.000, +88.000, +257.000
1628642640, +2.95, +27.622, +194.35613, +1051.000, +108.000, +228.000
1628642700, +2.95, +27.589, +192.62514, +1080.000, +124.000, +156.000
1628642760, +2.95, +27.606, +191.84790, +1043.000, +103.000, +236.000
1628642820, +2.95, +27.614, +193.25684, +1031.000, +96.000, +252.000
1628642880, +2.95, +27.589, +195.71553, +1056.000, +112.000, +216.000
1628642940, +2.95, +27.589, +197.99152, +1070.000, +118.000, +184.000
1628643000, +2.95, +27.597, +197.91411, +1072.000, +120.000, +184.000
1628643060, +2.95, +27.565, +195.92920, +1006.000, +88.000, +259.000
1628643120, +2.95, +27.573, +193.84520, +1057.000, +112.000, +216.000
1628643180, +2.95, +27.548, +192.77378, +1033.000, +99.000, +248.000
1628643240, +2.95, +27.573, +192.16685, +1062.000, +112.000, +208.000
1628643300, +2.95, +27.540, +195.72173, +1075.000, +120.000, +168.000
1628643360, +2.95, +27.556, +215.78449, +999.000, +88.000, +256.000
1628643420, +2.95, +27.532, +291.84587, +1033.000, +97.000, +248.000
1628643480, +2.95, +27.540, +255.81712, +1065.000, +115.000, +200.000
1628643540, +2.95, +27.523, +252.24366, +1080.000, +124.000, +164.000
1628643600, +2.95, +27.523, +308.25776, +1070.000, +116.000, +192.000
1628643660, +2.95, +27.532, +495.12419, +1068.000, +120.000, +188.000
1628643720, +2.95, +27.548, +495.27282, +1072.000, +120.000, +182.000
1628643780, +2.95, +27.548, +495.23566, +1063.000, +112.000, +200.000
1628643840, +2.95, +27.532, +448.04683, +1055.000, +112.000, +224.000
1628643900, +2.95, +27.573, +505.39555, +1004.000, +88.000, +257.000
1628643960, +2.95, +27.589, +513.48073, +1072.000, +120.000, +179.000
1628644020, +2.95, +27.606, +474.65887, +1040.000, +103.000, +241.000
1628644080, +2.95, +27.614, +275.26676, +1063.000, +112.000, +204.000
1628644140, +2.95, +27.630, +237.99628, +1048.000, +104.000, +232.000
1628644200, +2.95, +27.647, +280.73842, +1039.000, +103.000, +240.000
1628644260, +2.95, +27.680, +228.05935, +1031.000, +96.000, +252.000
1628644320, +2.95, +27.704, +362.43868, +999.000, +88.000, +255.000
1628644380, +2.95, +27.696, +235.68933, +1000.000, +92.000, +256.000
1628644440, +2.95, +27.737, +477.71210, +1001.000, +88.000, +256.000
1628644500, +2.95, +27.762, +399.11462, +999.000, +89.000, +255.000
1628644560, +2.95, +27.787, +452.04761, +999.000, +88.000, +254.000
1628644620, +2.95, +27.803, +367.65023, +1000.000, +88.000, +256.000
1628644680, +2.95, +27.811, +365.30302, +1107.000, +108.000, +88.000
1628644740, +2.95, +27.836, +402.48680, +999.000, +92.000, +254.000
1628644800, +2.95, +27.861, +188.75751, +999.000, +91.000, +254.000
1628644860, +2.95, +27.885, +162.44584, +999.000, +88.000, +256.000
1628644920, +2.95, +27.894, +148.29445, +1110.000, +120.000, +78.000
1628644980, +2.95, +27.918, +148.03124, +1097.000, +136.000, +99.000
1628645040, +2.95, +27.918, +267.24971, +1000.000, +89.000, +252.000
1628645100, +2.95, +27.927, +346.11969, +1097.000, +136.000, +96.000
1628645160, +2.95, +27.951, +229.79653, +1004.000, +92.000, +256.000
1628645220, +2.95, +27.968, +207.21934, +1000.000, +84.000, +255.000
1628645280, +2.95, +27.968, +361.49113, +1107.000, +102.000, +98.000
1628645340, +2.95, +27.976, +194.04028, +1091.000, +131.000, +128.000
1628645400, +2.95, +27.992, +294.19618, +1107.000, +118.000, +80.000
1628645460, +2.95, +28.009, +287.95346, +1104.000, +128.000, +80.000
1628645520, +2.95, +28.009, +260.65398, +999.000, +88.000, +259.000
1628645580, +2.95, +28.017, +229.55190, +999.000, +92.000, +254.000
1628645640, +2.95, +28.025, +363.84453, +1000.000, +88.000, +255.000
1628645700, +2.95, +28.017, +242.78979, +1107.000, +112.000, +86.000
1628645760, +2.95, +28.025, +227.18921, +1107.000, +128.000, +78.000
1628645820, +2.95, +28.025, +209.67803, +999.000, +89.000, +257.000
1628645880, +2.95, +28.025, +218.68908, +1089.000, +132.000, +124.000
1628645940, +2.95, +28.009, +209.79570, +1112.000, +112.000, +86.000
1628646000, +2.95, +27.992, +194.82991, +1084.000, +131.000, +136.000
1628646060, +2.95, +28.009, +183.33229, +1000.000, +89.000, +255.000
1628646120, +2.95, +28.009, +183.38494, +998.000, +91.000, +256.000
1628646180, +2.95, +28.009, +179.05282, +999.000, +88.000, +254.000
1628646240, +2.95, +28.000, +167.07523, +1004.000, +88.000, +256.000
1628646300, +2.95, +27.992, +156.11333, +1000.000, +86.000, +256.000
1628646360, +2.95, +27.968, +154.46594, +999.000, +88.000, +254.000
1628646420, +2.95, +27.984, +177.41472, +1108.000, +91.000, +123.000
1628646480, +2.95, +28.000, +135.92670, +999.000, +88.000, +256.000
1628646540, +2.95, +27.959, +122.89628, +999.000, +89.000, +254.000
1628646600, +2.95, +27.951, +116.92297, +1095.000, +135.000, +112.000
1628646660, +2.95, +27.927, +116.04044, +1080.000, +124.000, +158.000
1628646720, +2.95, +27.943, +117.19547, +999.000, +89.000, +252.000
1628646780, +2.95, +27.951, +118.14302, +1001.000, +88.000, +255.000
1628646840, +2.95, +27.927, +119.59532, +999.000, +88.000, +256.000
1628646900, +2.95, +27.902, +114.28777, +1001.000, +88.000, +255.000
1628646960, +2.95, +27.918, +119.41881, +999.000, +89.000, +254.000
1628647020, +2.95, +27.894, +112.64349, +1111.000, +88.000, +118.000
1628647080, +2.95, +27.885, +111.23145, +999.000, +88.000, +252.000
1628647140, +2.95, +27.877, +109.86276, +1000.000, +88.000, +254.000
1628647200, +2.95, +27.861, +107.88714, +999.000, +88.000, +252.000
1628647260, +2.95, +27.853, +106.79714, +998.000, +88.000, +252.000
1628647320, +2.95, +27.820, +106.66089, +1048.000, +104.000, +228.000
1628647380, +2.95, +27.828, +107.90881, +1003.000, +88.000, +255.000
1628647440, +2.95, +27.803, +111.91579, +1080.000, +124.000, +163.000
1628647500, +2.95, +27.754, +111.25931, +999.000, +88.000, +252.000
1628647560, +2.95, +27.762, +111.38008, +1044.000, +103.000, +236.000
1628647620, +2.95, +27.754, +110.81650, +1009.000, +89.000, +262.000
1628647680, +2.95, +27.762, +108.77585, +1000.000, +86.000, +254.000
1628647740, +2.95, +27.746, +106.73830, +1043.000, +102.000, +240.000
1628647800, +2.95, +27.729, +104.92370, +1041.000, +100.000, +240.000
1628647860, +2.95, +27.721, +101.44315, +1039.000, +102.000, +241.000
1628647920, +2.95, +27.729, +97.26895, +1046.000, +104.000, +232.000
1628647980, +2.95, +27.663, +93.58402, +999.000, +88.000, +254.000
1628648040, +2.95, +27.696, +91.47834, +1041.000, +99.000, +240.000
1628648100, +2.95, +27.680, +91.10675, +1072.000, +120.000, +176.000
1628648160, +2.95, +27.672, +92.37635, +999.000, +88.000, +252.000
1628648220, +2.95, +27.655, +93.32390, +1033.000, +96.000, +248.000
1628648280, +2.95, +27.630, +92.74175, +999.000, +88.000, +254.000
1628648340, +2.95, +27.630, +89.62349, +999.000, +86.000, +259.000
1628648400, +2.95, +27.614, +85.84256, +999.000, +88.000, +248.000
1628648460, +2.95, +27.597, +81.55069, +1004.000, +88.000, +256.000
1628648520, +2.95, +27.589, +77.04516, +1086.000, +128.000, +144.000
1628648580, +2.95, +27.589, +72.70685, +1033.000, +96.000, +248.000
1628648640, +2.95, +27.581, +69.14578, +1017.000, +96.000, +256.000
1628648700, +2.95, +27.573, +66.58181, +1014.000, +92.000, +260.000
1628648760, +2.95, +27.556, +64.71147, +1072.000, +120.000, +168.000
1628648820, +2.95, +27.540, +63.43258, +1064.000, +113.000, +199.000
1628648880, +2.95, +27.540, +62.63366, +1075.000, +120.000, +172.000
1628648940, +2.95, +27.540, +62.29304, +1075.000, +124.000, +167.000
1628649000, +2.95, +27.540, +61.98029, +1043.000, +104.000, +238.000
1628649060, +2.95, +27.515, +61.34549, +1072.000, +120.000, +184.000
1628649120, +2.95, +27.540, +60.61469, +1080.000, +128.000, +152.000
1628649180, +2.95, +27.523, +60.14091, +1091.000, +131.000, +120.000
1628649240, +2.95, +27.523, +60.44438, +1057.000, +112.000, +206.000
1628649300, +2.95, +27.523, +61.73256, +1087.000, +131.000, +136.000
1628649360, +2.95, +27.523, +63.36136, +1087.000, +128.000, +144.000
1628649420, +2.95, +27.532, +64.51948, +1084.000, +128.000, +146.000
1628649480, +2.95, +27.523, +64.79198, +1091.000, +131.000, +128.000
1628649540, +2.95, +27.515, +64.11073, +1072.000, +118.000, +180.000
1628649600, +2.95, +27.507, +62.91236, +1043.000, +103.000, +236.000
1628649660, +2.95, +27.523, +61.38574, +1072.000, +120.000, +179.000
1628649720, +2.95, +27.507, +59.67643, +1038.000, +102.000, +243.000
1628649780, +2.95, +27.490, +57.80609, +1078.000, +120.000, +168.000
1628649840, +2.95, +27.499, +56.00388, +1063.000, +112.000, +204.000
1628649900, +2.95, +27.507, +54.22954, +1086.000, +128.000, +136.000
1628649960, +2.95, +27.482, +52.66267, +1016.000, +92.000, +256.000
1628650020, +2.95, +27.482, +51.56338, +1064.000, +115.000, +200.000
1628650080, +2.95, +27.490, +51.11747, +1075.000, +120.000, +172.000
1628650140, +2.95, +27.490, +51.76775, +1036.000, +99.000, +246.000
1628650200, +2.95, +27.457, +54.00968, +1001.000, +88.000, +255.000
1628650260, +2.95, +27.457, +56.55817, +999.000, +88.000, +252.000
1628650320, +2.95, +27.449, +58.07549, +1032.000, +96.000, +252.000
1628650380, +2.95, +27.449, +57.72558, +1072.000, +120.000, +177.000
1628650440, +2.95, +27.433, +55.23593, +1080.000, +124.000, +163.000
1628650500, +2.95, +27.433, +51.96593, +1046.000, +104.000, +238.000
1628650560, +2.95, +27.416, +48.80432, +1080.000, +124.000, +156.000
1628650620, +2.95, +27.433, +46.07933, +1084.000, +124.000, +160.000
1628650680, +2.95, +27.424, +44.13468, +1072.000, +118.000, +184.000
1628650740, +2.95, +27.408, +42.95797, +1073.000, +120.000, +172.000
1628650800, +2.95, +27.416, +42.19002, +1072.000, +120.000, +176.000
1628650860, +2.95, +27.416, +41.40349, +1071.000, +120.000, +188.000
1628650920, +2.95, +27.433, +40.19272, +1078.000, +120.000, +172.000
1628650980, +2.95, +27.400, +38.93861, +1080.000, +126.000, +158.000
1628651040, +2.95, +27.416, +37.32529, +1062.000, +112.000, +208.000
1628651100, +2.95, +27.408, +35.60359, +1076.000, +121.000, +172.000
1628651160, +2.95, +27.391, +33.86640, +1080.000, +124.000, +166.000
1628651220, +2.95, +27.391, +32.08897, +1036.000, +97.000, +243.000
1628651280, +2.95, +27.416, +30.86891, +1070.000, +118.000, +188.000
1628651340, +2.95, +27.408, +29.62408, +1056.000, +108.000, +216.000
1628651400, +2.95, +27.408, +28.84684, +1080.000, +124.000, +163.000
1628651460, +2.95, +27.383, +28.45667, +1089.000, +131.000, +124.000
1628651520, +2.95, +27.391, +27.67324, +1080.000, +124.000, +156.000
1628651580, +2.95, +27.400, +26.70401, +1078.000, +120.000, +167.000
1628651640, +2.95, +27.391, +25.85245, +1091.000, +131.000, +124.000
1628651700, +2.95, +27.383, +25.12475, +1075.000, +120.000, +176.000
1628651760, +2.95, +27.391, +24.36918, +1088.000, +131.000, +132.000
1628651820, +2.95, +27.400, +23.56407, +1076.000, +124.000, +166.000
1628651880, +2.95, +27.408, +22.17061, +1072.000, +120.000, +180.000
1628651940, +2.95, +27.400, +20.44581, +1075.000, +120.000, +168.000
1628652000, +2.95, +27.400, +18.58476, +1107.000, +108.000, +82.000
1628652060, +2.95, +27.391, +16.90332, +1110.000, +120.000, +80.000
1628652120, +2.95, +27.383, +15.14446, +1076.000, +120.000, +172.000
1628652180, +2.95, +27.383,  +6.80846, +728.000, +942.000, +156.000
1628652240, +2.95, +27.391,  +8.03780, +1075.000, +227.000, +163.000
1628652300, +2.95, +27.350,  +0.08268, -988.000, -308.000, +947.000
1628652360, +2.95, +27.111,  +0.86302, +950.000, -484.000, +547.000
1628652420, +2.95, +26.764,  +0.02694, -200.000, +1315.000, +718.000
1628652480, +2.95, +26.491,  -0.06905, -204.000, +1311.000, +728.000
1628652540, +2.95, +26.234,  +0.37066, +260.000, -1008.000, +575.000
1628652600, +2.95, +25.952,  +0.02694, -1096.000, -448.000, -215.000
