7450-646496
OS REV: 1.05 Sensor Cal: 1573749572
Time (sec),  BV (Volts),  T (deg C),  DO (mg/l),  Q ()
1647748680,+3.13,+30.056,+10.420,+0.957
1647748800,+3.12,+30.030,+10.306,+0.958
1647748920,+3.13,+29.987,+10.154,+0.958
1647749040,+3.12,+30.013,+10.221,+0.957
1647749160,+3.13,+29.996,+10.212,+0.956
1647749280,+3.12,+30.005,+10.064,+0.958
1647749400,+3.12,+29.979, +9.972,+0.957
1647749520,+3.12,+29.970, +9.953,+0.958
1647749640,+3.12,+29.979,+10.087,+0.958
1647749760,+3.12,+29.961, +9.964,+0.957
1647749880,+3.12,+29.970, +9.877,+0.957
1647750000,+3.12,+29.953, +9.895,+0.957
1647750120,+3.12,+29.944, +9.813,+0.956
1647750240,+3.12,+29.944, +9.784,+0.958
1647750360,+3.12,+29.927, +9.853,+0.958
1647750480,+3.12,+29.918, +9.746,+0.956
1647750600,+3.13,+29.884, +9.648,+0.957
1647750720,+3.13,+29.875, +9.520,+0.957
1647750840,+3.12,+29.927, +9.707,+0.957
1647750960,+3.12,+29.910, +9.688,+0.957
1647751080,+3.13,+29.901, +9.707,+0.959
1647751200,+3.13,+29.910, +9.611,+0.957
1647751320,+3.13,+29.892, +9.582,+0.958
1647751440,+3.13,+29.867, +9.495,+0.957
1647751560,+3.13,+29.849, +9.509,+0.958
1647751680,+3.13,+29.849, +9.451,+0.958
1647751800,+3.13,+29.858, +9.425,+0.956
1647751920,+3.12,+29.832, +9.441,+0.956
1647752040,+3.13,+29.841, +9.402,+0.957
1647752160,+3.13,+29.806, +9.302,+0.957
1647752280,+3.13,+29.798, +9.298,+0.957
1647752400,+3.13,+29.780, +9.256,+0.957
1647752520,+3.13,+29.798, +9.236,+0.958
1647752640,+3.13,+29.806, +9.182,+0.956
1647752760,+3.13,+29.806, +9.205,+0.956
1647752880,+3.13,+29.780, +9.377,+0.957
1647753000,+3.13,+29.772, +9.435,+0.958
1647753120,+3.12,+29.755, +9.322,+0.957
1647753240,+3.12,+29.763, +9.180,+0.957
1647753360,+3.12,+29.720, +9.175,+0.957
1647753480,+3.12,+29.720, +9.384,+0.956
1647753600,+3.12,+29.720, +9.390,+0.957
1647753720,+3.12,+29.677, +9.209,+0.957
1647753840,+3.12,+29.660, +9.141,+0.956
1647753960,+3.12,+29.694, +9.296,+0.957
1647754080,+3.12,+29.703, +9.345,+0.957
1647754200,+3.12,+29.703, +9.349,+0.957
1647754320,+3.12,+29.712, +9.264,+0.956
1647754440,+3.12,+29.703, +9.269,+0.956
1647754560,+3.12,+29.694, +9.228,+0.958
1647754680,+3.12,+29.703, +9.204,+0.958
1647754800,+3.12,+29.703, +9.261,+0.957
1647754920,+3.12,+29.694, +9.316,+0.958
1647755040,+3.12,+29.694, +9.339,+0.956
1647755160,+3.12,+29.651, +9.203,+0.957
1647755280,+3.12,+29.651, +9.144,+0.957
1647755400,+3.12,+29.694, +9.175,+0.956
1647755520,+3.12,+29.703, +9.194,+0.957
1647755640,+3.12,+29.686, +9.155,+0.957
1647755760,+3.12,+29.703, +9.200,+0.957
1647755880,+3.12,+29.703, +9.176,+0.956
1647756000,+3.12,+29.694, +9.069,+0.955
1647756120,+3.12,+29.677, +9.063,+0.957
1647756240,+3.12,+29.669, +9.027,+0.956
1647756360,+3.12,+29.660, +9.007,+0.957
1647756480,+3.12,+29.677, +8.978,+0.956
1647756600,+3.12,+29.660, +8.906,+0.957
1647756720,+3.12,+29.651, +8.930,+0.957
1647756840,+3.12,+29.625, +8.876,+0.957
1647756960,+3.12,+29.625, +8.851,+0.958
1647757080,+3.12,+29.625, +8.804,+0.957
1647757200,+3.12,+29.625, +8.772,+0.955
1647757320,+3.12,+29.600, +8.736,+0.956
1647757440,+3.12,+29.565, +8.689,+0.956
1647757560,+3.12,+29.557, +8.632,+0.957
1647757680,+3.12,+29.574, +8.579,+0.956
1647757800,+3.12,+29.565, +8.515,+0.956
1647757920,+3.12,+29.548, +8.500,+0.956
1647758040,+3.12,+29.539, +8.480,+0.956
1647758160,+3.12,+29.539, +8.505,+0.955
1647758280,+3.12,+29.514, +8.482,+0.956
1647758400,+3.12,+29.514, +8.479,+0.956
1647758520,+3.12,+29.479, +8.412,+0.955
1647758640,+3.12,+29.479, +8.311,+0.955
1647758760,+3.12,+29.505, +8.330,+0.956
1647758880,+3.12,+29.514, +8.318,+0.955
1647759000,+3.12,+29.505, +8.282,+0.956
1647759120,+3.12,+29.514, +8.339,+0.955
1647759240,+3.12,+29.496, +8.337,+0.956
1647759360,+3.12,+29.479, +8.317,+0.956
1647759480,+3.12,+29.445, +8.221,+0.957
1647759600,+3.12,+29.453, +8.205,+0.956
1647759720,+3.12,+29.488, +8.245,+0.957
1647759840,+3.12,+29.479, +8.195,+0.956
1647759960,+3.12,+29.462, +8.227,+0.956
1647760080,+3.12,+29.471, +8.250,+0.956
1647760200,+3.12,+29.462, +8.218,+0.956
1647760320,+3.12,+29.471, +8.169,+0.956
1647760440,+3.12,+29.479, +8.119,+0.956
1647760560,+3.12,+29.479, +8.055,+0.956
1647760680,+3.12,+29.471, +8.063,+0.956
1647760800,+3.12,+29.471, +8.036,+0.956
1647760920,+3.12,+29.453, +7.988,+0.956
1647761040,+3.12,+29.462, +7.995,+0.955
1647761160,+3.12,+29.453, +7.966,+0.956
1647761280,+3.12,+29.436, +7.950,+0.956
1647761400,+3.12,+29.453, +7.856,+0.956
1647761520,+3.12,+29.453, +7.887,+0.957
1647761640,+3.12,+29.436, +7.848,+0.956
1647761760,+3.12,+29.428, +7.787,+0.956
1647761880,+3.12,+29.436, +7.750,+0.956
1647762000,+3.12,+29.462, +7.744,+0.955
1647762120,+3.12,+29.479, +7.745,+0.955
1647762240,+3.12,+29.445, +7.687,+0.955
1647762360,+3.12,+29.471, +7.656,+0.955
1647762480,+3.12,+29.471, +7.611,+0.954
1647762600,+3.12,+29.436, +7.572,+0.956
1647762720,+3.12,+29.445, +7.550,+0.955
1647762840,+3.12,+29.453, +7.426,+0.955
1647762960,+3.12,+29.445, +7.414,+0.956
1647763080,+3.12,+29.453, +7.403,+0.954
1647763200,+3.12,+29.453, +7.338,+0.955
1647763320,+3.12,+29.453, +7.279,+0.955
1647763440,+3.12,+29.445, +7.286,+0.955
1647763560,+3.12,+29.428, +7.289,+0.955
1647763680,+3.12,+29.436, +7.222,+0.955
1647763800,+3.12,+29.402, +7.211,+0.955
1647763920,+3.12,+29.402, +7.162,+0.956
1647764040,+3.12,+29.410, +7.100,+0.956
1647764160,+3.12,+29.410, +6.988,+0.955
1647764280,+3.12,+29.402, +7.023,+0.955
1647764400,+3.12,+29.402, +7.064,+0.955
1647764520,+3.12,+29.368, +7.120,+0.954
1647764640,+3.12,+29.350, +7.143,+0.955
1647764760,+3.12,+29.359, +7.076,+0.954
1647764880,+3.12,+29.359, +7.057,+0.955
1647765000,+3.12,+29.368, +6.874,+0.955
1647765120,+3.12,+29.376, +7.049,+0.955
1647765240,+3.12,+29.350, +7.016,+0.954
1647765360,+3.12,+29.376, +6.860,+0.954
1647765480,+3.12,+29.385, +6.823,+0.955
1647765600,+3.12,+29.359, +6.896,+0.955
1647765720,+3.12,+29.350, +6.867,+0.954
1647765840,+3.12,+29.350, +6.767,+0.955
1647765960,+3.12,+29.333, +6.751,+0.954
1647766080,+3.12,+29.325, +6.763,+0.955
1647766200,+3.12,+29.307, +6.763,+0.955
1647766320,+3.12,+29.307, +6.730,+0.954
1647766440,+3.12,+29.299, +6.668,+0.954
1647766560,+3.12,+29.282, +6.634,+0.954
1647766680,+3.12,+29.299, +6.557,+0.955
1647766800,+3.12,+29.282, +6.608,+0.955
1647766920,+3.12,+29.273, +6.516,+0.955
1647767040,+3.12,+29.264, +6.532,+0.954
1647767160,+3.12,+29.247, +6.584,+0.954
1647767280,+3.12,+29.230, +6.589,+0.955
1647767400,+3.12,+29.239, +6.555,+0.954
1647767520,+3.12,+29.213, +6.549,+0.954
1647767640,+3.12,+29.204, +6.552,+0.954
1647767760,+3.12,+29.204, +6.420,+0.954
1647767880,+3.12,+29.204, +6.374,+0.954
1647768000,+3.12,+29.187, +6.357,+0.954
1647768120,+3.12,+29.179, +6.407,+0.954
1647768240,+3.12,+29.170, +6.424,+0.954
1647768360,+3.12,+29.153, +6.451,+0.954
1647768480,+3.12,+29.136, +6.506,+0.955
1647768600,+3.12,+29.136, +6.482,+0.954
1647768720,+3.12,+29.144, +6.485,+0.955
1647768840,+3.12,+29.119, +6.470,+0.953
1647768960,+3.12,+29.119, +6.446,+0.954
1647769080,+3.12,+29.119, +6.433,+0.954
1647769200,+3.12,+29.110, +6.433,+0.954
1647769320,+3.12,+29.093, +6.426,+0.954
1647769440,+3.12,+29.110, +6.448,+0.954
1647769560,+3.12,+29.101, +6.448,+0.954
1647769680,+3.12,+29.101, +6.455,+0.954
1647769800,+3.12,+29.067, +6.401,+0.954
1647769920,+3.12,+29.119, +6.369,+0.953
1647770040,+3.12,+29.110, +6.423,+0.954
1647770160,+3.12,+29.093, +6.449,+0.953
1647770280,+3.12,+29.084, +6.456,+0.954
1647770400,+3.12,+29.067, +6.411,+0.954
1647770520,+3.12,+29.067, +6.371,+0.954
1647770640,+3.12,+29.076, +6.377,+0.954
1647770760,+3.12,+29.076, +6.352,+0.954
1647770880,+3.12,+29.050, +6.361,+0.954
1647771000,+3.12,+29.050, +6.376,+0.953
1647771120,+3.12,+29.033, +6.360,+0.954
1647771240,+3.12,+29.024, +6.309,+0.954
1647771360,+3.12,+29.016, +6.330,+0.954
1647771480,+3.12,+28.999, +6.331,+0.953
1647771600,+3.12,+29.016, +6.327,+0.954
1647771720,+3.12,+28.990, +6.312,+0.954
1647771840,+3.12,+28.981, +6.300,+0.954
1647771960,+3.12,+28.999, +6.274,+0.954
1647772080,+3.12,+28.990, +6.260,+0.954
1647772200,+3.12,+28.990, +6.235,+0.953
1647772320,+3.12,+28.981, +6.193,+0.954
1647772440,+3.12,+28.964, +6.205,+0.954
1647772560,+3.12,+28.973, +6.239,+0.954
1647772680,+3.12,+28.947, +6.191,+0.954
1647772800,+3.12,+28.947, +6.151,+0.953
1647772920,+3.12,+28.947, +6.131,+0.953
1647773040,+3.12,+28.964, +6.168,+0.954
1647773160,+3.12,+28.947, +6.146,+0.954
1647773280,+3.12,+28.964, +6.132,+0.953
1647773400,+3.12,+28.939, +6.162,+0.953
1647773520,+3.12,+28.930, +6.116,+0.954
1647773640,+3.12,+28.939, +6.123,+0.954
1647773760,+3.12,+28.947, +6.147,+0.953
1647773880,+3.12,+28.930, +6.108,+0.953
1647774000,+3.12,+28.913, +6.113,+0.954
1647774120,+3.12,+28.904, +6.122,+0.953
1647774240,+3.12,+28.913, +6.135,+0.953
1647774360,+3.12,+28.896, +6.136,+0.953
1647774480,+3.12,+28.879, +6.111,+0.953
1647774600,+3.12,+28.887, +6.088,+0.954
1647774720,+3.12,+28.896, +6.029,+0.953
1647774840,+3.12,+28.896, +6.015,+0.953
1647774960,+3.12,+28.887, +6.041,+0.954
1647775080,+3.12,+28.879, +5.992,+0.953
1647775200,+3.12,+28.887, +6.016,+0.953
1647775320,+3.12,+28.870, +6.017,+0.954
1647775440,+3.12,+28.870, +6.035,+0.953
1647775560,+3.12,+28.844, +6.021,+0.953
1647775680,+3.12,+28.844, +6.009,+0.953
1647775800,+3.12,+28.836, +6.007,+0.953
1647775920,+3.12,+28.827, +6.007,+0.953
1647776040,+3.12,+28.819, +6.000,+0.953
1647776160,+3.12,+28.810, +5.990,+0.953
1647776280,+3.12,+28.810, +6.005,+0.953
1647776400,+3.12,+28.810, +5.982,+0.953
1647776520,+3.12,+28.801, +6.005,+0.954
1647776640,+3.12,+28.801, +5.944,+0.953
1647776760,+3.12,+28.784, +5.917,+0.953
1647776880,+3.12,+28.776, +5.921,+0.953
1647777000,+3.12,+28.776, +5.924,+0.953
1647777120,+3.12,+28.716, +5.983,+0.953
1647777240,+3.13,+28.724, +5.953,+0.953
1647777360,+3.13,+28.750, +5.885,+0.953
1647777480,+3.13,+28.733, +5.892,+0.953
1647777600,+3.12,+28.707, +5.916,+0.953
1647777720,+3.12,+28.724, +5.895,+0.953
1647777840,+3.13,+28.707, +5.844,+0.953
1647777960,+3.12,+28.699, +5.871,+0.953
1647778080,+3.13,+28.716, +5.835,+0.953
1647778200,+3.12,+28.699, +5.856,+0.953
1647778320,+3.13,+28.707, +5.816,+0.953
1647778440,+3.13,+28.707, +5.840,+0.954
1647778560,+3.12,+28.707, +5.789,+0.953
1647778680,+3.12,+28.690, +5.789,+0.953
1647778800,+3.12,+28.682, +5.711,+0.953
1647778920,+3.12,+28.647, +5.764,+0.954
1647779040,+3.12,+28.656, +5.747,+0.954
1647779160,+3.12,+28.630, +5.742,+0.953
1647779280,+3.12,+28.639, +5.801,+0.953
1647779400,+3.12,+28.630, +5.771,+0.953
1647779520,+3.12,+28.613, +5.789,+0.953
1647779640,+3.12,+28.605, +5.722,+0.953
1647779760,+3.12,+28.639, +5.720,+0.953
1647779880,+3.12,+28.647, +5.675,+0.953
1647780000,+3.12,+28.647, +5.700,+0.953
1647780120,+3.12,+28.613, +5.727,+0.953
1647780240,+3.12,+28.605, +5.672,+0.953
1647780360,+3.12,+28.647, +5.601,+0.953
1647780480,+3.12,+28.673, +5.598,+0.953
1647780600,+3.12,+28.647, +5.599,+0.953
1647780720,+3.12,+28.639, +5.569,+0.952
1647780840,+3.12,+28.639, +5.583,+0.953
1647780960,+3.12,+28.622, +5.610,+0.952
1647781080,+3.12,+28.613, +5.620,+0.953
1647781200,+3.12,+28.630, +5.592,+0.952
1647781320,+3.12,+28.605, +5.576,+0.953
1647781440,+3.12,+28.622, +5.579,+0.953
1647781560,+3.12,+28.613, +5.599,+0.953
1647781680,+3.12,+28.622, +5.529,+0.952
1647781800,+3.12,+28.622, +5.506,+0.952
1647781920,+3.12,+28.622, +5.493,+0.952
1647782040,+3.12,+28.596, +5.471,+0.952
1647782160,+3.12,+28.622, +5.524,+0.952
1647782280,+3.12,+28.605, +5.548,+0.953
1647782400,+3.12,+28.588, +5.500,+0.952
1647782520,+3.12,+28.570, +5.477,+0.953
1647782640,+3.12,+28.596, +5.448,+0.952
1647782760,+3.12,+28.553, +5.508,+0.953
1647782880,+3.12,+28.562, +5.504,+0.953
1647783000,+3.12,+28.545, +5.507,+0.953
1647783120,+3.12,+28.536, +5.499,+0.952
1647783240,+3.12,+28.545, +5.460,+0.952
1647783360,+3.12,+28.511, +5.485,+0.952
1647783480,+3.12,+28.536, +5.424,+0.952
1647783600,+3.12,+28.502, +5.437,+0.952
1647783720,+3.12,+28.502, +5.488,+0.953
1647783840,+3.12,+28.476, +5.487,+0.952
1647783960,+3.12,+28.476, +5.427,+0.953
1647784080,+3.12,+28.485, +5.397,+0.952
1647784200,+3.12,+28.502, +5.344,+0.952
1647784320,+3.12,+28.502, +5.327,+0.952
1647784440,+3.12,+28.485, +5.363,+0.953
1647784560,+3.12,+28.476, +5.330,+0.952
1647784680,+3.12,+28.485, +5.304,+0.952
1647784800,+3.12,+28.502, +5.326,+0.952
1647784920,+3.12,+28.485, +5.307,+0.951
1647785040,+3.12,+28.476, +5.329,+0.952
1647785160,+3.12,+28.451, +5.287,+0.952
1647785280,+3.12,+28.476, +5.261,+0.952
1647785400,+3.12,+28.434, +5.251,+0.951
1647785520,+3.12,+28.425, +5.315,+0.952
1647785640,+3.12,+28.425, +5.349,+0.952
1647785760,+3.12,+28.417, +5.343,+0.952
1647785880,+3.12,+28.400, +5.329,+0.952
1647786000,+3.12,+28.417, +5.317,+0.952
1647786120,+3.12,+28.425, +5.294,+0.953
1647786240,+3.12,+28.417, +5.257,+0.952
1647786360,+3.12,+28.408, +5.220,+0.952
1647786480,+3.12,+28.391, +5.285,+0.953
1647786600,+3.12,+28.382, +5.319,+0.952
1647786720,+3.12,+28.365, +5.322,+0.952
1647786840,+3.12,+28.374, +5.292,+0.952
1647786960,+3.12,+28.365, +5.285,+0.952
1647787080,+3.12,+28.348, +5.262,+0.952
1647787200,+3.12,+28.365, +5.290,+0.952
1647787320,+3.12,+28.348, +5.216,+0.951
1647787440,+3.12,+28.331, +5.195,+0.952
1647787560,+3.12,+28.348, +5.139,+0.952
1647787680,+3.12,+28.340, +5.130,+0.952
1647787800,+3.12,+28.340, +5.170,+0.952
1647787920,+3.12,+28.348, +5.184,+0.952
1647788040,+3.12,+28.340, +5.187,+0.952
1647788160,+3.12,+28.323, +5.138,+0.951
1647788280,+3.12,+28.323, +5.162,+0.952
1647788400,+3.12,+28.314, +5.132,+0.951
1647788520,+3.12,+28.323, +5.133,+0.952
1647788640,+3.12,+28.306, +5.107,+0.952
1647788760,+3.12,+28.306, +5.080,+0.952
1647788880,+3.12,+28.297, +5.045,+0.952
1647789000,+3.12,+28.297, +5.135,+0.952
1647789120,+3.12,+28.289, +5.138,+0.953
1647789240,+3.12,+28.289, +5.071,+0.952
1647789360,+3.12,+28.280, +5.031,+0.952
1647789480,+3.12,+28.289, +5.017,+0.952
1647789600,+3.12,+28.263, +4.976,+0.951
1647789720,+3.12,+28.263, +5.048,+0.951
1647789840,+3.12,+28.280, +5.079,+0.952
1647789960,+3.12,+28.271, +5.067,+0.952
1647790080,+3.12,+28.263, +5.065,+0.952
1647790200,+3.12,+28.237, +5.005,+0.952
1647790320,+3.12,+28.254, +4.991,+0.951
1647790440,+3.12,+28.246, +5.044,+0.952
1647790560,+3.12,+28.237, +4.975,+0.952
1647790680,+3.12,+28.229, +4.929,+0.952
1647790800,+3.12,+28.212, +4.969,+0.952
1647790920,+3.12,+28.212, +5.020,+0.952
1647791040,+3.12,+28.195, +5.026,+0.952
1647791160,+3.12,+28.203, +5.011,+0.951
1647791280,+3.12,+28.212, +5.007,+0.951
1647791400,+3.12,+28.195, +5.006,+0.952
1647791520,+3.12,+28.186, +4.973,+0.951
1647791640,+3.12,+28.178, +4.980,+0.951
1647791760,+3.12,+28.178, +4.983,+0.952
1647791880,+3.12,+28.195, +4.960,+0.952
1647792000,+3.12,+28.178, +4.908,+0.951
1647792120,+3.12,+28.178, +4.914,+0.952
1647792240,+3.12,+28.161, +4.949,+0.952
1647792360,+3.12,+28.152, +4.944,+0.952
1647792480,+3.12,+28.152, +4.943,+0.952
1647792600,+3.12,+28.161, +4.923,+0.951
1647792720,+3.12,+28.169, +4.939,+0.952
1647792840,+3.12,+28.169, +4.966,+0.951
1647792960,+3.12,+28.152, +5.002,+0.952
1647793080,+3.12,+28.152, +5.052,+0.952
1647793200,+3.12,+28.152, +5.049,+0.952
1647793320,+3.12,+28.169, +5.041,+0.952
1647793440,+3.12,+28.161, +5.042,+0.952
1647793560,+3.12,+28.178, +5.050,+0.952
1647793680,+3.12,+28.152, +5.100,+0.952
1647793800,+3.12,+28.135, +5.153,+0.952
1647793920,+3.12,+28.135, +5.173,+0.952
1647794040,+3.12,+28.126, +5.214,+0.952
1647794160,+3.12,+28.118, +5.277,+0.952
1647794280,+3.12,+28.135, +5.267,+0.953
1647794400,+3.12,+28.118, +5.224,+0.952
1647794520,+3.12,+28.143, +5.191,+0.952
1647794640,+3.12,+28.118, +5.307,+0.952
1647794760,+3.12,+28.135, +5.276,+0.952
1647794880,+3.12,+28.126, +5.313,+0.952
1647795000,+3.12,+28.152, +5.346,+0.953
1647795120,+3.12,+28.143, +5.327,+0.952
1647795240,+3.12,+28.143, +5.282,+0.952
1647795360,+3.12,+28.161, +5.323,+0.952
1647795480,+3.12,+28.152, +5.351,+0.952
1647795600,+3.12,+28.169, +5.387,+0.952
1647795720,+3.12,+28.152, +5.426,+0.952
1647795840,+3.12,+28.152, +5.399,+0.952
1647795960,+3.12,+28.161, +5.385,+0.952
1647796080,+3.12,+28.169, +5.380,+0.952
1647796200,+3.12,+28.161, +5.380,+0.952
1647796320,+3.12,+28.161, +5.392,+0.952
1647796440,+3.12,+28.195, +5.424,+0.952
1647796560,+3.12,+28.178, +5.448,+0.952
1647796680,+3.12,+28.169, +5.397,+0.952
1647796800,+3.12,+28.169, +5.340,+0.952
1647796920,+3.12,+28.178, +5.427,+0.952
1647797040,+3.12,+28.161, +5.438,+0.952
1647797160,+3.12,+28.161, +5.439,+0.952
1647797280,+3.12,+28.195, +5.411,+0.952
1647797400,+3.12,+28.186, +5.547,+0.952
1647797520,+3.12,+28.203, +5.434,+0.952
1647797640,+3.12,+28.195, +5.361,+0.952
1647797760,+3.12,+28.195, +5.388,+0.952
1647797880,+3.12,+28.195, +5.438,+0.952
1647798000,+3.12,+28.212, +5.332,+0.952
1647798120,+3.12,+28.203, +5.352,+0.952
1647798240,+3.12,+28.186, +5.361,+0.952
1647798360,+3.12,+28.186, +5.339,+0.952
1647798480,+3.12,+28.178, +5.316,+0.952
1647798600,+3.12,+28.186, +5.293,+0.952
1647798720,+3.12,+28.186, +5.358,+0.952
1647798840,+3.12,+28.186, +5.394,+0.952
1647798960,+3.12,+28.186, +5.445,+0.952
1647799080,+3.12,+28.203, +5.511,+0.953
1647799200,+3.12,+28.195, +5.512,+0.952
1647799320,+3.12,+28.178, +5.556,+0.953
1647799440,+3.12,+28.186, +5.396,+0.952
1647799560,+3.12,+28.195, +5.380,+0.952
1647799680,+3.12,+28.186, +5.463,+0.953
1647799800,+3.12,+28.186, +5.453,+0.952
1647799920,+3.12,+28.195, +5.421,+0.952
1647800040,+3.12,+28.203, +5.517,+0.952
1647800160,+3.12,+28.203, +5.577,+0.952
1647800280,+3.12,+28.212, +5.679,+0.952
1647800400,+3.12,+28.212, +5.739,+0.952
1647800520,+3.12,+28.229, +5.919,+0.952
1647800640,+3.12,+28.229, +5.737,+0.953
1647800760,+3.12,+28.237, +5.801,+0.952
1647800880,+3.12,+28.254, +5.936,+0.952
1647801000,+3.12,+28.263, +6.188,+0.953
1647801120,+3.12,+28.280, +6.436,+0.953
1647801240,+3.12,+28.280, +6.610,+0.953
1647801360,+3.12,+28.323, +6.520,+0.953
1647801480,+3.12,+28.314, +6.754,+0.953
1647801600,+3.12,+28.357, +6.854,+0.953
1647801720,+3.12,+28.365, +7.126,+0.954
1647801840,+3.12,+28.391, +6.932,+0.953
1647801960,+3.12,+28.400, +6.943,+0.953
1647802080,+3.12,+28.459, +6.926,+0.953
1647802200,+3.12,+28.476, +6.410,+0.952
1647802320,+3.12,+28.502, +6.179,+0.953
1647802440,+3.12,+28.459, +6.133,+0.953
1647802560,+3.12,+28.451, +6.203,+0.952
1647802680,+3.12,+28.485, +6.475,+0.953
1647802800,+3.12,+28.536, +6.504,+0.953
1647802920,+3.12,+28.579, +6.904,+0.953
1647803040,+3.12,+28.656, +7.101,+0.953
1647803160,+3.12,+28.724, +7.247,+0.953
1647803280,+3.12,+28.793, +7.528,+0.954
1647803400,+3.12,+28.887, +7.651,+0.954
1647803520,+3.12,+28.921, +8.145,+0.954
1647803640,+3.12,+28.939, +8.344,+0.954
1647803760,+3.12,+28.981, +7.950,+0.953
1647803880,+3.12,+29.024, +7.708,+0.952
1647804000,+3.12,+29.016, +7.032,+0.954
1647804120,+3.12,+29.033, +6.733,+0.954
1647804240,+3.12,+29.033, +6.425,+0.954
1647804360,+3.12,+29.016, +6.423,+0.953
1647804480,+3.12,+29.007, +6.295,+0.954
1647804600,+3.12,+28.999, +6.279,+0.953
1647804720,+3.12,+29.016, +6.296,+0.953
1647804840,+3.12,+28.999, +6.629,+0.953
1647804960,+3.12,+28.999, +6.647,+0.953
1647805080,+3.12,+29.007, +7.014,+0.953
1647805200,+3.12,+28.973, +7.167,+0.953
1647805320,+3.12,+28.973, +7.039,+0.954
1647805440,+3.12,+28.947, +6.900,+0.954
1647805560,+3.12,+28.930, +6.772,+0.953
1647805680,+3.12,+28.913, +7.086,+0.954
1647805800,+3.12,+28.904, +7.278,+0.954
1647805920,+3.12,+28.904, +7.105,+0.953
1647806040,+3.12,+28.896, +7.259,+0.954
1647806160,+3.12,+28.896, +7.399,+0.955
1647806280,+3.12,+28.879, +7.883,+0.954
1647806400,+3.12,+28.879, +7.798,+0.954
1647806520,+3.12,+28.853, +7.739,+0.955
1647806640,+3.12,+28.861, +7.399,+0.953
1647806760,+3.12,+28.853, +7.309,+0.954
1647806880,+3.12,+28.793, +7.019,+0.953
1647807000,+3.12,+28.801, +7.294,+0.954
1647807120,+3.12,+28.784, +7.933,+0.954
1647807240,+3.12,+28.810, +8.343,+0.954
1647807360,+3.12,+28.887, +8.909,+0.954
1647807480,+3.12,+28.887, +8.360,+0.954
1647807600,+3.12,+28.913, +8.335,+0.955
1647807720,+3.12,+28.904, +8.064,+0.955
1647807840,+3.12,+28.913, +8.138,+0.955
1647807960,+3.12,+28.921, +8.039,+0.955
1647808080,+3.12,+28.921, +7.684,+0.954
1647808200,+3.12,+28.939, +7.760,+0.955
1647808320,+3.12,+28.921, +8.030,+0.955
1647808440,+3.12,+28.930, +8.125,+0.955
1647808560,+3.12,+28.930, +8.113,+0.953
1647808680,+3.12,+28.939, +7.870,+0.954
1647808800,+3.12,+28.947, +8.271,+0.954
1647808920,+3.12,+28.947, +7.763,+0.955
1647809040,+3.12,+28.981, +8.041,+0.955
1647809160,+3.12,+28.947, +8.092,+0.954
1647809280,+3.12,+28.930, +7.716,+0.954
1647809400,+3.12,+28.930, +8.066,+0.955
1647809520,+3.12,+28.913, +8.332,+0.954
1647809640,+3.12,+28.939, +8.834,+0.955
1647809760,+3.12,+28.956, +9.279,+0.955
1647809880,+3.12,+28.964, +8.844,+0.955
1647810000,+3.12,+28.921, +8.256,+0.955
1647810120,+3.12,+28.913, +8.201,+0.955
1647810240,+3.12,+28.921, +8.345,+0.956
1647810360,+3.12,+28.913, +8.505,+0.955
1647810480,+3.12,+28.896, +8.352,+0.954
1647810600,+3.12,+28.827, +8.545,+0.955
1647810720,+3.12,+28.836, +8.535,+0.955
1647810840,+3.12,+28.784, +8.077,+0.955
1647810960,+3.12,+28.896, +9.060,+0.955
1647811080,+3.12,+28.861, +8.637,+0.954
1647811200,+3.12,+28.861, +8.088,+0.955
1647811320,+3.12,+28.861, +8.080,+0.954
1647811440,+3.12,+28.879, +8.181,+0.956
1647811560,+3.12,+28.930, +8.514,+0.955
1647811680,+3.12,+28.939, +8.810,+0.955
1647811800,+3.12,+28.947, +8.715,+0.955
1647811920,+3.12,+28.939, +8.411,+0.954
1647812040,+3.12,+28.964, +8.517,+0.955
1647812160,+3.12,+28.956, +8.435,+0.954
1647812280,+3.12,+28.956, +8.658,+0.956
1647812400,+3.12,+28.956, +8.992,+0.955
1647812520,+3.12,+28.973, +9.003,+0.954
1647812640,+3.12,+28.981, +8.814,+0.955
1647812760,+3.12,+28.990, +8.708,+0.955
1647812880,+3.12,+29.007, +8.856,+0.956
1647813000,+3.12,+29.007, +8.933,+0.955
1647813120,+3.12,+28.999, +8.983,+0.954
1647813240,+3.12,+29.024, +8.666,+0.955
1647813360,+3.12,+29.024, +8.283,+0.955
1647813480,+3.12,+29.024, +8.363,+0.956
1647813600,+3.12,+29.007, +8.309,+0.954
1647813720,+3.12,+29.041, +8.628,+0.955
1647813840,+3.12,+29.050, +8.451,+0.955
1647813960,+3.12,+29.050, +8.843,+0.956
1647814080,+3.12,+29.067, +8.778,+0.956
1647814200,+3.12,+29.084, +8.900,+0.955
1647814320,+3.12,+29.067, +8.768,+0.955
1647814440,+3.12,+29.076, +8.513,+0.955
1647814560,+3.12,+29.110, +9.276,+0.956
1647814680,+3.12,+29.144, +9.145,+0.956
1647814800,+3.12,+29.127, +9.192,+0.955
1647814920,+3.12,+29.153, +9.401,+0.956
1647815040,+3.12,+29.187, +9.368,+0.955
1647815160,+3.12,+29.187, +8.970,+0.955
1647815280,+3.12,+29.204, +8.930,+0.955
1647815400,+3.12,+29.256, +9.453,+0.955
1647815520,+3.12,+29.350, +9.922,+0.955
1647815640,+3.12,+29.393, +9.954,+0.956
1647815760,+3.12,+29.471, +9.928,+0.955
1647815880,+3.12,+29.505, +9.746,+0.954
1647816000,+3.12,+29.488, +9.383,+0.955
1647816120,+3.12,+29.488, +9.176,+0.956
1647816240,+3.12,+29.471, +8.983,+0.956
1647816360,+3.12,+29.505, +9.582,+0.956
1647816480,+3.12,+29.522, +9.691,+0.955
1647816600,+3.12,+29.548, +9.291,+0.955
1647816720,+3.11,+29.548, +9.125,+0.955
1647816840,+3.12,+29.539, +9.271,+0.954
1647816960,+3.12,+29.574, +9.688,+0.956
1647817080,+3.11,+29.600, +9.790,+0.956
1647817200,+3.11,+29.625, +9.683,+0.956
1647817320,+3.12,+29.686, +9.786,+0.955
1647817440,+3.11,+29.651, +9.661,+0.955
1647817560,+3.11,+29.669, +9.788,+0.956
1647817680,+3.11,+29.660, +9.732,+0.957
1647817800,+3.12,+29.720, +9.933,+0.955
1647817920,+3.12,+29.703, +9.154,+0.955
1647818040,+3.12,+29.694, +9.102,+0.956
1647818160,+3.11,+29.686, +9.263,+0.955
1647818280,+3.12,+29.737, +9.714,+0.956
1647818400,+3.12,+29.780, +9.972,+0.955
1647818520,+3.12,+29.815, +9.921,+0.955
1647818640,+3.12,+29.780, +9.298,+0.956
1647818760,+3.12,+29.780, +8.960,+0.955
1647818880,+3.12,+29.780, +9.259,+0.956
1647819000,+3.12,+29.772, +9.493,+0.955
1647819120,+3.12,+29.755, +9.165,+0.956
1647819240,+3.12,+29.737, +9.381,+0.955
1647819360,+3.12,+29.737, +9.212,+0.956
1647819480,+3.12,+29.746, +9.729,+0.956
1647819600,+3.12,+29.789,+10.014,+0.955
1647819720,+3.12,+29.746, +9.642,+0.955
1647819840,+3.12,+29.755, +9.801,+0.955
1647819960,+3.12,+29.772, +9.685,+0.956
1647820080,+3.12,+29.772, +9.526,+0.956
1647820200,+3.12,+29.772, +9.484,+0.956
1647820320,+3.12,+29.780, +9.790,+0.956
1647820440,+3.12,+29.789, +9.866,+0.955
1647820560,+3.12,+29.780, +9.617,+0.956
1647820680,+3.12,+29.815, +9.709,+0.955
1647820800,+3.12,+29.815, +9.787,+0.955
1647820920,+3.12,+29.858,+10.020,+0.956
1647821040,+3.12,+29.892, +9.856,+0.956
1647821160,+3.12,+29.901, +9.610,+0.956
1647821280,+3.12,+29.884, +9.099,+0.956
1647821400,+3.12,+29.892, +9.130,+0.955
1647821520,+3.12,+29.884, +9.213,+0.956
1647821640,+3.12,+29.858, +9.198,+0.956
1647821760,+3.12,+29.927,+10.027,+0.956
1647821880,+3.12,+29.936,+10.463,+0.956
1647822000,+3.12,+29.996,+10.039,+0.954
1647822120,+3.12,+30.039,+10.415,+0.955
1647822240,+3.12,+30.013, +9.698,+0.956
1647822360,+3.12,+30.030, +9.705,+0.956
1647822480,+3.12,+30.082,+10.237,+0.954
1647822600,+3.12,+30.091,+10.051,+0.956
1647822720,+3.12,+30.108, +9.756,+0.955
1647822840,+3.12,+30.194,+10.038,+0.955
1647822960,+3.12,+30.272,+10.237,+0.955
1647823080,+3.12,+30.238, +9.986,+0.956
1647823200,+3.12,+30.186, +9.591,+0.956
1647823320,+3.12,+30.194, +9.380,+0.956
1647823440,+3.12,+30.203, +9.402,+0.956
1647823560,+3.12,+30.229, +9.623,+0.956
1647823680,+3.12,+30.238,+10.199,+0.957
1647823800,+3.12,+30.220,+10.344,+0.956
1647823920,+3.12,+30.186, +9.962,+0.955
1647824040,+3.12,+30.143, +9.798,+0.957
1647824160,+3.12,+30.134, +9.925,+0.956
1647824280,+3.12,+30.099, +9.935,+0.956
1647824400,+3.12,+30.099,+10.101,+0.956
1647824520,+3.12,+30.065, +9.727,+0.955
1647824640,+3.12,+30.039, +9.738,+0.955
1647824760,+3.12,+30.039, +9.780,+0.957
1647824880,+3.12,+30.005, +9.796,+0.956
1647825000,+3.12,+30.005, +9.848,+0.956
1647825120,+3.12,+30.022, +9.851,+0.957
1647825240,+3.12,+30.048, +9.921,+0.957
1647825360,+3.12,+30.074,+10.059,+0.956
1647825480,+3.12,+30.091, +9.990,+0.957
1647825600,+3.12,+30.099,+10.017,+0.956
1647825720,+3.12,+30.108, +9.916,+0.956
1647825840,+3.12,+30.099, +9.806,+0.956
1647825960,+3.12,+30.108, +9.805,+0.956
1647826080,+3.12,+30.108,+10.251,+0.956
1647826200,+3.12,+30.203,+10.575,+0.956
1647826320,+3.12,+30.212,+10.752,+0.957
1647826440,+3.12,+30.134,+10.528,+0.957
1647826560,+3.12,+30.082,+10.513,+0.957
1647826680,+3.12,+30.134,+10.731,+0.956
1647826800,+3.12,+30.169,+10.976,+0.955
1647826920,+3.12,+30.143,+10.536,+0.956
1647827040,+3.12,+30.220,+10.767,+0.958
1647827160,+3.12,+30.272,+11.071,+0.957
1647827280,+3.12,+30.281,+10.958,+0.957
1647827400,+3.12,+30.350,+11.036,+0.956
1647827520,+3.12,+30.367,+10.836,+0.955
1647827640,+3.12,+30.385,+11.099,+0.955
1647827760,+3.12,+30.393,+10.993,+0.956
1647827880,+3.12,+30.411,+10.851,+0.954
1647828000,+3.11,+30.471,+11.158,+0.957
1647828120,+3.11,+30.462,+11.049,+0.956
1647828240,+3.11,+30.454,+10.992,+0.957
1647828360,+3.11,+30.462,+10.967,+0.956
1647828480,+3.11,+30.462,+11.071,+0.956
1647828600,+3.11,+30.497,+11.032,+0.956
1647828720,+3.11,+30.488,+11.365,+0.956
1647828840,+3.11,+30.506,+11.245,+0.955
1647828960,+3.11,+30.514,+11.200,+0.957
1647829080,+3.11,+30.575,+11.473,+0.957
1647829200,+3.11,+30.523,+11.651,+0.956
1647829320,+3.11,+30.514,+11.660,+0.956
1647829440,+3.11,+30.497,+11.522,+0.955
1647829560,+3.11,+30.532,+11.172,+0.957
1647829680,+3.11,+30.566,+11.563,+0.957
1647829800,+3.11,+30.558,+11.387,+0.958
1647829920,+3.11,+30.523,+11.294,+0.955
1647830040,+3.11,+30.540,+11.280,+0.957
1647830160,+3.11,+30.540,+11.119,+0.956
1647830280,+3.11,+30.514,+11.289,+0.958
1647830400,+3.11,+30.488,+11.251,+0.956
1647830520,+3.11,+30.540,+11.267,+0.958
1647830640,+3.11,+30.480,+11.574,+0.957
1647830760,+3.11,+30.480,+11.566,+0.956
1647830880,+3.11,+30.471,+11.395,+0.957
1647831000,+3.11,+30.471,+11.481,+0.958
1647831120,+3.11,+30.480,+11.563,+0.957
1647831240,+3.11,+30.480,+11.764,+0.958
1647831360,+3.11,+30.462,+11.683,+0.957
1647831480,+3.11,+30.480,+11.558,+0.957
1647831600,+3.11,+30.471,+11.288,+0.957
1647831720,+3.11,+30.462,+11.382,+0.957
1647831840,+3.11,+30.454,+11.402,+0.958
1647831960,+3.11,+30.428,+11.403,+0.957
1647832080,+3.11,+30.419,+11.567,+0.956
1647832200,+3.11,+30.376,+11.360,+0.957
1647832320,+3.11,+30.385,+11.234,+0.959
1647832440,+3.11,+30.393,+11.137,+0.957
1647832560,+3.11,+30.402,+11.102,+0.957
1647832680,+3.11,+30.359,+11.047,+0.958
1647832800,+3.12,+30.315,+11.053,+0.958
1647832920,+3.12,+30.324,+11.014,+0.958
1647833040,+3.12,+30.289,+10.798,+0.957
1647833160,+3.12,+30.264,+10.660,+0.956
1647833280,+3.12,+30.238,+10.567,+0.957
1647833400,+3.12,+30.246,+10.611,+0.957
1647833520,+3.12,+30.238,+10.614,+0.957
1647833640,+3.12,+30.203,+10.418,+0.956
1647833760,+3.12,+30.194,+10.393,+0.955
1647833880,+3.12,+30.194,+10.235,+0.956
1647834000,+3.12,+30.186,+10.166,+0.957
1647834120,+3.12,+30.177,+10.054,+0.956
1647834240,+3.12,+30.169,+10.020,+0.957
1647834360,+3.12,+30.160, +9.862,+0.956
1647834480,+3.12,+30.151, +9.854,+0.957
1647834600,+3.12,+30.125, +9.859,+0.957
1647834720,+3.12,+30.108, +9.865,+0.957
1647834840,+3.12,+30.099, +9.822,+0.956
1647834960,+3.12,+30.091, +9.748,+0.955
1647835080,+3.12,+30.056, +9.739,+0.956
