7450-646496
OS REV: 1.05 Sensor Cal: 1573749572
Time (sec),  BV (Volts),  T (deg C),  DO (mg/l),  Q ()
1658025720,+2.92,+28.297, +7.537,+0.930
1658025840,+2.92,+28.280, +7.541,+0.931
1658025960,+2.92,+28.271, +7.548,+0.931
1658026080,+2.92,+28.263, +7.537,+0.930
1658026200,+2.92,+28.220, +7.545,+0.930
1658026320,+2.92,+28.212, +7.542,+0.930
1658026440,+2.92,+28.186, +7.564,+0.931
1658026560,+2.92,+28.169, +7.544,+0.930
1658026680,+2.92,+28.178, +7.546,+0.930
1658026800,+2.92,+28.143, +7.560,+0.931
1658026920,+2.92,+28.126, +7.572,+0.931
1658027040,+2.92,+28.109, +7.566,+0.930
1658027160,+2.92,+28.101, +7.559,+0.930
1658027280,+2.92,+28.075, +7.556,+0.930
1658027400,+2.92,+28.058, +7.572,+0.930
1658027520,+2.92,+28.024, +7.562,+0.929
1658027640,+2.92,+28.007, +7.591,+0.932
1658027760,+2.92,+28.007, +7.577,+0.930
1658027880,+2.92,+27.981, +7.584,+0.931
1658028000,+2.92,+27.947, +7.584,+0.930
1658028120,+2.92,+27.947, +7.594,+0.931
1658028240,+2.92,+27.913, +7.568,+0.929
1658028360,+2.92,+27.896, +7.597,+0.931
1658028480,+2.92,+27.862, +7.587,+0.930
1658028600,+2.92,+27.837, +7.591,+0.929
1658028720,+2.92,+27.820, +7.609,+0.931
1658028840,+2.92,+27.794, +7.608,+0.931
1658028960,+2.92,+27.777, +7.605,+0.930
1658029080,+2.92,+27.777, +7.606,+0.930
1658029200,+2.92,+27.743, +7.605,+0.930
1658029320,+2.92,+27.700, +7.618,+0.930
1658029440,+2.92,+27.675, +7.616,+0.929
1658029560,+2.92,+27.658, +7.634,+0.931
1658029680,+2.92,+27.632, +7.618,+0.929
1658029800,+2.92,+27.607, +7.619,+0.929
1658029920,+2.92,+27.581, +7.620,+0.929
1658030040,+2.92,+27.539, +7.667,+0.932
1658030160,+2.92,+27.539, +7.646,+0.930
1658030280,+2.92,+27.496, +7.644,+0.930
1658030400,+2.92,+27.462, +7.653,+0.930
1658030520,+2.92,+27.428, +7.652,+0.930
1658030640,+2.92,+27.403, +7.659,+0.930
1658030760,+2.92,+27.369, +7.644,+0.929
1658030880,+2.92,+27.335, +7.669,+0.930
1658031000,+2.92,+27.326, +7.663,+0.930
1658031120,+2.92,+27.267, +7.680,+0.930
1658031240,+2.92,+27.259, +7.686,+0.931
1658031360,+2.92,+27.250, +7.684,+0.931
1658031480,+2.92,+27.208, +7.677,+0.930
1658031600,+2.92,+27.157, +7.691,+0.930
1658031720,+2.92,+27.131, +7.682,+0.929
1658031840,+2.92,+27.106, +7.689,+0.929
1658031960,+2.92,+27.080, +7.703,+0.930
1658032080,+2.92,+27.029, +7.706,+0.930
1658032200,+2.92,+27.004, +7.701,+0.929
1658032320,+2.92,+26.979, +7.716,+0.930
1658032440,+2.92,+26.928, +7.728,+0.930
1658032560,+2.92,+26.894, +7.728,+0.930
1658032680,+2.92,+26.835, +7.755,+0.931
1658032800,+2.92,+26.826, +7.728,+0.929
1658032920,+2.92,+26.792, +7.743,+0.930
1658033040,+2.92,+26.767, +7.737,+0.929
1658033160,+2.92,+26.716, +7.764,+0.930
1658033280,+2.92,+26.691, +7.746,+0.929
1658033400,+2.92,+26.665, +7.752,+0.929
1658033520,+2.92,+26.597, +7.770,+0.929
1658033640,+2.92,+26.581, +7.776,+0.930
1658033760,+2.92,+26.538, +7.770,+0.929
1658033880,+2.92,+26.513, +7.782,+0.930
1658034000,+2.92,+26.471, +7.780,+0.929
1658034120,+2.92,+26.428, +7.794,+0.929
1658034240,+2.92,+26.420, +7.787,+0.929
1658034360,+2.92,+26.369, +7.794,+0.929
1658034480,+2.92,+26.335, +7.798,+0.929
1658034600,+2.92,+26.301, +7.809,+0.930
1658034720,+2.92,+26.259, +7.805,+0.928
1658034840,+2.92,+26.209, +7.823,+0.929
1658034960,+2.92,+26.183, +7.829,+0.930
1658035080,+2.92,+26.141, +7.826,+0.929
1658035200,+2.92,+26.133, +7.824,+0.929
1658035320,+2.92,+26.073, +7.837,+0.929
1658035440,+2.92,+26.048, +7.835,+0.928
1658035560,+2.92,+26.014, +7.844,+0.929
1658035680,+2.92,+25.972, +7.850,+0.928
1658035800,+2.92,+25.938, +7.859,+0.929
1658035920,+2.92,+25.913, +7.857,+0.929
1658036040,+2.92,+25.871, +7.869,+0.929
1658036160,+2.92,+25.846, +7.869,+0.929
1658036280,+2.92,+25.812, +7.869,+0.928
1658036400,+2.92,+25.778, +7.876,+0.928
1658036520,+2.92,+25.770, +7.879,+0.929
1658036640,+2.92,+25.719, +7.897,+0.929
1658036760,+2.92,+25.694, +7.887,+0.928
1658036880,+2.92,+25.660, +7.886,+0.928
1658037000,+2.92,+25.626, +7.899,+0.928
1658037120,+2.92,+25.618, +7.906,+0.929
1658037240,+2.92,+25.576, +7.902,+0.928
1658037360,+2.92,+25.534, +7.924,+0.929
1658037480,+2.92,+25.508, +7.915,+0.928
1658037600,+2.93,+25.500, +7.912,+0.928
1658037720,+2.92,+25.466, +7.931,+0.929
1658037840,+2.92,+25.433, +7.936,+0.929
1658037960,+2.92,+25.407, +7.934,+0.928
1658038080,+2.92,+25.365, +7.932,+0.928
1658038200,+2.92,+25.357, +7.944,+0.929
1658038320,+2.92,+25.315, +7.944,+0.928
1658038440,+2.92,+25.323, +7.938,+0.928
1658038560,+2.92,+25.281, +7.954,+0.929
1658038680,+2.92,+25.239, +7.951,+0.928
1658038800,+2.92,+25.231, +7.950,+0.927
1658038920,+2.92,+25.197, +7.968,+0.929
1658039040,+2.92,+25.180, +7.967,+0.928
1658039160,+2.92,+25.163, +7.968,+0.928
1658039280,+2.92,+25.138, +7.970,+0.928
1658039400,+2.92,+25.113, +7.975,+0.928
1658039520,+2.92,+25.088, +7.975,+0.927
1658039640,+2.92,+25.071, +7.979,+0.928
1658039760,+2.92,+25.037, +7.980,+0.928
1658039880,+2.92,+25.012, +7.999,+0.929
1658040000,+2.92,+24.995, +7.994,+0.928
1658040120,+2.92,+24.970, +7.995,+0.928
1658040240,+2.92,+24.953, +7.988,+0.927
1658040360,+2.92,+24.928, +7.992,+0.927
1658040480,+2.92,+24.903, +8.005,+0.928
1658040600,+2.92,+24.903, +8.013,+0.928
1658040720,+2.92,+24.877, +8.007,+0.928
1658040840,+2.92,+24.852, +8.025,+0.929
1658040960,+2.92,+24.827, +8.008,+0.927
1658041080,+2.92,+24.810, +8.021,+0.928
1658041200,+2.92,+24.810, +8.018,+0.928
1658041320,+2.92,+24.785, +8.014,+0.927
1658041440,+2.92,+24.768, +8.018,+0.927
1658041560,+2.92,+24.751, +8.029,+0.928
1658041680,+2.92,+24.726, +8.024,+0.928
1658041800,+2.92,+24.718, +8.026,+0.927
1658041920,+2.93,+24.693, +8.041,+0.928
1658042040,+2.93,+24.659, +8.046,+0.928
1658042160,+2.93,+24.676, +8.029,+0.928
1658042280,+2.93,+24.642, +8.039,+0.928
1658042400,+2.93,+24.634, +8.040,+0.928
1658042520,+2.93,+24.592, +8.057,+0.928
1658042640,+2.93,+24.575, +8.052,+0.928
1658042760,+2.93,+24.567, +8.053,+0.928
1658042880,+2.93,+24.567, +8.057,+0.928
1658043000,+2.93,+24.558, +8.056,+0.928
1658043120,+2.93,+24.533, +8.057,+0.928
1658043240,+2.93,+24.516, +8.057,+0.927
1658043360,+2.93,+24.499, +8.059,+0.927
1658043480,+2.93,+24.483, +8.082,+0.929
1658043600,+2.93,+24.458, +8.071,+0.927
1658043720,+2.93,+24.449, +8.065,+0.927
1658043840,+2.93,+24.424, +8.071,+0.927
1658043960,+2.93,+24.424, +8.069,+0.927
1658044080,+2.93,+24.416, +8.066,+0.927
1658044200,+2.93,+24.390, +8.069,+0.927
1658044320,+2.93,+24.374, +8.076,+0.927
1658044440,+2.93,+24.340, +8.104,+0.928
1658044560,+2.93,+24.340, +8.100,+0.928
1658044680,+2.93,+24.340, +8.091,+0.928
1658044800,+2.92,+24.306, +8.095,+0.928
1658044920,+2.92,+24.290, +8.095,+0.927
1658045040,+2.92,+24.290, +8.089,+0.927
1658045160,+2.92,+24.265, +8.099,+0.927
1658045280,+2.92,+24.265, +8.095,+0.927
1658045400,+2.92,+24.231, +8.098,+0.927
1658045520,+2.92,+24.231, +8.107,+0.928
1658045640,+2.92,+24.206, +8.099,+0.927
1658045760,+2.92,+24.189, +8.110,+0.927
1658045880,+2.92,+24.172, +8.101,+0.927
1658046000,+2.92,+24.147, +8.128,+0.928
1658046120,+2.92,+24.147, +8.117,+0.927
1658046240,+2.92,+24.139, +8.111,+0.927
1658046360,+2.92,+24.105, +8.124,+0.928
1658046480,+2.92,+24.097, +8.130,+0.928
1658046600,+2.92,+24.080, +8.113,+0.927
1658046720,+2.92,+24.072, +8.123,+0.927
1658046840,+2.92,+24.063, +8.121,+0.927
1658046960,+2.92,+24.046, +8.116,+0.926
1658047080,+2.92,+24.038, +8.137,+0.928
1658047200,+2.92,+24.030, +8.125,+0.927
1658047320,+2.92,+24.030, +8.131,+0.927
1658047440,+2.92,+24.005, +8.132,+0.927
1658047560,+2.92,+23.996, +8.135,+0.927
1658047680,+2.92,+23.988, +8.137,+0.927
1658047800,+2.92,+23.963, +8.138,+0.927
1658047920,+2.92,+23.963, +8.135,+0.927
1658048040,+2.92,+23.954, +8.137,+0.927
1658048160,+2.92,+23.946, +8.137,+0.927
1658048280,+2.92,+23.938, +8.140,+0.926
1658048400,+2.92,+23.938, +8.135,+0.927
1658048520,+2.92,+23.912, +8.144,+0.927
1658048640,+2.92,+23.904, +8.143,+0.927
1658048760,+2.92,+23.896, +8.151,+0.927
1658048880,+2.92,+23.896, +8.147,+0.927
1658049000,+2.92,+23.887, +8.143,+0.926
1658049120,+2.92,+23.879, +8.147,+0.927
1658049240,+2.92,+23.879, +8.149,+0.927
1658049360,+2.92,+23.870, +8.150,+0.927
1658049480,+2.92,+23.862, +8.153,+0.927
1658049600,+2.92,+23.845, +8.153,+0.927
1658049720,+2.92,+23.829, +8.159,+0.927
1658049840,+2.92,+23.829, +8.157,+0.927
1658049960,+2.92,+23.837, +8.146,+0.926
1658050080,+2.92,+23.829, +8.146,+0.926
1658050200,+2.92,+23.812, +8.160,+0.927
1658050320,+2.92,+23.803, +8.159,+0.927
1658050440,+2.92,+23.795, +8.160,+0.927
1658050560,+2.92,+23.803, +8.159,+0.927
1658050680,+2.92,+23.778, +8.157,+0.926
1658050800,+2.92,+23.762, +8.158,+0.927
1658050920,+2.92,+23.770, +8.158,+0.927
1658051040,+2.92,+23.762, +8.160,+0.926
1658051160,+2.92,+23.770, +8.153,+0.926
1658051280,+2.93,+23.745, +8.154,+0.926
1658051400,+2.93,+23.753, +8.162,+0.927
1658051520,+2.93,+23.736, +8.154,+0.926
1658051640,+2.93,+23.745, +8.164,+0.927
1658051760,+2.93,+23.736, +8.157,+0.926
1658051880,+2.92,+23.728, +8.168,+0.926
1658052000,+2.93,+23.711, +8.188,+0.928
1658052120,+2.93,+23.711, +8.166,+0.926
1658052240,+2.93,+23.703, +8.161,+0.926
1658052360,+2.93,+23.695, +8.175,+0.927
1658052480,+2.93,+23.695, +8.177,+0.927
1658052600,+2.93,+23.678, +8.178,+0.927
1658052720,+2.93,+23.669, +8.175,+0.926
1658052840,+2.93,+23.669, +8.185,+0.927
1658052960,+2.93,+23.653, +8.163,+0.926
1658053080,+2.93,+23.661, +8.191,+0.927
1658053200,+2.93,+23.636, +8.181,+0.926
1658053320,+2.93,+23.644, +8.184,+0.927
1658053440,+2.93,+23.644, +8.165,+0.926
1658053560,+2.93,+23.611, +8.183,+0.926
1658053680,+2.93,+23.619, +8.181,+0.927
1658053800,+2.93,+23.602, +8.179,+0.926
1658053920,+2.93,+23.619, +8.179,+0.926
1658054040,+2.93,+23.602, +8.175,+0.926
1658054160,+2.93,+23.611, +8.188,+0.927
1658054280,+2.93,+23.586, +8.188,+0.926
1658054400,+2.93,+23.586, +8.184,+0.926
1658054520,+2.93,+23.586, +8.188,+0.926
1658054640,+2.93,+23.577, +8.196,+0.927
1658054760,+2.93,+23.561, +8.187,+0.926
1658054880,+2.93,+23.561, +8.189,+0.927
1658055000,+2.93,+23.552, +8.186,+0.926
1658055120,+2.93,+23.569, +8.192,+0.927
1658055240,+2.93,+23.544, +8.201,+0.927
1658055360,+2.93,+23.527, +8.193,+0.926
1658055480,+2.93,+23.569, +8.179,+0.926
1658055600,+2.93,+23.552, +8.189,+0.926
1658055720,+2.93,+23.544, +8.187,+0.926
1658055840,+2.93,+23.535, +8.195,+0.926
1658055960,+2.93,+23.535, +8.182,+0.926
1658056080,+2.93,+23.510, +8.184,+0.925
1658056200,+2.93,+23.527, +8.197,+0.926
1658056320,+2.93,+23.519, +8.201,+0.927
1658056440,+2.93,+23.519, +8.192,+0.926
1658056560,+2.93,+23.527, +8.191,+0.926
1658056680,+2.93,+23.519, +8.206,+0.927
1658056800,+2.93,+23.527, +8.194,+0.927
1658056920,+2.93,+23.502, +8.194,+0.926
1658057040,+2.93,+23.510, +8.194,+0.926
1658057160,+2.93,+23.494, +8.196,+0.926
1658057280,+2.93,+23.510, +8.185,+0.926
1658057400,+2.93,+23.494, +8.202,+0.926
1658057520,+2.93,+23.510, +8.192,+0.927
1658057640,+2.93,+23.485, +8.203,+0.927
1658057760,+2.93,+23.485, +8.207,+0.927
1658057880,+2.93,+23.502, +8.189,+0.926
1658058000,+2.93,+23.477, +8.200,+0.926
1658058120,+2.93,+23.494, +8.199,+0.927
1658058240,+2.93,+23.460, +8.205,+0.927
1658058360,+2.93,+23.468, +8.195,+0.926
1658058480,+2.93,+23.468, +8.202,+0.926
1658058600,+2.93,+23.452, +8.203,+0.926
1658058720,+2.93,+23.460, +8.188,+0.926
1658058840,+2.93,+23.460, +8.198,+0.926
1658058960,+2.93,+23.435, +8.204,+0.926
1658059080,+2.93,+23.435, +8.190,+0.926
1658059200,+2.93,+23.443, +8.208,+0.927
1658059320,+2.93,+23.410, +8.219,+0.927
1658059440,+2.93,+23.418, +8.205,+0.926
1658059560,+2.93,+23.427, +8.212,+0.927
1658059680,+2.93,+23.427, +8.200,+0.926
1658059800,+2.93,+23.410, +8.218,+0.927
1658059920,+2.93,+23.410, +8.194,+0.925
1658060040,+2.93,+23.418, +8.197,+0.925
1658060160,+2.93,+23.410, +8.195,+0.925
1658060280,+2.93,+23.393, +8.226,+0.927
1658060400,+2.93,+23.401, +8.198,+0.925
1658060520,+2.93,+23.385, +8.191,+0.925
1658060640,+2.93,+23.385, +8.208,+0.926
1658060760,+2.93,+23.385, +8.210,+0.926
1658060880,+2.93,+23.376, +8.204,+0.926
1658061000,+2.93,+23.368, +8.202,+0.925
1658061120,+2.93,+23.376, +8.220,+0.927
1658061240,+2.93,+23.360, +8.218,+0.926
1658061360,+2.93,+23.368, +8.202,+0.926
1658061480,+2.93,+23.351, +8.218,+0.926
1658061600,+2.93,+23.334, +8.226,+0.926
1658061720,+2.93,+23.334, +8.216,+0.926
1658061840,+2.93,+23.326, +8.227,+0.926
1658061960,+2.93,+23.318, +8.214,+0.926
1658062080,+2.93,+23.309, +8.217,+0.926
1658062200,+2.93,+23.309, +8.212,+0.925
1658062320,+2.93,+23.309, +8.221,+0.926
1658062440,+2.93,+23.301, +8.217,+0.926
1658062560,+2.93,+23.293, +8.210,+0.925
1658062680,+2.93,+23.293, +8.214,+0.926
1658062800,+2.93,+23.276, +8.223,+0.926
1658062920,+2.93,+23.276, +8.223,+0.926
1658063040,+2.93,+23.259, +8.229,+0.926
1658063160,+2.93,+23.251, +8.230,+0.926
1658063280,+2.93,+23.242, +8.210,+0.925
1658063400,+2.93,+23.251, +8.228,+0.926
1658063520,+2.93,+23.242, +8.224,+0.926
1658063640,+2.93,+23.217, +8.227,+0.926
1658063760,+2.93,+23.209, +8.233,+0.926
1658063880,+2.92,+23.217, +8.225,+0.926
1658064000,+2.92,+23.175, +8.233,+0.926
1658064120,+2.92,+23.184, +8.235,+0.926
1658064240,+2.92,+23.159, +8.234,+0.926
1658064360,+2.92,+23.159, +8.235,+0.925
1658064480,+2.92,+23.150, +8.242,+0.926
1658064600,+2.92,+23.125, +8.249,+0.926
1658064720,+2.92,+23.134, +8.232,+0.925
1658064840,+2.92,+23.108, +8.253,+0.926
1658064960,+2.92,+23.108, +8.254,+0.927
1658065080,+2.92,+23.083, +8.253,+0.926
1658065200,+2.92,+23.092, +8.237,+0.925
1658065320,+2.92,+23.067, +8.249,+0.925
1658065440,+2.92,+23.058, +8.253,+0.926
1658065560,+2.92,+23.042, +8.267,+0.926
1658065680,+2.92,+23.033, +8.257,+0.926
1658065800,+2.92,+23.025, +8.261,+0.926
1658065920,+2.92,+23.008, +8.260,+0.926
1658066040,+2.92,+23.016, +8.252,+0.925
1658066160,+2.92,+22.975, +8.271,+0.926
1658066280,+2.92,+22.966, +8.267,+0.926
1658066400,+2.92,+22.966, +8.266,+0.926
1658066520,+2.92,+22.950, +8.257,+0.925
1658066640,+2.92,+22.933, +8.277,+0.926
1658066760,+2.92,+22.933, +8.279,+0.926
1658066880,+2.92,+22.924, +8.267,+0.925
1658067000,+2.92,+22.899, +8.285,+0.926
1658067120,+2.92,+22.899, +8.260,+0.924
1658067240,+2.92,+22.891, +8.279,+0.926
1658067360,+2.92,+22.883, +8.261,+0.924
1658067480,+2.92,+22.858, +8.296,+0.926
1658067600,+2.92,+22.866, +8.277,+0.925
1658067720,+2.92,+22.858, +8.289,+0.926
1658067840,+2.93,+22.824, +8.291,+0.925
1658067960,+2.93,+22.832, +8.278,+0.925
1658068080,+2.93,+22.816, +8.294,+0.926
1658068200,+2.92,+22.816, +8.288,+0.926
1658068320,+2.93,+22.799, +8.285,+0.925
1658068440,+2.93,+22.791, +8.287,+0.925
1658068560,+2.93,+22.774, +8.280,+0.925
1658068680,+2.93,+22.766, +8.287,+0.925
1658068800,+2.93,+22.766, +8.296,+0.925
1658068920,+2.93,+22.766, +8.302,+0.926
1658069040,+2.93,+22.757, +8.306,+0.926
1658069160,+2.93,+22.732, +8.307,+0.926
1658069280,+2.93,+22.724, +8.302,+0.925
1658069400,+2.93,+22.707, +8.300,+0.925
1658069520,+2.93,+22.707, +8.314,+0.926
1658069640,+2.93,+22.707, +8.296,+0.925
1658069760,+2.93,+22.699, +8.305,+0.925
1658069880,+2.93,+22.674, +8.308,+0.925
1658070000,+2.93,+22.674, +8.324,+0.926
1658070120,+2.93,+22.674, +8.315,+0.926
1658070240,+2.93,+22.657, +8.312,+0.925
1658070360,+2.93,+22.640, +8.308,+0.925
1658070480,+2.93,+22.632, +8.325,+0.926
1658070600,+2.93,+22.632, +8.323,+0.926
1658070720,+2.93,+22.640, +8.311,+0.925
1658070840,+2.93,+22.623, +8.312,+0.925
1658070960,+2.93,+22.615, +8.323,+0.925
1658071080,+2.93,+22.598, +8.324,+0.925
1658071200,+2.93,+22.590, +8.320,+0.925
1658071320,+2.93,+22.582, +8.322,+0.925
1658071440,+2.93,+22.565, +8.319,+0.925
1658071560,+2.93,+22.573, +8.320,+0.925
1658071680,+2.93,+22.573, +8.312,+0.924
1658071800,+2.93,+22.556, +8.336,+0.926
1658071920,+2.93,+22.548, +8.326,+0.925
1658072040,+2.93,+22.548, +8.331,+0.925
1658072160,+2.93,+22.531, +8.339,+0.925
1658072280,+2.93,+22.531, +8.332,+0.925
1658072400,+2.93,+22.540, +8.331,+0.925
1658072520,+2.93,+22.548, +8.326,+0.925
1658072640,+2.93,+22.523, +8.343,+0.925
1658072760,+2.93,+22.523, +8.341,+0.925
1658072880,+2.93,+22.523, +8.337,+0.925
1658073000,+2.93,+22.515, +8.344,+0.926
1658073120,+2.93,+22.515, +8.341,+0.925
1658073240,+2.93,+22.515, +8.327,+0.925
1658073360,+2.93,+22.515, +8.325,+0.925
1658073480,+2.93,+22.506, +8.334,+0.925
1658073600,+2.93,+22.498, +8.351,+0.926
1658073720,+2.93,+22.506, +8.345,+0.925
1658073840,+2.93,+22.490, +8.344,+0.925
1658073960,+2.93,+22.498, +8.342,+0.925
1658074080,+2.93,+22.515, +8.337,+0.925
1658074200,+2.93,+22.498, +8.333,+0.924
1658074320,+2.93,+22.498, +8.336,+0.925
1658074440,+2.93,+22.490, +8.351,+0.926
1658074560,+2.93,+22.481, +8.339,+0.925
1658074680,+2.93,+22.481, +8.350,+0.925
1658074800,+2.93,+22.481, +8.340,+0.925
1658074920,+2.93,+22.490, +8.339,+0.924
1658075040,+2.93,+22.515, +8.345,+0.926
1658075160,+2.93,+22.498, +8.343,+0.925
1658075280,+2.93,+22.498, +8.349,+0.926
1658075400,+2.93,+22.506, +8.337,+0.925
1658075520,+2.93,+22.515, +8.345,+0.925
1658075640,+2.93,+22.531, +8.336,+0.925
1658075760,+2.93,+22.531, +8.335,+0.925
1658075880,+2.93,+22.515, +8.350,+0.926
1658076000,+2.93,+22.556, +8.336,+0.925
1658076120,+2.93,+22.556, +8.321,+0.924
1658076240,+2.93,+22.531, +8.330,+0.925
1658076360,+2.93,+22.565, +8.331,+0.925
1658076480,+2.93,+22.565, +8.322,+0.925
1658076600,+2.93,+22.598, +8.301,+0.924
1658076720,+2.93,+22.607, +8.315,+0.925
1658076840,+2.93,+22.598, +8.317,+0.925
1658076960,+2.93,+22.615, +8.324,+0.925
1658077080,+2.93,+22.640, +8.305,+0.925
1658077200,+2.93,+22.657, +8.311,+0.925
1658077320,+2.93,+22.682, +8.308,+0.925
1658077440,+2.93,+22.707, +8.308,+0.925
1658077560,+2.93,+22.749, +8.292,+0.925
1658077680,+2.93,+22.774, +8.296,+0.925
1658077800,+2.93,+22.799, +8.305,+0.926
1658077920,+2.92,+22.874, +8.290,+0.925
1658078040,+2.92,+22.883, +8.285,+0.926
1658078160,+2.92,+22.941, +8.272,+0.925
1658078280,+2.92,+22.975, +8.277,+0.926
1658078400,+2.92,+23.016, +8.258,+0.925
1658078520,+2.92,+23.042, +8.256,+0.925
1658078640,+2.92,+23.067, +8.252,+0.925
1658078760,+2.92,+22.841, +8.360,+0.925
1658078880,+2.93,+23.510, +7.323,+0.927
1658079000,+2.92,+23.854, +7.856,+0.927
1658079120,+2.92,+23.971, +7.756,+0.927
1658079240,+2.92,+24.273, +6.452,+0.927
1658079360,+2.93,+24.449, +6.382,+0.927
1658079480,+2.93,+24.525, +6.329,+0.926
1658079600,+2.93,+24.533, +6.389,+0.926
1658079720,+2.93,+24.567, +6.395,+0.926
1658079840,+2.93,+24.558, +6.443,+0.927
1658079960,+2.93,+24.583, +6.404,+0.926
1658080080,+2.93,+24.575, +6.423,+0.926
1658080200,+2.92,+24.600, +6.449,+0.927
1658080320,+2.93,+24.592, +6.460,+0.926
1658080440,+2.93,+24.609, +6.493,+0.927
1658080560,+2.93,+24.600, +6.436,+0.926
1658080680,+2.93,+24.592, +6.480,+0.927
1658080800,+2.92,+24.617, +6.434,+0.927
1658080920,+2.93,+24.609, +6.301,+0.926
1658081040,+2.92,+24.600, +6.367,+0.926
1658081160,+2.93,+24.600, +6.307,+0.926
1658081280,+2.93,+24.600, +6.452,+0.926
1658081400,+2.93,+24.625, +6.390,+0.927
1658081520,+2.93,+24.617, +6.493,+0.926
1658081640,+2.93,+24.609, +6.499,+0.927
1658081760,+2.93,+24.634, +6.478,+0.927
1658081880,+2.93,+24.642, +6.469,+0.927
1658082000,+2.93,+24.600, +6.549,+0.927
1658082120,+2.93,+24.600, +6.577,+0.927
1658082240,+2.93,+24.600, +6.568,+0.926
1658082360,+2.93,+24.592, +6.592,+0.927
1658082480,+2.93,+24.583, +6.601,+0.927
1658082600,+2.92,+24.609, +6.598,+0.926
1658082720,+2.92,+24.617, +6.538,+0.927
1658082840,+2.92,+24.651, +6.643,+0.927
1658082960,+2.92,+24.651, +6.620,+0.926
1658083080,+2.92,+24.659, +6.645,+0.927
1658083200,+2.92,+24.659, +6.640,+0.926
1658083320,+2.92,+24.667, +6.718,+0.927
1658083440,+2.92,+24.667, +6.720,+0.927
1658083560,+2.92,+24.684, +6.736,+0.927
1658083680,+2.92,+24.709, +6.709,+0.927
1658083800,+2.92,+24.709, +6.820,+0.927
1658083920,+2.92,+24.718, +6.832,+0.927
1658084040,+2.92,+24.718, +6.860,+0.928
1658084160,+2.92,+24.701, +6.866,+0.927
1658084280,+2.92,+24.709, +6.935,+0.927
1658084400,+2.92,+24.726, +6.898,+0.928
1658084520,+2.92,+24.760, +6.921,+0.928
1658084640,+2.92,+24.768, +7.013,+0.927
1658084760,+2.92,+24.819, +6.960,+0.927
1658084880,+2.92,+24.802, +7.047,+0.927
1658085000,+2.92,+24.802, +7.065,+0.928
1658085120,+2.92,+24.827, +7.112,+0.928
1658085240,+2.92,+24.852, +7.123,+0.928
1658085360,+2.92,+24.869, +7.147,+0.927
1658085480,+2.92,+24.861, +7.258,+0.928
1658085600,+2.92,+24.869, +7.221,+0.928
1658085720,+2.92,+24.894, +7.181,+0.928
1658085840,+2.92,+24.894, +7.212,+0.928
1658085960,+2.92,+24.936, +7.279,+0.928
1658086080,+2.92,+24.961, +7.291,+0.927
1658086200,+2.92,+24.970, +7.357,+0.928
1658086320,+2.92,+24.987, +7.318,+0.928
1658086440,+2.92,+25.029, +7.334,+0.928
1658086560,+2.92,+25.037, +7.300,+0.927
1658086680,+2.92,+25.062, +7.390,+0.928
1658086800,+2.92,+25.079, +7.395,+0.927
1658086920,+2.92,+25.104, +7.472,+0.927
1658087040,+2.92,+25.113, +7.518,+0.928
1658087160,+2.92,+25.121, +7.499,+0.927
1658087280,+2.92,+25.155, +7.545,+0.928
1658087400,+2.92,+25.189, +7.591,+0.928
1658087520,+2.92,+25.214, +7.628,+0.928
1658087640,+2.92,+25.239, +7.659,+0.929
1658087760,+2.92,+25.264, +7.690,+0.928
1658087880,+2.92,+25.273, +7.717,+0.928
1658088000,+2.92,+25.281, +7.754,+0.929
1658088120,+2.92,+25.323, +7.779,+0.929
1658088240,+2.92,+25.323, +7.774,+0.929
1658088360,+2.92,+25.323, +7.809,+0.928
1658088480,+2.92,+25.348, +7.824,+0.928
1658088600,+2.92,+25.365, +7.851,+0.929
1658088720,+2.92,+25.357, +7.874,+0.928
1658088840,+2.92,+25.399, +7.879,+0.929
1658088960,+2.92,+25.433, +7.828,+0.928
1658089080,+2.92,+25.449, +7.907,+0.928
1658089200,+2.92,+25.458, +7.908,+0.929
1658089320,+2.92,+25.500, +7.981,+0.928
1658089440,+2.92,+25.500, +7.957,+0.929
1658089560,+2.92,+25.525, +7.979,+0.928
1658089680,+2.92,+25.542, +7.989,+0.928
1658089800,+2.92,+25.559, +8.022,+0.928
1658089920,+2.92,+25.593, +8.075,+0.929
1658090040,+2.92,+25.626, +8.033,+0.929
1658090160,+2.92,+25.643, +8.062,+0.928
1658090280,+2.92,+25.660, +8.164,+0.929
1658090400,+2.92,+25.652, +8.135,+0.929
1658090520,+2.92,+25.702, +8.123,+0.929
1658090640,+2.92,+25.736, +8.200,+0.929
1658090760,+2.92,+25.744, +8.057,+0.929
1658090880,+2.92,+25.761, +8.099,+0.929
1658091000,+2.92,+25.770, +8.186,+0.928
1658091120,+2.92,+25.803, +8.186,+0.929
1658091240,+2.92,+25.812, +8.239,+0.930
1658091360,+2.92,+25.829, +8.281,+0.929
1658091480,+2.92,+25.862, +8.320,+0.930
1658091600,+2.92,+25.879, +8.245,+0.930
1658091720,+2.92,+25.888, +8.237,+0.930
1658091840,+2.92,+25.930, +8.266,+0.929
1658091960,+2.92,+25.930, +8.306,+0.929
1658092080,+2.92,+25.955, +8.299,+0.929
1658092200,+2.92,+25.972, +8.287,+0.929
1658092320,+2.92,+25.989, +8.354,+0.930
1658092440,+2.92,+26.023, +8.256,+0.930
1658092560,+2.92,+26.040, +8.373,+0.929
1658092680,+2.92,+26.048, +8.246,+0.929
1658092800,+2.92,+26.065, +8.325,+0.929
1658092920,+2.92,+26.090, +8.437,+0.930
1658093040,+2.92,+26.090, +8.358,+0.930
1658093160,+2.92,+26.133, +8.332,+0.929
1658093280,+2.92,+26.133, +8.390,+0.930
1658093400,+2.92,+26.175, +8.441,+0.929
1658093520,+2.92,+26.192, +8.383,+0.930
1658093640,+2.92,+26.209, +8.359,+0.930
1658093760,+2.92,+26.200, +8.395,+0.929
1658093880,+2.92,+26.234, +8.348,+0.930
1658094000,+2.92,+26.242, +8.308,+0.929
1658094120,+2.92,+26.268, +8.417,+0.930
1658094240,+2.92,+26.301, +8.480,+0.930
1658094360,+2.92,+26.310, +8.428,+0.931
1658094480,+2.92,+26.327, +8.457,+0.929
1658094600,+2.92,+26.352, +8.446,+0.929
1658094720,+2.92,+26.361, +8.429,+0.929
1658094840,+2.92,+26.361, +8.466,+0.930
1658094960,+2.92,+26.361, +8.546,+0.930
1658095080,+2.92,+26.403, +8.554,+0.930
1658095200,+2.92,+26.420, +8.447,+0.929
1658095320,+2.92,+26.462, +8.598,+0.930
1658095440,+2.92,+26.496, +8.624,+0.930
1658095560,+2.92,+26.521, +8.622,+0.930
1658095680,+2.92,+26.564, +8.614,+0.930
1658095800,+2.92,+26.555, +8.589,+0.930
1658095920,+2.92,+26.555, +8.567,+0.931
1658096040,+2.92,+26.564, +8.534,+0.931
1658096160,+2.92,+26.606, +8.704,+0.931
1658096280,+2.92,+26.631, +8.634,+0.929
1658096400,+2.92,+26.648, +8.680,+0.930
1658096520,+2.92,+26.665, +8.737,+0.931
1658096640,+2.92,+26.707, +8.731,+0.930
1658096760,+2.92,+26.775, +8.737,+0.930
1658096880,+2.92,+26.792, +8.712,+0.931
1658097000,+2.92,+26.809, +8.679,+0.931
1658097120,+2.92,+26.809, +8.818,+0.930
1658097240,+2.92,+26.851, +8.822,+0.930
1658097360,+2.92,+26.835, +8.699,+0.930
1658097480,+2.92,+26.902, +8.917,+0.931
1658097600,+2.92,+26.902, +8.787,+0.930
1658097720,+2.92,+26.928, +8.787,+0.931
1658097840,+2.92,+26.970, +8.847,+0.931
1658097960,+2.92,+26.962, +8.833,+0.932
1658098080,+2.92,+26.996, +8.800,+0.932
1658098200,+2.92,+27.029, +8.914,+0.930
1658098320,+2.92,+27.038, +8.857,+0.931
1658098440,+2.92,+27.046, +8.848,+0.931
1658098560,+2.92,+27.063, +8.778,+0.931
1658098680,+2.92,+27.106, +9.007,+0.931
1658098800,+2.92,+27.140, +8.978,+0.931
1658098920,+2.92,+27.208, +9.133,+0.931
1658099040,+2.92,+27.157, +8.920,+0.931
1658099160,+2.92,+27.199, +9.074,+0.931
1658099280,+2.92,+27.250, +9.238,+0.930
1658099400,+2.92,+27.233, +8.962,+0.930
1658099520,+2.92,+27.216, +8.991,+0.932
1658099640,+2.92,+27.225, +9.070,+0.931
1658099760,+2.92,+27.199, +8.966,+0.931
1658099880,+2.92,+27.250, +9.136,+0.932
1658100000,+2.92,+27.284, +9.230,+0.932
1658100120,+2.92,+27.284, +9.100,+0.931
1658100240,+2.92,+27.292, +9.131,+0.930
1658100360,+2.92,+27.276, +9.123,+0.931
1658100480,+2.92,+27.343, +9.237,+0.932
1658100600,+2.92,+27.318, +9.180,+0.932
1658100720,+2.92,+27.343, +9.239,+0.932
1658100840,+2.92,+27.352, +9.202,+0.931
1658100960,+2.92,+27.301, +9.089,+0.932
1658101080,+2.92,+27.343, +9.306,+0.932
1658101200,+2.92,+27.377, +9.245,+0.931
1658101320,+2.92,+27.377, +9.276,+0.932
1658101440,+2.92,+27.386, +9.371,+0.931
1658101560,+2.92,+27.377, +9.317,+0.932
1658101680,+2.92,+27.369, +9.307,+0.931
1658101800,+2.92,+27.369, +9.324,+0.932
1658101920,+2.92,+27.394, +9.308,+0.931
1658102040,+2.92,+27.394, +9.410,+0.932
1658102160,+2.92,+27.386, +9.370,+0.932
1658102280,+2.92,+27.403, +9.402,+0.933
1658102400,+2.92,+27.377, +9.439,+0.932
1658102520,+2.92,+27.377, +9.430,+0.932
1658102640,+2.92,+27.377, +9.465,+0.931
1658102760,+2.92,+27.377, +9.470,+0.932
1658102880,+2.92,+27.377, +9.436,+0.931
1658103000,+2.92,+27.369, +9.517,+0.932
1658103120,+2.92,+27.369, +9.478,+0.931
1658103240,+2.92,+27.369, +9.452,+0.931
1658103360,+2.92,+27.386, +9.564,+0.932
1658103480,+2.92,+27.386, +9.582,+0.932
1658103600,+2.92,+27.377, +9.519,+0.932
1658103720,+2.92,+27.369, +9.572,+0.933
1658103840,+2.92,+27.352, +9.473,+0.931
1658103960,+2.92,+27.394, +9.612,+0.932
1658104080,+2.92,+27.343, +9.588,+0.932
1658104200,+2.92,+27.360, +9.596,+0.932
1658104320,+2.92,+27.343, +9.530,+0.932
1658104440,+2.92,+27.343, +9.533,+0.933
1658104560,+2.92,+27.352, +9.569,+0.932
1658104680,+2.92,+27.318, +9.599,+0.933
1658104800,+2.92,+27.335, +9.614,+0.932
1658104920,+2.92,+27.318, +9.569,+0.933
1658105040,+2.92,+27.318, +9.522,+0.933
1658105160,+2.92,+27.335, +9.588,+0.932
1658105280,+2.92,+27.369, +9.645,+0.931
1658105400,+2.92,+27.352, +9.642,+0.932
1658105520,+2.92,+27.369, +9.628,+0.931
1658105640,+2.92,+27.352, +9.535,+0.932
1658105760,+2.92,+27.360, +9.611,+0.932
1658105880,+2.92,+27.335, +9.500,+0.931
1658106000,+2.92,+27.343, +9.658,+0.932
1658106120,+2.92,+27.352, +9.581,+0.932
1658106240,+2.92,+27.343, +9.625,+0.932
1658106360,+2.92,+27.326, +9.621,+0.932
1658106480,+2.92,+27.318, +9.630,+0.931
1658106600,+2.92,+27.318, +9.659,+0.933
1658106720,+2.92,+27.309, +9.598,+0.932
1658106840,+2.92,+27.309, +9.671,+0.932
1658106960,+2.92,+27.318, +9.624,+0.932
1658107080,+2.92,+27.318, +9.621,+0.932
1658107200,+2.92,+27.301, +9.609,+0.932
1658107320,+2.92,+27.301, +9.568,+0.933
1658107440,+2.92,+27.284, +9.630,+0.932
1658107560,+2.92,+27.276, +9.518,+0.932
1658107680,+2.92,+27.276, +9.628,+0.932
1658107800,+2.92,+27.233, +9.625,+0.933
1658107920,+2.92,+27.225, +9.527,+0.932
1658108040,+2.92,+27.225, +9.569,+0.932
1658108160,+2.92,+27.216, +9.635,+0.933
1658108280,+2.92,+27.191, +9.618,+0.933
1658108400,+2.92,+27.191, +9.494,+0.931
1658108520,+2.92,+27.182, +9.632,+0.932
1658108640,+2.92,+27.174, +9.631,+0.932
1658108760,+2.92,+27.165, +9.566,+0.932
1658108880,+2.92,+27.148, +9.604,+0.932
1658109000,+2.92,+27.148, +9.580,+0.933
1658109120,+2.92,+27.114, +9.452,+0.932
1658109240,+2.92,+27.114, +9.534,+0.932
1658109360,+2.92,+27.089, +9.505,+0.932
1658109480,+2.92,+27.080, +9.498,+0.933
1658109600,+2.92,+27.080, +9.504,+0.932
1658109720,+2.92,+27.063, +9.587,+0.933
1658109840,+2.92,+27.038, +9.544,+0.932
1658109960,+2.92,+27.038, +9.491,+0.932
1658110080,+2.92,+27.029, +9.470,+0.931
1658110200,+2.92,+27.021, +9.463,+0.932
1658110320,+2.92,+27.004, +9.523,+0.932
1658110440,+2.92,+26.996, +9.502,+0.932
1658110560,+2.92,+26.979, +9.498,+0.933
1658110680,+2.92,+26.962, +9.332,+0.932
1658110800,+2.92,+26.936, +9.349,+0.932
1658110920,+2.92,+26.936, +9.453,+0.932
1658111040,+2.92,+26.936, +9.356,+0.933
1658111160,+2.92,+26.911, +9.410,+0.932
1658111280,+2.92,+26.902, +9.413,+0.932
1658111400,+2.92,+26.885, +9.394,+0.932
1658111520,+2.92,+26.877, +9.332,+0.931
1658111640,+2.92,+26.877, +9.321,+0.932
1658111760,+2.92,+26.843, +9.294,+0.932
1658111880,+2.92,+26.835, +9.307,+0.932
1658112000,+2.92,+26.818, +9.283,+0.930
1658112120,+2.92,+26.801, +9.240,+0.931
