7450-735719
OS REV: 1.05 Sensor Cal: 1573748658
Time (sec),  BV (Volts),  T (deg C),  DO (mg/l),  Q ()
1647576600,+3.13,+29.097, +8.088,+0.986
1647576720,+3.13,+29.132, +8.055,+0.986
1647576840,+3.13,+29.072, +8.005,+0.985
1647576960,+3.13,+29.097, +7.980,+0.985
1647577080,+3.13,+29.089, +7.960,+0.987
1647577200,+3.13,+29.080, +7.917,+0.986
1647577320,+3.13,+29.072, +7.868,+0.985
1647577440,+3.13,+29.063, +7.844,+0.985
1647577560,+3.13,+29.054, +7.832,+0.985
1647577680,+3.13,+29.046, +7.804,+0.985
1647577800,+3.13,+29.063, +7.781,+0.985
1647577920,+3.13,+29.063, +7.736,+0.985
1647578040,+3.13,+29.063, +7.705,+0.985
1647578160,+3.13,+29.054, +7.703,+0.985
1647578280,+3.13,+29.046, +7.675,+0.985
1647578400,+3.13,+29.029, +7.640,+0.985
1647578520,+3.13,+29.037, +7.607,+0.985
1647578640,+3.13,+29.020, +7.604,+0.985
1647578760,+3.13,+29.020, +7.567,+0.985
1647578880,+3.13,+28.977, +7.533,+0.986
1647579000,+3.13,+28.977, +7.521,+0.986
1647579120,+3.13,+28.994, +7.462,+0.984
1647579240,+3.13,+28.986, +7.440,+0.985
1647579360,+3.13,+28.960, +7.441,+0.985
1647579480,+3.13,+28.969, +7.464,+0.986
1647579600,+3.13,+28.952, +7.466,+0.985
1647579720,+3.13,+28.960, +7.404,+0.985
1647579840,+3.13,+28.977, +7.357,+0.985
1647579960,+3.13,+28.986, +7.303,+0.985
1647580080,+3.13,+28.960, +7.331,+0.984
1647580200,+3.13,+28.934, +7.328,+0.985
1647580320,+3.13,+28.952, +7.343,+0.985
1647580440,+3.13,+28.934, +7.317,+0.985
1647580560,+3.13,+28.960, +7.302,+0.985
1647580680,+3.13,+28.960, +7.250,+0.985
1647580800,+3.13,+28.969, +7.256,+0.985
1647580920,+3.13,+28.969, +7.210,+0.986
1647581040,+3.13,+28.960, +7.212,+0.984
1647581160,+3.13,+28.943, +7.305,+0.985
1647581280,+3.13,+28.969, +7.260,+0.985
1647581400,+3.13,+28.952, +7.182,+0.984
1647581520,+3.13,+28.934, +7.173,+0.984
1647581640,+3.13,+28.934, +7.154,+0.985
1647581760,+3.13,+28.934, +7.158,+0.985
1647581880,+3.13,+28.866, +7.128,+0.984
1647582000,+3.13,+28.883, +7.117,+0.984
1647582120,+3.13,+28.883, +7.112,+0.985
1647582240,+3.13,+28.900, +7.110,+0.984
1647582360,+3.13,+28.874, +7.100,+0.984
1647582480,+3.13,+28.866, +6.991,+0.985
1647582600,+3.13,+28.883, +7.024,+0.984
1647582720,+3.13,+28.883, +7.013,+0.985
1647582840,+3.13,+28.832, +6.983,+0.984
1647582960,+3.13,+28.806, +7.007,+0.984
1647583080,+3.13,+28.780, +6.967,+0.984
1647583200,+3.13,+28.789, +6.961,+0.985
1647583320,+3.13,+28.832, +6.974,+0.985
1647583440,+3.13,+28.823, +6.988,+0.985
1647583560,+3.13,+28.806, +6.951,+0.984
1647583680,+3.13,+28.797, +6.929,+0.985
1647583800,+3.13,+28.772, +6.915,+0.984
1647583920,+3.13,+28.763, +6.927,+0.985
1647584040,+3.13,+28.746, +6.881,+0.984
1647584160,+3.13,+28.738, +6.849,+0.984
1647584280,+3.13,+28.729, +6.884,+0.984
1647584400,+3.13,+28.720, +6.855,+0.984
1647584520,+3.13,+28.720, +6.821,+0.983
1647584640,+3.13,+28.729, +6.829,+0.984
1647584760,+3.13,+28.729, +6.801,+0.984
1647584880,+3.13,+28.738, +6.805,+0.984
1647585000,+3.13,+28.755, +6.776,+0.984
1647585120,+3.13,+28.772, +6.754,+0.984
1647585240,+3.13,+28.772, +6.727,+0.984
1647585360,+3.13,+28.746, +6.739,+0.984
1647585480,+3.13,+28.746, +6.755,+0.984
1647585600,+3.13,+28.738, +6.788,+0.985
1647585720,+3.13,+28.729, +6.791,+0.984
1647585840,+3.13,+28.729, +6.742,+0.984
1647585960,+3.13,+28.720, +6.718,+0.983
1647586080,+3.13,+28.729, +6.768,+0.984
1647586200,+3.13,+28.712, +6.780,+0.984
1647586320,+3.13,+28.729, +6.774,+0.983
1647586440,+3.13,+28.712, +6.787,+0.985
1647586560,+3.13,+28.695, +6.784,+0.984
1647586680,+3.13,+28.720, +6.751,+0.984
1647586800,+3.13,+28.712, +6.712,+0.983
1647586920,+3.13,+28.703, +6.707,+0.984
1647587040,+3.13,+28.695, +6.698,+0.984
1647587160,+3.13,+28.695, +6.706,+0.984
1647587280,+3.13,+28.695, +6.724,+0.984
1647587400,+3.13,+28.712, +6.735,+0.984
1647587520,+3.13,+28.703, +6.749,+0.985
1647587640,+3.13,+28.712, +6.754,+0.984
1647587760,+3.13,+28.703, +6.753,+0.983
1647587880,+3.13,+28.712, +6.755,+0.984
1647588000,+3.13,+28.720, +6.761,+0.984
1647588120,+3.13,+28.720, +6.761,+0.984
1647588240,+3.13,+28.720, +6.800,+0.984
1647588360,+3.13,+28.729, +6.830,+0.984
1647588480,+3.13,+28.720, +6.828,+0.984
1647588600,+3.13,+28.729, +6.820,+0.984
1647588720,+3.13,+28.738, +6.816,+0.984
1647588840,+3.13,+28.729, +6.793,+0.985
1647588960,+3.13,+28.729, +6.821,+0.984
1647589080,+3.13,+28.755, +6.841,+0.985
1647589200,+3.13,+28.720, +6.850,+0.985
1647589320,+3.13,+28.738, +6.835,+0.985
1647589440,+3.13,+28.720, +6.838,+0.984
1647589560,+3.13,+28.746, +6.835,+0.984
1647589680,+3.13,+28.712, +6.848,+0.985
1647589800,+3.13,+28.712, +6.873,+0.985
1647589920,+3.13,+28.720, +6.841,+0.985
1647590040,+3.13,+28.703, +6.841,+0.984
1647590160,+3.13,+28.678, +6.785,+0.984
1647590280,+3.13,+28.678, +6.791,+0.984
1647590400,+3.13,+28.626, +6.718,+0.984
1647590520,+3.13,+28.609, +6.736,+0.985
1647590640,+3.13,+28.626, +6.781,+0.984
1647590760,+3.13,+28.643, +6.771,+0.984
1647590880,+3.13,+28.609, +6.736,+0.984
1647591000,+3.13,+28.618, +6.752,+0.984
1647591120,+3.13,+28.618, +6.750,+0.984
1647591240,+3.13,+28.609, +6.746,+0.984
1647591360,+3.13,+28.592, +6.716,+0.983
1647591480,+3.13,+28.566, +6.702,+0.984
1647591600,+3.13,+28.575, +6.697,+0.984
1647591720,+3.13,+28.584, +6.701,+0.984
1647591840,+3.13,+28.584, +6.697,+0.984
1647591960,+3.13,+28.566, +6.674,+0.983
1647592080,+3.13,+28.566, +6.667,+0.984
1647592200,+3.13,+28.541, +6.639,+0.984
1647592320,+3.13,+28.515, +6.635,+0.984
1647592440,+3.13,+28.524, +6.631,+0.983
1647592560,+3.13,+28.541, +6.616,+0.983
1647592680,+3.13,+28.541, +6.650,+0.984
1647592800,+3.13,+28.541, +6.621,+0.983
1647592920,+3.13,+28.541, +6.607,+0.984
1647593040,+3.13,+28.515, +6.605,+0.984
1647593160,+3.13,+28.515, +6.585,+0.984
1647593280,+3.13,+28.507, +6.587,+0.984
1647593400,+3.13,+28.498, +6.622,+0.983
1647593520,+3.13,+28.507, +6.605,+0.983
1647593640,+3.13,+28.507, +6.582,+0.983
1647593760,+3.13,+28.498, +6.598,+0.984
1647593880,+3.13,+28.498, +6.577,+0.984
1647594000,+3.13,+28.498, +6.556,+0.984
1647594120,+3.13,+28.472, +6.542,+0.984
1647594240,+3.13,+28.464, +6.519,+0.983
1647594360,+3.13,+28.447, +6.493,+0.983
1647594480,+3.13,+28.438, +6.492,+0.983
1647594600,+3.13,+28.404, +6.479,+0.983
1647594720,+3.13,+28.379, +6.473,+0.983
1647594840,+3.13,+28.396, +6.444,+0.983
1647594960,+3.13,+28.370, +6.421,+0.983
1647595080,+3.13,+28.361, +6.405,+0.984
1647595200,+3.13,+28.319, +6.432,+0.984
1647595320,+3.13,+28.310, +6.431,+0.983
1647595440,+3.13,+28.268, +6.443,+0.983
1647595560,+3.13,+28.250, +6.443,+0.983
1647595680,+3.13,+28.233, +6.440,+0.983
1647595800,+3.13,+28.199, +6.454,+0.983
1647595920,+3.13,+28.174, +6.455,+0.983
1647596040,+3.13,+28.225, +6.472,+0.984
1647596160,+3.13,+28.242, +6.437,+0.983
1647596280,+3.13,+28.199, +6.434,+0.983
1647596400,+3.13,+28.191, +6.413,+0.983
1647596520,+3.13,+28.191, +6.419,+0.982
1647596640,+3.13,+28.250, +6.466,+0.984
1647596760,+3.13,+28.233, +6.431,+0.983
1647596880,+3.13,+28.208, +6.438,+0.983
1647597000,+3.13,+28.225, +6.440,+0.983
1647597120,+3.13,+28.208, +6.437,+0.983
1647597240,+3.13,+28.208, +6.413,+0.984
1647597360,+3.13,+28.225, +6.402,+0.983
1647597480,+3.13,+28.208, +6.394,+0.983
1647597600,+3.13,+28.208, +6.396,+0.984
1647597720,+3.13,+28.191, +6.403,+0.983
1647597840,+3.13,+28.199, +6.386,+0.983
1647597960,+3.13,+28.182, +6.384,+0.982
1647598080,+3.13,+28.165, +6.374,+0.983
1647598200,+3.13,+28.148, +6.376,+0.983
1647598320,+3.13,+28.148, +6.365,+0.983
1647598440,+3.13,+28.165, +6.348,+0.983
1647598560,+3.13,+28.157, +6.337,+0.982
1647598680,+3.13,+28.140, +6.329,+0.983
1647598800,+3.13,+28.157, +6.309,+0.983
1647598920,+3.13,+28.123, +6.304,+0.983
1647599040,+3.13,+28.123, +6.290,+0.983
1647599160,+3.13,+28.097, +6.270,+0.983
1647599280,+3.13,+28.071, +6.274,+0.983
1647599400,+3.13,+28.080, +6.291,+0.984
1647599520,+3.13,+28.071, +6.267,+0.984
1647599640,+3.13,+28.071, +6.242,+0.983
1647599760,+3.13,+28.063, +6.265,+0.983
1647599880,+3.13,+28.046, +6.242,+0.983
1647600000,+3.13,+28.037, +6.269,+0.983
1647600120,+3.13,+28.080, +6.278,+0.983
1647600240,+3.13,+28.063, +6.262,+0.983
1647600360,+3.13,+28.054, +6.246,+0.983
1647600480,+3.13,+28.071, +6.259,+0.983
1647600600,+3.13,+28.063, +6.278,+0.983
1647600720,+3.13,+28.105, +6.281,+0.983
1647600840,+3.13,+28.097, +6.233,+0.983
1647600960,+3.13,+28.012, +6.237,+0.983
1647601080,+3.13,+27.986, +6.224,+0.982
1647601200,+3.13,+28.020, +6.277,+0.983
1647601320,+3.13,+28.029, +6.252,+0.983
1647601440,+3.13,+28.003, +6.231,+0.982
1647601560,+3.13,+27.995, +6.245,+0.983
1647601680,+3.13,+28.003, +6.232,+0.983
1647601800,+3.13,+27.978, +6.248,+0.983
1647601920,+3.13,+28.012, +6.235,+0.983
1647602040,+3.13,+28.012, +6.226,+0.982
1647602160,+3.13,+27.978, +6.239,+0.983
1647602280,+3.13,+27.986, +6.233,+0.982
1647602400,+3.13,+27.986, +6.227,+0.982
1647602520,+3.13,+27.995, +6.231,+0.983
1647602640,+3.13,+27.961, +6.230,+0.983
1647602760,+3.13,+27.944, +6.241,+0.983
1647602880,+3.13,+27.961, +6.243,+0.983
1647603000,+3.13,+28.003, +6.249,+0.982
1647603120,+3.13,+28.020, +6.249,+0.983
1647603240,+3.13,+28.020, +6.222,+0.983
1647603360,+3.13,+27.986, +6.213,+0.982
1647603480,+3.13,+27.961, +6.218,+0.982
1647603600,+3.13,+27.978, +6.228,+0.983
1647603720,+3.13,+27.969, +6.215,+0.983
1647603840,+3.13,+27.961, +6.215,+0.983
1647603960,+3.13,+27.935, +6.219,+0.982
1647604080,+3.13,+27.927, +6.225,+0.982
1647604200,+3.13,+27.927, +6.224,+0.983
1647604320,+3.13,+27.858, +6.258,+0.983
1647604440,+3.13,+27.841, +6.254,+0.982
1647604560,+3.13,+27.909, +6.231,+0.982
1647604680,+3.13,+27.918, +6.223,+0.983
1647604800,+3.13,+27.927, +6.217,+0.982
1647604920,+3.13,+27.918, +6.210,+0.983
1647605040,+3.13,+27.918, +6.220,+0.982
1647605160,+3.13,+27.952, +6.206,+0.982
1647605280,+3.13,+27.969, +6.200,+0.983
1647605400,+3.13,+27.927, +6.204,+0.982
1647605520,+3.13,+27.918, +6.187,+0.982
1647605640,+3.13,+27.918, +6.209,+0.983
1647605760,+3.13,+27.927, +6.214,+0.983
1647605880,+3.13,+27.909, +6.197,+0.983
1647606000,+3.13,+27.927, +6.220,+0.982
1647606120,+3.13,+27.935, +6.200,+0.982
1647606240,+3.13,+27.909, +6.218,+0.983
1647606360,+3.13,+27.927, +6.201,+0.982
1647606480,+3.13,+27.909, +6.198,+0.983
1647606600,+3.13,+27.850, +6.215,+0.983
1647606720,+3.13,+27.875, +6.199,+0.982
1647606840,+3.13,+27.841, +6.222,+0.983
1647606960,+3.13,+27.850, +6.217,+0.982
1647607080,+3.13,+27.892, +6.201,+0.982
1647607200,+3.13,+27.858, +6.195,+0.983
1647607320,+3.13,+27.841, +6.203,+0.983
1647607440,+3.13,+27.875, +6.170,+0.982
1647607560,+3.13,+27.884, +6.157,+0.983
1647607680,+3.13,+27.799, +6.197,+0.982
1647607800,+3.13,+27.773, +6.182,+0.982
1647607920,+3.13,+27.824, +6.189,+0.982
1647608040,+3.13,+27.833, +6.176,+0.982
1647608160,+3.13,+27.765, +6.191,+0.982
1647608280,+3.13,+27.765, +6.186,+0.982
1647608400,+3.13,+27.790, +6.186,+0.982
1647608520,+3.13,+27.824, +6.161,+0.982
1647608640,+3.13,+27.782, +6.154,+0.982
1647608760,+3.13,+27.799, +6.148,+0.982
1647608880,+3.13,+27.773, +6.153,+0.982
1647609000,+3.13,+27.790, +6.152,+0.982
1647609120,+3.13,+27.807, +6.141,+0.982
1647609240,+3.13,+27.748, +6.155,+0.982
1647609360,+3.13,+27.748, +6.148,+0.982
1647609480,+3.13,+27.739, +6.117,+0.982
1647609600,+3.13,+27.748, +6.121,+0.982
1647609720,+3.13,+27.748, +6.115,+0.982
1647609840,+3.13,+27.756, +6.091,+0.982
1647609960,+3.13,+27.739, +6.091,+0.982
1647610080,+3.13,+27.705, +6.095,+0.982
1647610200,+3.13,+27.748, +6.095,+0.983
1647610320,+3.13,+27.765, +6.073,+0.982
1647610440,+3.13,+27.765, +6.057,+0.982
1647610560,+3.13,+27.765, +6.040,+0.981
1647610680,+3.13,+27.739, +6.041,+0.982
1647610800,+3.13,+27.722, +6.022,+0.982
1647610920,+3.13,+27.697, +6.039,+0.982
1647611040,+3.13,+27.722, +6.023,+0.982
1647611160,+3.13,+27.731, +6.025,+0.982
1647611280,+3.13,+27.705, +6.020,+0.982
1647611400,+3.13,+27.705, +5.978,+0.982
1647611520,+3.13,+27.714, +5.981,+0.982
1647611640,+3.13,+27.714, +5.982,+0.982
1647611760,+3.13,+27.688, +5.983,+0.982
1647611880,+3.13,+27.680, +5.958,+0.981
1647612000,+3.13,+27.705, +5.954,+0.982
1647612120,+3.13,+27.697, +5.944,+0.983
1647612240,+3.13,+27.697, +5.919,+0.982
1647612360,+3.13,+27.680, +5.907,+0.982
1647612480,+3.13,+27.671, +5.909,+0.982
1647612600,+3.13,+27.654, +5.893,+0.982
1647612720,+3.13,+27.663, +5.899,+0.982
1647612840,+3.13,+27.680, +5.885,+0.982
1647612960,+3.13,+27.680, +5.877,+0.982
1647613080,+3.13,+27.654, +5.865,+0.982
1647613200,+3.13,+27.663, +5.833,+0.982
1647613320,+3.13,+27.654, +5.836,+0.982
1647613440,+3.13,+27.654, +5.822,+0.982
1647613560,+3.13,+27.654, +5.831,+0.982
1647613680,+3.13,+27.637, +5.816,+0.982
1647613800,+3.13,+27.654, +5.787,+0.982
1647613920,+3.13,+27.629, +5.786,+0.981
1647614040,+3.13,+27.629, +5.782,+0.982
1647614160,+3.13,+27.637, +5.774,+0.982
1647614280,+3.13,+27.629, +5.773,+0.982
1647614400,+3.13,+27.629, +5.753,+0.981
1647614520,+3.13,+27.629, +5.760,+0.982
1647614640,+3.13,+27.629, +5.748,+0.982
1647614760,+3.13,+27.629, +5.718,+0.981
1647614880,+3.13,+27.603, +5.736,+0.982
1647615000,+3.13,+27.620, +5.719,+0.982
1647615120,+3.13,+27.629, +5.696,+0.982
1647615240,+3.13,+27.629, +5.695,+0.982
1647615360,+3.13,+27.603, +5.695,+0.981
1647615480,+3.13,+27.561, +5.704,+0.982
1647615600,+3.13,+27.544, +5.692,+0.982
1647615720,+3.13,+27.518, +5.682,+0.981
1647615840,+3.13,+27.527, +5.663,+0.981
1647615960,+3.13,+27.569, +5.643,+0.981
1647616080,+3.13,+27.569, +5.636,+0.982
1647616200,+3.13,+27.595, +5.612,+0.982
1647616320,+3.13,+27.612, +5.594,+0.982
1647616440,+3.13,+27.595, +5.579,+0.981
1647616560,+3.13,+27.569, +5.592,+0.982
1647616680,+3.13,+27.569, +5.585,+0.982
1647616800,+3.13,+27.595, +5.549,+0.981
1647616920,+3.13,+27.620, +5.541,+0.981
1647617040,+3.13,+27.646, +5.526,+0.981
1647617160,+3.13,+27.646, +5.518,+0.981
1647617280,+3.13,+27.646, +5.510,+0.981
1647617400,+3.13,+27.637, +5.506,+0.982
1647617520,+3.13,+27.637, +5.497,+0.982
1647617640,+3.13,+27.637, +5.471,+0.981
1647617760,+3.13,+27.663, +5.448,+0.981
1647617880,+3.13,+27.671, +5.443,+0.982
1647618000,+3.13,+27.688, +5.425,+0.981
1647618120,+3.13,+27.680, +5.407,+0.981
1647618240,+3.13,+27.680, +5.401,+0.982
1647618360,+3.13,+27.680, +5.400,+0.981
1647618480,+3.13,+27.688, +5.375,+0.981
1647618600,+3.13,+27.688, +5.373,+0.981
1647618720,+3.13,+27.663, +5.354,+0.981
1647618840,+3.13,+27.680, +5.346,+0.981
1647618960,+3.13,+27.680, +5.329,+0.981
1647619080,+3.13,+27.680, +5.322,+0.981
1647619200,+3.13,+27.688, +5.313,+0.982
1647619320,+3.13,+27.697, +5.306,+0.981
1647619440,+3.13,+27.688, +5.284,+0.981
1647619560,+3.13,+27.688, +5.299,+0.982
1647619680,+3.13,+27.688, +5.289,+0.981
1647619800,+3.13,+27.697, +5.283,+0.982
1647619920,+3.13,+27.688, +5.277,+0.982
1647620040,+3.13,+27.663, +5.269,+0.981
1647620160,+3.13,+27.680, +5.289,+0.981
1647620280,+3.13,+27.688, +5.287,+0.981
1647620400,+3.13,+27.680, +5.289,+0.981
1647620520,+3.13,+27.671, +5.276,+0.981
1647620640,+3.13,+27.671, +5.257,+0.981
1647620760,+3.13,+27.654, +5.264,+0.981
1647620880,+3.13,+27.637, +5.277,+0.982
1647621000,+3.13,+27.654, +5.251,+0.981
1647621120,+3.13,+27.646, +5.244,+0.981
1647621240,+3.13,+27.646, +5.255,+0.981
1647621360,+3.13,+27.637, +5.247,+0.981
1647621480,+3.13,+27.654, +5.246,+0.981
1647621600,+3.13,+27.663, +5.220,+0.981
1647621720,+3.13,+27.620, +5.219,+0.981
1647621840,+3.13,+27.629, +5.229,+0.982
1647621960,+3.13,+27.629, +5.244,+0.981
1647622080,+3.13,+27.637, +5.199,+0.981
1647622200,+3.13,+27.654, +5.231,+0.981
1647622320,+3.13,+27.637, +5.241,+0.982
1647622440,+3.13,+27.629, +5.258,+0.981
1647622560,+3.13,+27.629, +5.254,+0.981
1647622680,+3.13,+27.629, +5.270,+0.981
1647622800,+3.13,+27.637, +5.270,+0.981
1647622920,+3.13,+27.629, +5.260,+0.981
1647623040,+3.13,+27.620, +5.273,+0.981
1647623160,+3.13,+27.620, +5.285,+0.981
1647623280,+3.13,+27.646, +5.266,+0.981
1647623400,+3.13,+27.654, +5.265,+0.981
1647623520,+3.13,+27.637, +5.271,+0.981
1647623640,+3.13,+27.620, +5.291,+0.981
1647623760,+3.13,+27.620, +5.296,+0.981
1647623880,+3.13,+27.646, +5.304,+0.981
1647624000,+3.13,+27.654, +5.316,+0.981
1647624120,+3.13,+27.663, +5.309,+0.982
1647624240,+3.13,+27.663, +5.319,+0.981
1647624360,+3.13,+27.663, +5.306,+0.981
1647624480,+3.13,+27.697, +5.318,+0.981
1647624600,+3.13,+27.739, +5.304,+0.981
1647624720,+3.13,+27.756, +5.348,+0.981
1647624840,+3.13,+27.731, +5.403,+0.981
1647624960,+3.13,+27.748, +5.441,+0.982
1647625080,+3.13,+27.739, +5.409,+0.981
1647625200,+3.13,+27.756, +5.482,+0.981
1647625320,+3.13,+27.739, +5.567,+0.982
1647625440,+3.13,+27.773, +5.569,+0.982
1647625560,+3.13,+27.773, +5.597,+0.982
1647625680,+3.13,+27.765, +5.587,+0.982
1647625800,+3.13,+27.790, +5.606,+0.981
1647625920,+3.13,+27.807, +5.665,+0.982
1647626040,+3.13,+27.841, +5.702,+0.982
1647626160,+3.13,+27.833, +5.721,+0.982
1647626280,+3.13,+27.841, +5.755,+0.982
1647626400,+3.13,+27.867, +5.785,+0.982
1647626520,+3.13,+27.892, +5.818,+0.982
1647626640,+3.13,+27.909, +5.899,+0.983
1647626760,+3.13,+27.918, +5.943,+0.982
1647626880,+3.13,+27.935, +5.974,+0.982
1647627000,+3.13,+27.986, +6.018,+0.982
1647627120,+3.13,+27.995, +6.035,+0.982
1647627240,+3.13,+28.012, +6.058,+0.983
1647627360,+3.13,+28.029, +6.076,+0.982
1647627480,+3.13,+28.054, +6.093,+0.983
1647627600,+3.13,+28.037, +6.129,+0.983
1647627720,+3.13,+28.054, +6.153,+0.983
1647627840,+3.13,+28.071, +6.203,+0.982
1647627960,+3.13,+28.080, +6.239,+0.982
1647628080,+3.13,+28.097, +6.260,+0.983
1647628200,+3.13,+28.097, +6.282,+0.982
1647628320,+3.13,+28.123, +6.381,+0.983
1647628440,+3.13,+28.157, +6.426,+0.983
1647628560,+3.13,+28.157, +6.457,+0.983
1647628680,+3.13,+28.182, +6.512,+0.983
1647628800,+3.13,+28.208, +6.530,+0.982
1647628920,+3.13,+28.233, +6.560,+0.982
1647629040,+3.13,+28.242, +6.605,+0.982
1647629160,+3.13,+28.242, +6.660,+0.982
1647629280,+3.13,+28.276, +6.747,+0.983
1647629400,+3.13,+28.276, +6.772,+0.983
1647629520,+3.13,+28.302, +6.832,+0.984
1647629640,+3.13,+28.336, +6.853,+0.983
1647629760,+3.13,+28.344, +6.894,+0.984
1647629880,+3.13,+28.353, +6.858,+0.983
1647630000,+3.13,+28.361, +6.865,+0.983
1647630120,+3.13,+28.387, +6.915,+0.984
1647630240,+3.12,+28.379, +6.940,+0.983
1647630360,+3.12,+28.404, +6.978,+0.984
1647630480,+3.12,+28.413, +6.997,+0.984
1647630600,+3.12,+28.430, +7.002,+0.983
1647630720,+3.12,+28.447, +7.052,+0.983
1647630840,+3.12,+28.481, +7.110,+0.983
1647630960,+3.12,+28.481, +7.147,+0.984
1647631080,+3.12,+28.507, +7.182,+0.984
1647631200,+3.12,+28.507, +7.203,+0.983
1647631320,+3.12,+28.541, +7.224,+0.984
1647631440,+3.12,+28.558, +7.260,+0.984
1647631560,+3.12,+28.566, +7.255,+0.985
1647631680,+3.12,+28.566, +7.218,+0.984
1647631800,+3.12,+28.592, +7.277,+0.984
1647631920,+3.12,+28.601, +7.288,+0.983
1647632040,+3.12,+28.618, +7.326,+0.984
1647632160,+3.12,+28.635, +7.339,+0.984
1647632280,+3.12,+28.669, +7.397,+0.984
1647632400,+3.13,+28.703, +7.438,+0.984
1647632520,+3.13,+28.712, +7.479,+0.984
1647632640,+3.13,+28.738, +7.474,+0.984
1647632760,+3.13,+28.772, +7.524,+0.984
1647632880,+3.13,+28.789, +7.508,+0.984
1647633000,+3.13,+28.815, +7.554,+0.986
1647633120,+3.13,+28.840, +7.586,+0.984
1647633240,+3.13,+28.874, +7.646,+0.984
1647633360,+3.13,+28.917, +7.681,+0.985
1647633480,+3.13,+28.952, +7.732,+0.985
1647633600,+3.13,+28.969, +7.771,+0.985
1647633720,+3.13,+29.020, +7.806,+0.985
1647633840,+3.13,+29.046, +7.852,+0.985
1647633960,+3.13,+29.063, +7.819,+0.984
1647634080,+3.13,+29.080, +7.840,+0.985
1647634200,+3.13,+29.097, +7.829,+0.985
1647634320,+3.13,+29.132, +7.895,+0.986
1647634440,+3.13,+29.140, +7.958,+0.985
1647634560,+3.13,+29.209, +8.078,+0.986
1647634680,+3.13,+29.235, +8.138,+0.986
1647634800,+3.13,+29.269, +8.110,+0.985
1647634920,+3.13,+29.277, +8.096,+0.986
1647635040,+3.12,+29.329, +8.124,+0.985
1647635160,+3.12,+29.320, +8.102,+0.985
1647635280,+3.13,+29.303, +8.074,+0.986
1647635400,+3.12,+29.320, +8.081,+0.985
1647635520,+3.12,+29.363, +8.208,+0.986
1647635640,+3.12,+29.406, +8.291,+0.985
1647635760,+3.12,+29.432, +8.325,+0.986
1647635880,+3.12,+29.441, +8.321,+0.986
1647636000,+3.12,+29.484, +8.376,+0.986
1647636120,+3.12,+29.492, +8.426,+0.986
1647636240,+3.12,+29.509, +8.418,+0.986
1647636360,+3.12,+29.544, +8.468,+0.986
1647636480,+3.12,+29.578, +8.555,+0.985
1647636600,+3.12,+29.630, +8.675,+0.986
1647636720,+3.12,+29.681, +8.682,+0.986
1647636840,+3.12,+29.716, +8.695,+0.987
1647636960,+3.12,+29.776, +8.774,+0.986
1647637080,+3.12,+29.811, +8.773,+0.985
1647637200,+3.13,+29.836, +8.800,+0.986
1647637320,+3.13,+29.871, +8.777,+0.987
1647637440,+3.13,+29.888, +8.778,+0.986
1647637560,+3.13,+29.914, +8.833,+0.987
1647637680,+3.13,+29.931, +8.810,+0.986
1647637800,+3.13,+29.983, +8.905,+0.986
1647637920,+3.13,+29.966, +8.792,+0.986
1647638040,+3.13,+29.974, +8.791,+0.986
1647638160,+3.13,+30.009, +8.848,+0.985
1647638280,+3.13,+30.035, +8.931,+0.986
1647638400,+3.13,+30.043, +8.879,+0.986
1647638520,+3.13,+30.009, +8.872,+0.986
1647638640,+3.13,+30.035, +8.842,+0.987
1647638760,+3.13,+30.060, +8.924,+0.987
1647638880,+3.13,+30.104, +9.006,+0.987
1647639000,+3.13,+30.121, +9.084,+0.987
1647639120,+3.13,+30.138, +9.004,+0.987
1647639240,+3.13,+30.138, +8.988,+0.988
1647639360,+3.13,+30.129, +8.977,+0.987
1647639480,+3.13,+30.138, +8.961,+0.987
1647639600,+3.13,+30.121, +8.989,+0.987
1647639720,+3.13,+30.138, +9.101,+0.987
1647639840,+3.13,+30.138, +9.097,+0.987
1647639960,+3.13,+30.181, +9.225,+0.987
1647640080,+3.12,+30.242, +9.286,+0.987
1647640200,+3.13,+30.181, +9.186,+0.987
1647640320,+3.13,+30.164, +9.175,+0.986
1647640440,+3.13,+30.147, +9.147,+0.987
1647640560,+3.13,+30.138, +9.152,+0.987
1647640680,+3.13,+30.164, +9.178,+0.986
1647640800,+3.13,+30.095, +9.035,+0.986
1647640920,+3.13,+30.060, +9.004,+0.987
1647641040,+3.13,+30.026, +9.043,+0.986
1647641160,+3.13,+30.043, +9.084,+0.987
1647641280,+3.13,+30.086, +9.073,+0.986
1647641400,+3.13,+30.086, +9.076,+0.986
1647641520,+3.13,+30.052, +9.050,+0.987
1647641640,+3.13,+30.000, +8.930,+0.987
1647641760,+3.13,+30.017, +9.059,+0.986
1647641880,+3.13,+30.060, +9.099,+0.986
1647642000,+3.13,+30.026, +9.075,+0.988
1647642120,+3.13,+30.026, +9.120,+0.986
1647642240,+3.13,+30.017, +9.141,+0.988
1647642360,+3.13,+30.026, +9.137,+0.986
1647642480,+3.13,+30.026, +9.189,+0.985
1647642600,+3.13,+30.017, +9.101,+0.987
1647642720,+3.13,+30.017, +9.104,+0.987
1647642840,+3.13,+30.017, +9.112,+0.986
1647642960,+3.13,+30.026, +9.170,+0.986
1647643080,+3.13,+30.060, +9.216,+0.987
1647643200,+3.13,+30.095, +9.268,+0.986
1647643320,+3.13,+30.104, +9.301,+0.987
1647643440,+3.13,+30.078, +9.288,+0.987
1647643560,+3.13,+30.078, +9.296,+0.987
1647643680,+3.13,+30.112, +9.330,+0.988
1647643800,+3.13,+30.069, +9.240,+0.987
1647643920,+3.13,+30.043, +9.246,+0.986
1647644040,+3.13,+30.043, +9.311,+0.987
1647644160,+3.13,+30.009, +9.234,+0.987
1647644280,+3.13,+29.991, +9.235,+0.987
1647644400,+3.13,+29.991, +9.294,+0.987
1647644520,+3.13,+30.017, +9.438,+0.987
1647644640,+3.13,+30.052, +9.432,+0.988
1647644760,+3.13,+30.043, +9.427,+0.987
1647644880,+3.13,+30.052, +9.442,+0.986
1647645000,+3.13,+30.069, +9.484,+0.987
1647645120,+3.13,+30.095, +9.538,+0.988
1647645240,+3.13,+30.104, +9.492,+0.987
1647645360,+3.13,+30.086, +9.485,+0.986
1647645480,+3.13,+30.104, +9.494,+0.988
1647645600,+3.13,+30.104, +9.539,+0.987
1647645720,+3.13,+30.112, +9.539,+0.986
1647645840,+3.13,+30.060, +9.513,+0.987
1647645960,+3.13,+30.069, +9.599,+0.987
1647646080,+3.13,+30.086, +9.608,+0.986
1647646200,+3.13,+30.086, +9.614,+0.987
1647646320,+3.13,+30.112, +9.630,+0.986
1647646440,+3.13,+30.104, +9.672,+0.987
1647646560,+3.13,+30.112, +9.652,+0.987
1647646680,+3.12,+30.147, +9.668,+0.986
1647646800,+3.12,+30.164, +9.738,+0.987
1647646920,+3.12,+30.199, +9.817,+0.986
1647647040,+3.12,+30.224, +9.910,+0.987
1647647160,+3.12,+30.268, +9.897,+0.986
1647647280,+3.12,+30.294, +9.942,+0.987
1647647400,+3.12,+30.302, +9.947,+0.986
1647647520,+3.12,+30.337, +9.952,+0.988
1647647640,+3.12,+30.371, +9.948,+0.986
1647647760,+3.12,+30.389,+10.062,+0.987
1647647880,+3.12,+30.423,+10.066,+0.987
1647648000,+3.12,+30.406,+10.007,+0.987
1647648120,+3.12,+30.432,+10.038,+0.987
1647648240,+3.12,+30.449,+10.068,+0.988
1647648360,+3.12,+30.440,+10.011,+0.987
1647648480,+3.12,+30.458,+10.060,+0.987
1647648600,+3.12,+30.501,+10.136,+0.987
1647648720,+3.12,+30.527,+10.085,+0.988
1647648840,+3.12,+30.553,+10.134,+0.987
1647648960,+3.12,+30.570,+10.188,+0.986
1647649080,+3.12,+30.588,+10.203,+0.987
1647649200,+3.12,+30.622,+10.280,+0.988
1647649320,+3.12,+30.648,+10.313,+0.986
1647649440,+3.12,+30.683,+10.322,+0.988
1647649560,+3.12,+30.700,+10.302,+0.987
1647649680,+3.12,+30.691,+10.282,+0.987
1647649800,+3.12,+30.700,+10.338,+0.987
1647649920,+3.12,+30.709,+10.308,+0.987
1647650040,+3.12,+30.726,+10.415,+0.988
1647650160,+3.12,+30.726,+10.414,+0.987
1647650280,+3.12,+30.700,+10.297,+0.988
1647650400,+3.12,+30.639,+10.233,+0.987
1647650520,+3.12,+30.631,+10.295,+0.986
1647650640,+3.12,+30.691,+10.439,+0.987
1647650760,+3.12,+30.743,+10.437,+0.987
1647650880,+3.12,+30.735,+10.410,+0.987
1647651000,+3.12,+30.717,+10.452,+0.987
1647651120,+3.12,+30.726,+10.442,+0.987
1647651240,+3.12,+30.743,+10.429,+0.987
1647651360,+3.12,+30.752,+10.514,+0.987
1647651480,+3.12,+30.761,+10.483,+0.988
1647651600,+3.12,+30.787,+10.543,+0.988
1647651720,+3.12,+30.778,+10.510,+0.987
1647651840,+3.12,+30.717,+10.419,+0.987
1647651960,+3.12,+30.717,+10.445,+0.987
1647652080,+3.12,+30.769,+10.512,+0.988
1647652200,+3.12,+30.795,+10.570,+0.988
1647652320,+3.12,+30.804,+10.519,+0.987
1647652440,+3.12,+30.830,+10.544,+0.988
1647652560,+3.12,+30.839,+10.533,+0.986
1647652680,+3.12,+30.856,+10.487,+0.986
1647652800,+3.12,+30.795,+10.478,+0.987
1647652920,+3.12,+30.830,+10.458,+0.986
1647653040,+3.12,+30.856,+10.478,+0.987
1647653160,+3.12,+30.847,+10.492,+0.987
1647653280,+3.12,+30.856,+10.521,+0.987
1647653400,+3.12,+30.839,+10.543,+0.988
1647653520,+3.12,+30.839,+10.544,+0.988
1647653640,+3.12,+30.821,+10.508,+0.989
1647653760,+3.12,+30.804,+10.474,+0.987
1647653880,+3.12,+30.795,+10.541,+0.988
1647654000,+3.12,+30.804,+10.432,+0.987
1647654120,+3.12,+30.761,+10.446,+0.987
1647654240,+3.12,+30.761,+10.474,+0.986
1647654360,+3.12,+30.752,+10.523,+0.988
1647654480,+3.12,+30.743,+10.575,+0.988
1647654600,+3.12,+30.752,+10.621,+0.987
1647654720,+3.12,+30.769,+10.665,+0.987
1647654840,+3.12,+30.752,+10.630,+0.986
1647654960,+3.12,+30.778,+10.654,+0.988
1647655080,+3.12,+30.778,+10.663,+0.988
1647655200,+3.12,+30.769,+10.640,+0.987
1647655320,+3.12,+30.743,+10.643,+0.987
1647655440,+3.12,+30.726,+10.590,+0.987
1647655560,+3.12,+30.743,+10.654,+0.988
1647655680,+3.12,+30.761,+10.653,+0.988
1647655800,+3.12,+30.761,+10.609,+0.988
1647655920,+3.12,+30.761,+10.539,+0.986
1647656040,+3.12,+30.717,+10.512,+0.987
1647656160,+3.12,+30.691,+10.521,+0.987
1647656280,+3.12,+30.665,+10.580,+0.987
1647656400,+3.12,+30.657,+10.578,+0.988
1647656520,+3.12,+30.605,+10.553,+0.988
1647656640,+3.12,+30.614,+10.480,+0.987
1647656760,+3.12,+30.588,+10.474,+0.988
1647656880,+3.12,+30.570,+10.484,+0.987
1647657000,+3.12,+30.596,+10.536,+0.987
1647657120,+3.12,+30.579,+10.640,+0.987
1647657240,+3.12,+30.605,+10.682,+0.988
1647657360,+3.12,+30.596,+10.658,+0.987
1647657480,+3.12,+30.605,+10.560,+0.988
1647657600,+3.12,+30.570,+10.577,+0.987
1647657720,+3.12,+30.570,+10.641,+0.987
1647657840,+3.12,+30.579,+10.732,+0.988
1647657960,+3.12,+30.588,+10.673,+0.987
1647658080,+3.12,+30.596,+10.763,+0.987
1647658200,+3.12,+30.570,+10.702,+0.988
1647658320,+3.12,+30.588,+10.751,+0.988
1647658440,+3.12,+30.579,+10.768,+0.988
1647658560,+3.12,+30.579,+10.737,+0.987
1647658680,+3.12,+30.596,+10.797,+0.987
1647658800,+3.12,+30.579,+10.796,+0.987
1647658920,+3.12,+30.588,+10.805,+0.987
1647659040,+3.12,+30.570,+10.784,+0.987
1647659160,+3.12,+30.562,+10.804,+0.986
1647659280,+3.12,+30.570,+10.780,+0.986
1647659400,+3.12,+30.544,+10.725,+0.986
1647659520,+3.12,+30.544,+10.750,+0.986
1647659640,+3.12,+30.518,+10.696,+0.987
1647659760,+3.12,+30.510,+10.675,+0.986
1647659880,+3.12,+30.510,+10.793,+0.988
1647660000,+3.12,+30.501,+10.710,+0.987
1647660120,+3.12,+30.475,+10.781,+0.986
1647660240,+3.12,+30.458,+10.673,+0.987
1647660360,+3.12,+30.466,+10.678,+0.987
1647660480,+3.12,+30.449,+10.644,+0.988
1647660600,+3.12,+30.440,+10.569,+0.987
1647660720,+3.12,+30.415,+10.506,+0.987
1647660840,+3.12,+30.406,+10.520,+0.987
1647660960,+3.12,+30.397,+10.511,+0.987
1647661080,+3.12,+30.406,+10.472,+0.988
1647661200,+3.12,+30.389,+10.419,+0.986
1647661320,+3.12,+30.363,+10.331,+0.986
1647661440,+3.12,+30.337,+10.266,+0.987
1647661560,+3.12,+30.319,+10.224,+0.987
1647661680,+3.12,+30.311,+10.214,+0.987
1647661800,+3.12,+30.302,+10.126,+0.986
1647661920,+3.12,+30.302,+10.087,+0.987
1647662040,+3.12,+30.285,+10.060,+0.987
1647662160,+3.12,+30.259,+10.032,+0.988
1647662280,+3.12,+30.259, +9.990,+0.987
1647662400,+3.12,+30.233, +9.925,+0.986
1647662520,+3.12,+30.216, +9.892,+0.986
1647662640,+3.12,+30.207, +9.844,+0.987
1647662760,+3.12,+30.199, +9.803,+0.988
1647662880,+3.12,+30.164, +9.748,+0.986
1647663000,+3.12,+30.147, +9.672,+0.986
