7450-735719
OS REV: 1.05 Sensor Cal: 1573748658
Time (sec),  BV (Volts),  T (deg C),  DO (mg/l),  Q ()
1628376540,+3.47,+28.199, +8.855,+0.977
1628376600,+3.47,+28.208, +8.919,+0.978
1628376660,+3.47,+28.199, +8.881,+0.978
1628376720,+3.47,+28.225, +8.892,+0.978
1628376780,+3.47,+28.216, +8.731,+0.977
1628376840,+3.47,+28.216, +8.844,+0.978
1628376900,+3.47,+28.225, +8.870,+0.978
1628376960,+3.47,+28.233, +8.946,+0.978
1628377020,+3.47,+28.242, +8.975,+0.977
1628377080,+3.47,+28.233, +8.881,+0.978
1628377140,+3.47,+28.250, +8.731,+0.977
1628377200,+3.47,+28.250, +8.989,+0.978
1628377260,+3.47,+28.242, +9.043,+0.977
1628377320,+3.47,+28.242, +8.980,+0.978
1628377380,+3.47,+28.242, +8.811,+0.978
1628377440,+3.47,+28.242, +8.955,+0.978
1628377500,+3.47,+28.250, +9.088,+0.979
1628377560,+3.47,+28.276, +9.087,+0.979
1628377620,+3.47,+28.268, +8.995,+0.978
1628377680,+3.47,+28.250, +8.947,+0.978
1628377740,+3.47,+28.276, +8.907,+0.978
1628377800,+3.47,+28.293, +8.962,+0.977
1628377860,+3.47,+28.310, +8.924,+0.978
1628377920,+3.47,+28.310, +8.889,+0.978
1628377980,+3.47,+28.276, +8.902,+0.977
1628378040,+3.47,+28.302, +8.912,+0.978
1628378100,+3.47,+28.293, +8.868,+0.978
1628378160,+3.47,+28.310, +9.071,+0.978
1628378220,+3.47,+28.293, +9.037,+0.978
1628378280,+3.47,+28.302, +9.001,+0.978
1628378340,+3.47,+28.319, +9.028,+0.979
1628378400,+3.47,+28.310, +9.084,+0.979
1628378460,+3.47,+28.336, +9.087,+0.978
1628378520,+3.47,+28.319, +9.122,+0.979
1628378580,+3.47,+28.327, +8.990,+0.978
1628378640,+3.47,+28.319, +9.085,+0.978
1628378700,+3.47,+28.336, +9.112,+0.978
1628378760,+3.47,+28.336, +9.058,+0.979
1628378820,+3.47,+28.353, +8.890,+0.978
1628378880,+3.46,+28.361, +8.968,+0.978
1628378940,+3.46,+28.370, +9.081,+0.978
1628379000,+3.46,+28.387, +8.964,+0.978
1628379060,+3.47,+28.370, +8.927,+0.977
1628379120,+3.47,+28.344, +8.994,+0.978
1628379180,+3.47,+28.353, +8.965,+0.978
1628379240,+3.47,+28.361, +8.985,+0.978
1628379300,+3.46,+28.370, +9.143,+0.978
1628379360,+3.47,+28.387, +9.127,+0.978
1628379420,+3.47,+28.387, +9.069,+0.978
1628379480,+3.47,+28.387, +8.946,+0.978
1628379540,+3.47,+28.404, +9.189,+0.978
1628379600,+3.46,+28.396, +9.111,+0.979
1628379660,+3.47,+28.404, +8.939,+0.978
1628379720,+3.47,+28.379, +8.907,+0.978
1628379780,+3.47,+28.396, +8.964,+0.978
1628379840,+3.47,+28.413, +9.055,+0.977
1628379900,+3.47,+28.421, +9.006,+0.978
1628379960,+3.47,+28.430, +9.116,+0.978
1628380020,+3.46,+28.438, +9.126,+0.979
1628380080,+3.47,+28.413, +8.978,+0.978
1628380140,+3.46,+28.430, +9.078,+0.978
1628380200,+3.47,+28.447, +9.061,+0.978
1628380260,+3.46,+28.438, +9.042,+0.978
1628380320,+3.47,+28.455, +8.986,+0.978
1628380380,+3.47,+28.464, +9.019,+0.978
1628380440,+3.47,+28.455, +9.060,+0.978
1628380500,+3.47,+28.447, +9.042,+0.978
1628380560,+3.47,+28.464, +9.036,+0.979
1628380620,+3.47,+28.455, +9.113,+0.979
1628380680,+3.47,+28.438, +9.168,+0.978
1628380740,+3.47,+28.438, +9.166,+0.979
1628380800,+3.47,+28.438, +9.134,+0.978
1628380860,+3.47,+28.430, +9.218,+0.979
1628380920,+3.47,+28.430, +9.206,+0.977
1628380980,+3.47,+28.447, +9.127,+0.978
1628381040,+3.47,+28.438, +9.061,+0.978
1628381100,+3.46,+28.438, +9.049,+0.979
1628381160,+3.47,+28.455, +9.058,+0.979
1628381220,+3.47,+28.472, +9.159,+0.978
1628381280,+3.47,+28.481, +9.155,+0.979
1628381340,+3.47,+28.481, +9.032,+0.978
1628381400,+3.46,+28.490, +9.067,+0.979
1628381460,+3.47,+28.490, +9.169,+0.978
1628381520,+3.47,+28.481, +9.177,+0.979
1628381580,+3.46,+28.490, +9.169,+0.979
1628381640,+3.47,+28.481, +9.255,+0.979
1628381700,+3.47,+28.464, +9.269,+0.979
1628381760,+3.47,+28.481, +9.119,+0.978
1628381820,+3.47,+28.472, +9.044,+0.978
1628381880,+3.47,+28.464, +9.207,+0.978
1628381940,+3.47,+28.481, +9.240,+0.980
1628382000,+3.47,+28.481, +9.256,+0.978
1628382060,+3.47,+28.472, +9.314,+0.979
1628382120,+3.47,+28.472, +9.253,+0.979
1628382180,+3.47,+28.481, +9.088,+0.978
1628382240,+3.47,+28.481, +9.003,+0.978
1628382300,+3.47,+28.472, +9.269,+0.979
1628382360,+3.47,+28.472, +9.289,+0.979
1628382420,+3.47,+28.490, +9.278,+0.979
1628382480,+3.47,+28.490, +9.160,+0.979
1628382540,+3.47,+28.498, +9.089,+0.978
1628382600,+3.47,+28.498, +9.159,+0.979
1628382660,+3.47,+28.507, +9.021,+0.979
1628382720,+3.47,+28.507, +8.941,+0.978
1628382780,+3.47,+28.498, +8.936,+0.978
1628382840,+3.47,+28.498, +9.104,+0.978
1628382900,+3.47,+28.507, +9.173,+0.979
1628382960,+3.47,+28.498, +9.152,+0.978
1628383020,+3.47,+28.498, +9.239,+0.978
1628383080,+3.47,+28.498, +9.007,+0.978
1628383140,+3.47,+28.490, +9.098,+0.978
1628383200,+3.47,+28.498, +9.230,+0.979
1628383260,+3.47,+28.507, +9.207,+0.978
1628383320,+3.47,+28.507, +9.113,+0.978
1628383380,+3.47,+28.507, +9.166,+0.979
1628383440,+3.47,+28.498, +9.193,+0.978
1628383500,+3.47,+28.507, +9.181,+0.979
1628383560,+3.47,+28.490, +9.064,+0.979
1628383620,+3.47,+28.490, +8.973,+0.978
1628383680,+3.47,+28.507, +9.164,+0.979
1628383740,+3.47,+28.515, +9.126,+0.978
1628383800,+3.47,+28.481, +9.252,+0.978
1628383860,+3.47,+28.498, +9.110,+0.978
1628383920,+3.47,+28.498, +9.048,+0.978
1628383980,+3.47,+28.507, +9.119,+0.978
1628384040,+3.47,+28.507, +9.078,+0.979
1628384100,+3.47,+28.507, +9.166,+0.978
1628384160,+3.47,+28.490, +9.143,+0.978
1628384220,+3.47,+28.498, +8.963,+0.977
1628384280,+3.47,+28.481, +9.082,+0.978
1628384340,+3.47,+28.481, +9.067,+0.978
1628384400,+3.47,+28.481, +9.160,+0.979
1628384460,+3.47,+28.498, +9.051,+0.978
1628384520,+3.47,+28.481, +9.157,+0.978
1628384580,+3.47,+28.481, +9.167,+0.978
1628384640,+3.47,+28.472, +9.077,+0.978
1628384700,+3.47,+28.464, +9.087,+0.978
1628384760,+3.47,+28.464, +9.159,+0.979
1628384820,+3.47,+28.472, +9.234,+0.979
1628384880,+3.47,+28.455, +9.190,+0.979
1628384940,+3.47,+28.455, +8.934,+0.979
1628385000,+3.47,+28.455, +9.005,+0.978
1628385060,+3.47,+28.481, +9.100,+0.977
1628385120,+3.47,+28.464, +9.123,+0.979
1628385180,+3.47,+28.464, +8.943,+0.978
1628385240,+3.47,+28.455, +8.998,+0.979
1628385300,+3.47,+28.438, +9.213,+0.978
1628385360,+3.47,+28.455, +9.247,+0.978
1628385420,+3.47,+28.455, +9.263,+0.980
1628385480,+3.47,+28.421, +9.237,+0.979
1628385540,+3.47,+28.430, +9.050,+0.978
1628385600,+3.47,+28.438, +8.949,+0.978
1628385660,+3.47,+28.472, +9.119,+0.978
1628385720,+3.47,+28.447, +9.187,+0.978
1628385780,+3.47,+28.447, +9.108,+0.978
1628385840,+3.47,+28.455, +9.008,+0.978
1628385900,+3.47,+28.447, +8.951,+0.978
1628385960,+3.47,+28.447, +9.190,+0.979
1628386020,+3.47,+28.447, +9.215,+0.978
1628386080,+3.47,+28.447, +9.074,+0.978
1628386140,+3.47,+28.455, +8.963,+0.978
1628386200,+3.47,+28.464, +8.978,+0.978
1628386260,+3.47,+28.472, +9.094,+0.979
1628386320,+3.47,+28.464, +9.264,+0.978
1628386380,+3.47,+28.455, +9.061,+0.978
1628386440,+3.47,+28.455, +9.061,+0.978
1628386500,+3.47,+28.464, +9.010,+0.979
1628386560,+3.47,+28.472, +9.184,+0.979
1628386620,+3.47,+28.472, +9.154,+0.977
1628386680,+3.47,+28.464, +9.008,+0.978
1628386740,+3.47,+28.464, +9.041,+0.979
1628386800,+3.47,+28.472, +8.949,+0.979
1628386860,+3.47,+28.464, +9.060,+0.979
1628386920,+3.47,+28.472, +9.015,+0.978
1628386980,+3.47,+28.447, +9.139,+0.979
1628387040,+3.47,+28.455, +9.085,+0.978
1628387100,+3.47,+28.472, +8.970,+0.978
1628387160,+3.47,+28.455, +9.165,+0.979
1628387220,+3.47,+28.455, +9.157,+0.979
1628387280,+3.47,+28.447, +9.107,+0.979
1628387340,+3.47,+28.438, +9.064,+0.979
1628387400,+3.47,+28.464, +9.225,+0.978
1628387460,+3.47,+28.447, +9.211,+0.979
1628387520,+3.47,+28.447, +9.171,+0.979
1628387580,+3.47,+28.464, +9.118,+0.979
1628387640,+3.47,+28.438, +8.999,+0.979
1628387700,+3.47,+28.438, +9.252,+0.979
1628387760,+3.47,+28.438, +9.076,+0.978
1628387820,+3.47,+28.430, +9.225,+0.978
1628387880,+3.47,+28.430, +9.155,+0.978
1628387940,+3.47,+28.447, +9.097,+0.979
1628388000,+3.47,+28.421, +9.241,+0.978
1628388060,+3.47,+28.421, +9.317,+0.979
1628388120,+3.47,+28.413, +9.173,+0.978
1628388180,+3.47,+28.421, +9.052,+0.979
1628388240,+3.47,+28.421, +9.050,+0.979
1628388300,+3.47,+28.413, +9.109,+0.979
1628388360,+3.47,+28.404, +9.059,+0.979
1628388420,+3.47,+28.396, +8.880,+0.978
1628388480,+3.47,+28.379, +9.268,+0.979
1628388540,+3.47,+28.387, +9.319,+0.979
1628388600,+3.47,+28.387, +9.234,+0.979
1628388660,+3.47,+28.379, +9.134,+0.979
1628388720,+3.47,+28.387, +8.921,+0.978
1628388780,+3.47,+28.387, +9.169,+0.979
1628388840,+3.47,+28.396, +9.312,+0.978
1628388900,+3.47,+28.379, +9.284,+0.978
1628388960,+3.47,+28.387, +9.170,+0.978
1628389020,+3.47,+28.387, +9.020,+0.978
1628389080,+3.47,+28.370, +8.986,+0.979
1628389140,+3.47,+28.370, +9.211,+0.978
1628389200,+3.47,+28.370, +9.278,+0.979
1628389260,+3.47,+28.353, +9.027,+0.978
1628389320,+3.47,+28.361, +8.989,+0.977
1628389380,+3.47,+28.353, +9.071,+0.978
1628389440,+3.47,+28.353, +9.080,+0.978
1628389500,+3.47,+28.353, +9.104,+0.978
1628389560,+3.47,+28.353, +9.074,+0.978
1628389620,+3.47,+28.353, +9.120,+0.978
1628389680,+3.47,+28.353, +9.152,+0.978
1628389740,+3.47,+28.344, +9.266,+0.978
1628389800,+3.47,+28.344, +9.220,+0.978
1628389860,+3.47,+28.344, +9.224,+0.978
1628389920,+3.47,+28.353, +9.178,+0.978
1628389980,+3.47,+28.327, +8.935,+0.978
1628390040,+3.47,+28.327, +8.823,+0.979
1628390100,+3.47,+28.319, +9.241,+0.978
1628390160,+3.47,+28.319, +9.346,+0.979
1628390220,+3.47,+28.319, +9.075,+0.977
1628390280,+3.47,+28.285, +8.758,+0.977
1628390340,+3.47,+28.285, +8.969,+0.978
1628390400,+3.47,+28.302, +9.135,+0.978
1628390460,+3.47,+28.293, +9.151,+0.978
1628390520,+3.47,+28.285, +9.298,+0.978
1628390580,+3.47,+28.285, +9.232,+0.978
1628390640,+3.47,+28.276, +9.018,+0.978
1628390700,+3.47,+28.293, +8.972,+0.977
1628390760,+3.47,+28.276, +8.995,+0.978
1628390820,+3.47,+28.259, +8.972,+0.978
1628390880,+3.47,+28.242, +8.783,+0.978
1628390940,+3.47,+28.250, +8.863,+0.978
1628391000,+3.47,+28.225, +8.798,+0.977
1628391060,+3.47,+28.233, +9.079,+0.979
1628391120,+3.47,+28.242, +9.169,+0.978
1628391180,+3.47,+28.233, +8.745,+0.977
1628391240,+3.47,+28.216, +8.862,+0.978
1628391300,+3.47,+28.208, +8.888,+0.978
1628391360,+3.47,+28.208, +9.002,+0.977
1628391420,+3.47,+28.208, +9.107,+0.978
1628391480,+3.47,+28.199, +8.985,+0.978
1628391540,+3.47,+28.182, +8.777,+0.978
1628391600,+3.47,+28.174, +8.855,+0.978
1628391660,+3.47,+28.157, +8.713,+0.978
1628391720,+3.47,+28.157, +8.539,+0.977
1628391780,+3.47,+28.148, +8.840,+0.978
1628391840,+3.47,+28.148, +8.910,+0.978
1628391900,+3.47,+28.165, +9.026,+0.979
1628391960,+3.47,+28.148, +8.889,+0.977
1628392020,+3.47,+28.140, +8.803,+0.978
1628392080,+3.47,+28.131, +8.613,+0.978
1628392140,+3.47,+28.123, +8.772,+0.978
1628392200,+3.47,+28.114, +8.856,+0.976
1628392260,+3.47,+28.123, +8.932,+0.978
1628392320,+3.47,+28.123, +8.975,+0.978
1628392380,+3.47,+28.123, +8.866,+0.978
1628392440,+3.47,+28.080, +8.611,+0.977
1628392500,+3.47,+28.097, +8.794,+0.978
1628392560,+3.47,+28.080, +8.789,+0.977
1628392620,+3.47,+28.071, +8.884,+0.978
1628392680,+3.47,+28.071, +8.774,+0.978
1628392740,+3.47,+28.063, +8.649,+0.977
1628392800,+3.47,+28.046, +8.577,+0.978
1628392860,+3.47,+28.029, +8.660,+0.978
1628392920,+3.47,+28.046, +8.613,+0.977
1628392980,+3.47,+28.020, +8.703,+0.977
1628393040,+3.47,+28.020, +8.652,+0.977
1628393100,+3.47,+28.020, +8.614,+0.978
1628393160,+3.47,+28.003, +8.660,+0.978
1628393220,+3.47,+27.986, +8.392,+0.977
1628393280,+3.47,+27.986, +8.527,+0.978
1628393340,+3.47,+27.978, +8.481,+0.978
1628393400,+3.47,+27.995, +8.566,+0.978
1628393460,+3.47,+28.003, +8.623,+0.977
1628393520,+3.47,+27.995, +8.498,+0.978
1628393580,+3.47,+27.978, +8.506,+0.978
1628393640,+3.47,+27.995, +8.767,+0.978
1628393700,+3.47,+27.978, +8.721,+0.978
1628393760,+3.47,+27.961, +8.411,+0.977
1628393820,+3.47,+27.944, +8.517,+0.978
1628393880,+3.47,+27.927, +8.477,+0.977
1628393940,+3.47,+27.935, +8.282,+0.977
1628394000,+3.47,+27.935, +8.334,+0.977
1628394060,+3.47,+27.918, +8.276,+0.977
1628394120,+3.47,+27.909, +8.476,+0.977
1628394180,+3.47,+27.918, +8.465,+0.977
1628394240,+3.47,+27.918, +8.458,+0.977
1628394300,+3.47,+27.901, +8.307,+0.977
1628394360,+3.47,+27.875, +8.081,+0.978
1628394420,+3.47,+27.850, +8.257,+0.977
1628394480,+3.47,+27.867, +8.385,+0.977
1628394540,+3.47,+27.841, +8.357,+0.976
1628394600,+3.47,+27.858, +8.330,+0.977
1628394660,+3.47,+27.858, +8.303,+0.976
1628394720,+3.47,+27.858, +8.170,+0.977
1628394780,+3.47,+27.816, +8.005,+0.977
1628394840,+3.47,+27.824, +8.325,+0.976
1628394900,+3.47,+27.824, +8.393,+0.978
1628394960,+3.47,+27.824, +8.257,+0.977
1628395020,+3.47,+27.782, +8.044,+0.976
1628395080,+3.47,+27.765, +8.104,+0.976
1628395140,+3.47,+27.773, +8.247,+0.976
1628395200,+3.47,+27.790, +8.152,+0.977
1628395260,+3.47,+27.790, +8.179,+0.977
1628395320,+3.47,+27.807, +8.222,+0.977
1628395380,+3.47,+27.773, +8.168,+0.978
1628395440,+3.47,+27.773, +8.053,+0.977
1628395500,+3.47,+27.782, +8.088,+0.976
1628395560,+3.47,+27.756, +8.113,+0.977
1628395620,+3.47,+27.756, +8.234,+0.977
1628395680,+3.47,+27.748, +8.033,+0.976
1628395740,+3.47,+27.739, +8.001,+0.977
1628395800,+3.47,+27.731, +7.952,+0.977
1628395860,+3.47,+27.722, +8.143,+0.977
1628395920,+3.47,+27.731, +8.223,+0.977
1628395980,+3.47,+27.714, +7.999,+0.976
1628396040,+3.47,+27.714, +8.140,+0.977
1628396100,+3.47,+27.714, +8.153,+0.977
1628396160,+3.47,+27.714, +8.045,+0.977
1628396220,+3.47,+27.705, +8.178,+0.977
1628396280,+3.47,+27.697, +7.903,+0.976
1628396340,+3.47,+27.671, +7.895,+0.977
1628396400,+3.47,+27.680, +8.038,+0.977
1628396460,+3.47,+27.680, +8.075,+0.977
1628396520,+3.47,+27.688, +7.998,+0.977
1628396580,+3.47,+27.671, +8.103,+0.977
1628396640,+3.47,+27.680, +8.125,+0.977
1628396700,+3.47,+27.671, +8.140,+0.976
1628396760,+3.47,+27.688, +8.001,+0.977
1628396820,+3.47,+27.663, +7.926,+0.976
1628396880,+3.47,+27.620, +7.811,+0.976
1628396940,+3.47,+27.637, +8.009,+0.976
1628397000,+3.47,+27.612, +7.962,+0.976
1628397060,+3.47,+27.620, +7.913,+0.977
1628397120,+3.47,+27.629, +8.006,+0.978
1628397180,+3.47,+27.629, +7.960,+0.976
1628397240,+3.47,+27.586, +7.871,+0.977
1628397300,+3.47,+27.578, +7.894,+0.977
1628397360,+3.47,+27.612, +8.031,+0.977
1628397420,+3.47,+27.612, +7.980,+0.977
1628397480,+3.47,+27.603, +7.937,+0.976
1628397540,+3.47,+27.595, +7.907,+0.976
1628397600,+3.47,+27.603, +7.894,+0.976
1628397660,+3.47,+27.569, +7.775,+0.976
1628397720,+3.47,+27.569, +7.786,+0.976
1628397780,+3.47,+27.569, +7.850,+0.977
1628397840,+3.47,+27.561, +7.952,+0.977
1628397900,+3.46,+27.552, +7.850,+0.976
1628397960,+3.46,+27.552, +7.856,+0.976
1628398020,+3.46,+27.561, +7.819,+0.976
1628398080,+3.46,+27.544, +7.752,+0.976
1628398140,+3.46,+27.527, +7.795,+0.976
1628398200,+3.46,+27.544, +7.906,+0.976
1628398260,+3.46,+27.561, +7.910,+0.976
1628398320,+3.46,+27.544, +7.942,+0.976
1628398380,+3.47,+27.527, +7.869,+0.977
1628398440,+3.46,+27.518, +7.735,+0.976
1628398500,+3.46,+27.510, +7.619,+0.976
1628398560,+3.46,+27.493, +7.729,+0.976
1628398620,+3.46,+27.493, +7.881,+0.976
1628398680,+3.46,+27.527, +7.862,+0.976
1628398740,+3.46,+27.518, +7.913,+0.976
1628398800,+3.46,+27.501, +7.779,+0.976
1628398860,+3.46,+27.493, +7.831,+0.977
1628398920,+3.46,+27.484, +7.815,+0.977
1628398980,+3.46,+27.501, +7.787,+0.976
1628399040,+3.46,+27.501, +7.784,+0.976
1628399100,+3.46,+27.484, +7.659,+0.976
1628399160,+3.46,+27.450, +7.639,+0.976
1628399220,+3.46,+27.450, +7.687,+0.976
1628399280,+3.46,+27.433, +7.724,+0.976
1628399340,+3.46,+27.433, +7.580,+0.976
1628399400,+3.47,+27.408, +7.365,+0.976
1628399460,+3.46,+27.399, +7.697,+0.976
1628399520,+3.47,+27.433, +7.779,+0.977
1628399580,+3.46,+27.450, +7.802,+0.976
1628399640,+3.46,+27.467, +7.920,+0.976
1628399700,+3.46,+27.467, +7.738,+0.976
1628399760,+3.46,+27.433, +7.689,+0.977
1628399820,+3.46,+27.416, +7.521,+0.977
1628399880,+3.47,+27.399, +7.579,+0.976
1628399940,+3.47,+27.374, +7.513,+0.976
1628400000,+3.47,+27.391, +7.636,+0.976
1628400060,+3.47,+27.382, +7.709,+0.976
1628400120,+3.47,+27.374, +7.609,+0.976
1628400180,+3.47,+27.357, +7.607,+0.976
1628400240,+3.47,+27.365, +7.674,+0.977
1628400300,+3.47,+27.365, +7.571,+0.976
1628400360,+3.47,+27.348, +7.553,+0.976
1628400420,+3.47,+27.348, +7.559,+0.975
1628400480,+3.47,+27.357, +7.472,+0.976
1628400540,+3.47,+27.340, +7.535,+0.976
1628400600,+3.47,+27.323, +7.530,+0.976
1628400660,+3.47,+27.348, +7.570,+0.975
1628400720,+3.47,+27.340, +7.598,+0.976
1628400780,+3.47,+27.340, +7.608,+0.976
1628400840,+3.47,+27.348, +7.636,+0.975
1628400900,+3.47,+27.340, +7.492,+0.976
1628400960,+3.47,+27.314, +7.433,+0.975
1628401020,+3.47,+27.306, +7.449,+0.976
1628401080,+3.47,+27.280, +7.390,+0.976
1628401140,+3.47,+27.280, +7.376,+0.976
1628401200,+3.47,+27.272, +7.430,+0.976
1628401260,+3.47,+27.263, +7.454,+0.975
1628401320,+3.46,+27.306, +7.656,+0.976
1628401380,+3.47,+27.314, +7.696,+0.976
1628401440,+3.47,+27.314, +7.561,+0.977
1628401500,+3.47,+27.272, +7.402,+0.976
1628401560,+3.47,+27.263, +7.289,+0.975
1628401620,+3.47,+27.272, +7.458,+0.976
1628401680,+3.46,+27.314, +7.649,+0.976
1628401740,+3.47,+27.323, +7.487,+0.975
1628401800,+3.46,+27.306, +7.325,+0.976
1628401860,+3.47,+27.255, +7.182,+0.976
1628401920,+3.47,+27.212, +7.182,+0.976
1628401980,+3.47,+27.229, +7.442,+0.976
1628402040,+3.47,+27.246, +7.540,+0.975
1628402100,+3.47,+27.238, +7.379,+0.975
1628402160,+3.47,+27.238, +7.442,+0.975
1628402220,+3.47,+27.238, +7.406,+0.976
1628402280,+3.47,+27.229, +7.426,+0.976
1628402340,+3.47,+27.238, +7.384,+0.976
1628402400,+3.47,+27.221, +7.422,+0.976
1628402460,+3.47,+27.229, +7.426,+0.975
1628402520,+3.47,+27.221, +7.276,+0.975
1628402580,+3.47,+27.187, +7.417,+0.976
1628402640,+3.47,+27.195, +7.352,+0.975
1628402700,+3.47,+27.195, +7.211,+0.975
1628402760,+3.47,+27.161, +7.356,+0.976
1628402820,+3.47,+27.161, +7.282,+0.975
1628402880,+3.47,+27.170, +7.430,+0.975
1628402940,+3.47,+27.170, +7.335,+0.976
1628403000,+3.47,+27.161, +7.324,+0.975
1628403060,+3.47,+27.161, +7.273,+0.975
1628403120,+3.47,+27.161, +7.370,+0.975
1628403180,+3.47,+27.170, +7.342,+0.976
1628403240,+3.47,+27.170, +7.355,+0.975
1628403300,+3.47,+27.161, +7.182,+0.975
1628403360,+3.47,+27.153, +7.200,+0.975
1628403420,+3.47,+27.128, +7.226,+0.975
1628403480,+3.47,+27.144, +7.307,+0.976
1628403540,+3.47,+27.144, +7.335,+0.976
1628403600,+3.47,+27.144, +7.430,+0.976
1628403660,+3.47,+27.144, +7.212,+0.975
1628403720,+3.47,+27.136, +7.226,+0.976
1628403780,+3.47,+27.128, +7.037,+0.975
1628403840,+3.47,+27.111, +7.381,+0.975
1628403900,+3.47,+27.119, +7.348,+0.976
1628403960,+3.47,+27.128, +7.221,+0.975
1628404020,+3.47,+27.119, +7.188,+0.975
1628404080,+3.47,+27.111, +7.168,+0.975
1628404140,+3.47,+27.102, +7.385,+0.975
1628404200,+3.47,+27.119, +7.301,+0.975
1628404260,+3.47,+27.111, +7.318,+0.975
1628404320,+3.47,+27.102, +7.199,+0.975
1628404380,+3.47,+27.102, +7.239,+0.975
1628404440,+3.47,+27.102, +7.241,+0.975
1628404500,+3.47,+27.102, +7.224,+0.976
1628404560,+3.47,+27.085, +7.247,+0.974
1628404620,+3.47,+27.085, +7.285,+0.975
1628404680,+3.47,+27.077, +7.062,+0.974
1628404740,+3.47,+27.060, +7.143,+0.975
1628404800,+3.47,+27.051, +7.291,+0.976
1628404860,+3.47,+27.094, +7.257,+0.976
1628404920,+3.47,+27.085, +7.124,+0.975
1628404980,+3.47,+27.085, +7.316,+0.975
1628405040,+3.47,+27.060, +7.272,+0.975
1628405100,+3.47,+27.060, +7.168,+0.975
1628405160,+3.47,+27.060, +7.217,+0.975
1628405220,+3.47,+27.068, +7.164,+0.975
1628405280,+3.47,+27.060, +7.101,+0.975
1628405340,+3.47,+27.060, +7.206,+0.975
1628405400,+3.47,+27.068, +7.295,+0.976
1628405460,+3.47,+27.051, +7.228,+0.976
1628405520,+3.47,+27.034, +7.174,+0.975
1628405580,+3.47,+27.026, +7.073,+0.975
1628405640,+3.47,+27.017, +7.294,+0.975
1628405700,+3.47,+27.026, +7.259,+0.976
1628405760,+3.47,+27.051, +7.324,+0.975
1628405820,+3.47,+27.043, +7.218,+0.975
1628405880,+3.47,+27.034, +7.153,+0.975
1628405940,+3.47,+27.060, +7.228,+0.975
1628406000,+3.47,+27.034, +7.160,+0.975
1628406060,+3.47,+27.017, +7.111,+0.975
1628406120,+3.47,+26.992, +7.136,+0.975
1628406180,+3.47,+27.009, +7.155,+0.975
1628406240,+3.47,+27.000, +7.309,+0.974
1628406300,+3.47,+27.009, +7.266,+0.975
1628406360,+3.47,+27.026, +7.298,+0.975
1628406420,+3.47,+27.026, +7.302,+0.975
1628406480,+3.47,+27.026, +7.182,+0.975
1628406540,+3.47,+27.026, +7.206,+0.975
1628406600,+3.47,+27.026, +7.226,+0.976
1628406660,+3.47,+27.009, +7.115,+0.975
1628406720,+3.47,+27.009, +7.092,+0.975
1628406780,+3.47,+26.992, +7.064,+0.975
1628406840,+3.47,+26.992, +7.137,+0.975
1628406900,+3.47,+26.992, +7.221,+0.975
1628406960,+3.47,+27.009, +7.036,+0.975
1628407020,+3.47,+26.983, +7.087,+0.975
1628407080,+3.47,+26.975, +7.153,+0.975
1628407140,+3.47,+27.000, +7.331,+0.975
1628407200,+3.47,+27.026, +7.340,+0.975
1628407260,+3.47,+27.043, +7.339,+0.975
1628407320,+3.47,+27.043, +7.219,+0.975
1628407380,+3.47,+27.051, +7.340,+0.975
1628407440,+3.47,+27.017, +7.070,+0.975
1628407500,+3.47,+27.009, +7.049,+0.975
1628407560,+3.47,+27.000, +7.242,+0.975
1628407620,+3.47,+27.000, +7.238,+0.975
1628407680,+3.47,+27.000, +7.328,+0.976
1628407740,+3.47,+27.000, +7.201,+0.975
1628407800,+3.47,+26.992, +7.158,+0.975
1628407860,+3.47,+27.000, +7.274,+0.976
1628407920,+3.47,+27.009, +7.345,+0.974
1628407980,+3.47,+27.009, +7.260,+0.975
1628408040,+3.47,+27.009, +7.131,+0.975
1628408100,+3.47,+27.000, +7.217,+0.975
1628408160,+3.47,+27.000, +7.312,+0.976
1628408220,+3.47,+27.000, +7.237,+0.975
1628408280,+3.47,+27.009, +7.301,+0.975
1628408340,+3.47,+26.966, +7.209,+0.974
1628408400,+3.47,+26.966, +7.342,+0.975
1628408460,+3.47,+26.992, +7.160,+0.975
1628408520,+3.47,+26.975, +7.218,+0.975
1628408580,+3.47,+26.983, +7.230,+0.975
1628408640,+3.47,+26.992, +7.315,+0.975
1628408700,+3.47,+26.966, +7.114,+0.975
1628408760,+3.47,+26.949, +7.076,+0.975
1628408820,+3.47,+26.949, +7.206,+0.975
1628408880,+3.47,+26.949, +7.105,+0.974
1628408940,+3.47,+26.949, +7.214,+0.974
1628409000,+3.47,+26.958, +7.068,+0.975
1628409060,+3.47,+26.966, +7.278,+0.976
1628409120,+3.47,+26.983, +7.235,+0.975
1628409180,+3.47,+26.949, +7.064,+0.975
1628409240,+3.47,+26.958, +7.154,+0.975
1628409300,+3.47,+26.966, +7.233,+0.975
1628409360,+3.47,+26.966, +7.240,+0.975
1628409420,+3.47,+26.975, +7.208,+0.975
1628409480,+3.47,+26.941, +7.207,+0.975
1628409540,+3.47,+26.932, +7.191,+0.975
1628409600,+3.47,+26.932, +7.159,+0.975
1628409660,+3.47,+26.916, +7.265,+0.975
1628409720,+3.47,+26.924, +7.118,+0.975
1628409780,+3.47,+26.924, +7.210,+0.974
1628409840,+3.47,+26.907, +7.083,+0.975
1628409900,+3.47,+26.924, +7.102,+0.975
1628409960,+3.47,+26.907, +7.022,+0.975
1628410020,+3.47,+26.907, +7.203,+0.975
1628410080,+3.47,+26.924, +7.283,+0.975
1628410140,+3.47,+26.941, +7.194,+0.975
1628410200,+3.47,+26.932, +7.207,+0.975
1628410260,+3.47,+26.907, +6.951,+0.974
1628410320,+3.47,+26.916, +7.016,+0.975
1628410380,+3.47,+26.899, +7.183,+0.975
1628410440,+3.47,+26.899, +7.038,+0.975
1628410500,+3.47,+26.916, +7.160,+0.975
1628410560,+3.47,+26.932, +7.246,+0.976
1628410620,+3.47,+26.949, +7.158,+0.975
1628410680,+3.47,+26.932, +7.129,+0.975
1628410740,+3.47,+26.916, +7.042,+0.974
1628410800,+3.47,+26.916, +7.109,+0.975
1628410860,+3.47,+26.882, +7.239,+0.975
1628410920,+3.47,+26.899, +7.243,+0.975
1628410980,+3.47,+26.924, +7.074,+0.975
1628411040,+3.47,+26.916, +7.214,+0.975
1628411100,+3.47,+26.907, +7.232,+0.975
1628411160,+3.47,+26.899, +7.170,+0.975
1628411220,+3.47,+26.907, +7.260,+0.975
1628411280,+3.47,+26.899, +7.161,+0.975
1628411340,+3.47,+26.916, +7.248,+0.975
1628411400,+3.47,+26.916, +7.132,+0.975
1628411460,+3.47,+26.924, +7.235,+0.975
1628411520,+3.47,+26.899, +7.137,+0.975
1628411580,+3.47,+26.916, +7.166,+0.976
1628411640,+3.47,+26.932, +7.192,+0.975
1628411700,+3.47,+26.924, +7.224,+0.975
1628411760,+3.47,+26.916, +7.165,+0.975
1628411820,+3.47,+26.907, +7.157,+0.975
1628411880,+3.47,+26.916, +7.128,+0.975
1628411940,+3.47,+26.924, +7.136,+0.975
1628412000,+3.47,+26.932, +7.173,+0.975
1628412060,+3.47,+26.924, +7.224,+0.975
1628412120,+3.47,+26.958, +7.130,+0.974
1628412180,+3.47,+26.907, +7.108,+0.974
1628412240,+3.47,+26.907, +7.094,+0.975
1628412300,+3.47,+26.882, +7.023,+0.974
1628412360,+3.47,+26.907, +7.113,+0.975
1628412420,+3.47,+26.907, +7.130,+0.974
1628412480,+3.47,+26.924, +7.071,+0.975
1628412540,+3.47,+26.907, +7.165,+0.975
1628412600,+3.47,+26.899, +7.127,+0.975
1628412660,+3.47,+26.907, +7.123,+0.975
1628412720,+3.47,+26.856, +7.077,+0.974
1628412780,+3.47,+26.873, +7.041,+0.975
1628412840,+3.47,+26.890, +7.081,+0.975
1628412900,+3.47,+26.890, +7.182,+0.975
1628412960,+3.47,+26.890, +7.079,+0.975
1628413020,+3.47,+26.907, +7.119,+0.975
1628413080,+3.47,+26.899, +7.139,+0.975
1628413140,+3.47,+26.899, +7.088,+0.974
1628413200,+3.47,+26.932, +7.115,+0.975
1628413260,+3.47,+26.924, +7.156,+0.975
1628413320,+3.47,+26.924, +7.064,+0.975
1628413380,+3.47,+26.907, +7.016,+0.975
1628413440,+3.47,+26.890, +7.052,+0.975
1628413500,+3.47,+26.882, +7.145,+0.975
1628413560,+3.47,+26.848, +7.111,+0.975
1628413620,+3.47,+26.882, +7.169,+0.975
1628413680,+3.47,+26.924, +7.169,+0.975
1628413740,+3.47,+26.949, +7.164,+0.975
1628413800,+3.47,+26.941, +7.167,+0.975
1628413860,+3.47,+26.916, +7.172,+0.975
1628413920,+3.47,+26.899, +7.219,+0.975
1628413980,+3.47,+26.916, +7.167,+0.975
1628414040,+3.47,+26.916, +7.149,+0.974
1628414100,+3.47,+26.941, +7.075,+0.974
1628414160,+3.47,+26.890, +7.179,+0.974
1628414220,+3.47,+26.890, +7.202,+0.975
1628414280,+3.47,+26.916, +7.082,+0.974
1628414340,+3.47,+26.916, +7.149,+0.975
1628414400,+3.47,+26.907, +7.078,+0.975
1628414460,+3.47,+26.916, +7.083,+0.975
1628414520,+3.47,+26.941, +7.124,+0.975
1628414580,+3.47,+26.916, +7.155,+0.975
1628414640,+3.47,+26.916, +7.167,+0.975
1628414700,+3.47,+26.941, +7.111,+0.975
1628414760,+3.47,+26.941, +7.102,+0.975
1628414820,+3.47,+26.941, +7.147,+0.975
1628414880,+3.47,+26.932, +7.160,+0.975
1628414940,+3.47,+26.907, +7.166,+0.975
1628415000,+3.47,+26.907, +7.099,+0.974
1628415060,+3.47,+26.907, +7.105,+0.974
1628415120,+3.47,+26.907, +7.121,+0.975
1628415180,+3.47,+26.916, +7.125,+0.975
1628415240,+3.47,+26.916, +7.107,+0.975
1628415300,+3.47,+26.924, +7.099,+0.975
1628415360,+3.47,+26.941, +7.092,+0.975
1628415420,+3.47,+26.941, +7.114,+0.975
1628415480,+3.47,+26.941, +7.115,+0.975
1628415540,+3.47,+26.924, +7.079,+0.975
1628415600,+3.47,+26.916, +7.067,+0.975
1628415660,+3.47,+26.916, +7.084,+0.974
1628415720,+3.47,+26.941, +7.099,+0.975
1628415780,+3.47,+26.941, +7.060,+0.975
1628415840,+3.47,+26.916, +7.128,+0.975
1628415900,+3.47,+26.916, +7.128,+0.975
1628415960,+3.47,+26.907, +7.102,+0.975
1628416020,+3.47,+26.899, +7.124,+0.975
1628416080,+3.47,+26.907, +7.069,+0.974
1628416140,+3.47,+26.916, +7.052,+0.975
1628416200,+3.47,+26.941, +7.030,+0.975
1628416260,+3.47,+26.966, +7.028,+0.975
1628416320,+3.47,+26.949, +7.007,+0.975
1628416380,+3.47,+26.941, +7.020,+0.975
1628416440,+3.47,+26.924, +7.056,+0.975
1628416500,+3.47,+26.924, +7.051,+0.974
1628416560,+3.47,+26.932, +7.035,+0.975
1628416620,+3.47,+26.932, +7.028,+0.975
1628416680,+3.47,+26.932, +7.035,+0.974
1628416740,+3.47,+26.907, +7.038,+0.975
1628416800,+3.47,+26.899, +7.073,+0.975
1628416860,+3.47,+26.882, +7.082,+0.974
1628416920,+3.47,+26.890, +7.036,+0.974
1628416980,+3.47,+26.890, +7.038,+0.974
1628417040,+3.47,+26.890, +7.044,+0.975
1628417100,+3.47,+26.907, +7.015,+0.975
1628417160,+3.47,+26.924, +7.003,+0.975
1628417220,+3.47,+26.907, +7.021,+0.975
1628417280,+3.47,+26.899, +7.020,+0.974
1628417340,+3.47,+26.899, +7.025,+0.975
1628417400,+3.47,+26.899, +7.024,+0.975
1628417460,+3.47,+26.899, +7.024,+0.974
1628417520,+3.47,+26.899, +7.039,+0.974
1628417580,+3.47,+26.899, +7.039,+0.975
1628417640,+3.47,+26.907, +7.024,+0.975
1628417700,+3.47,+26.907, +7.004,+0.975
1628417760,+3.47,+26.907, +7.025,+0.975
1628417820,+3.47,+26.899, +6.987,+0.974
1628417880,+3.47,+26.899, +6.985,+0.975
1628417940,+3.47,+26.899, +7.017,+0.974
1628418000,+3.47,+26.899, +6.995,+0.975
1628418060,+3.47,+26.856, +7.080,+0.975
1628418120,+3.47,+26.873, +7.022,+0.975
1628418180,+3.47,+26.873, +7.023,+0.974
1628418240,+3.47,+26.873, +7.032,+0.974
1628418300,+3.47,+26.882, +7.005,+0.974
1628418360,+3.47,+26.890, +7.001,+0.975
1628418420,+3.47,+26.873, +6.991,+0.974
1628418480,+3.47,+26.882, +6.995,+0.975
1628418540,+3.47,+26.865, +7.016,+0.975
1628418600,+3.47,+26.865, +7.008,+0.975
1628418660,+3.47,+26.848, +7.016,+0.974
1628418720,+3.47,+26.873, +6.986,+0.975
1628418780,+3.47,+26.873, +6.978,+0.975
1628418840,+3.47,+26.865, +7.005,+0.975
1628418900,+3.47,+26.856, +7.012,+0.975
1628418960,+3.47,+26.831, +7.059,+0.975
1628419020,+3.47,+26.822, +7.074,+0.975
1628419080,+3.47,+26.822, +7.028,+0.975
1628419140,+3.47,+26.856, +6.966,+0.975
1628419200,+3.47,+26.873, +6.940,+0.975
1628419260,+3.47,+26.882, +6.955,+0.975
1628419320,+3.47,+26.865, +6.940,+0.974
1628419380,+3.47,+26.856, +7.010,+0.974
1628419440,+3.47,+26.856, +6.980,+0.975
1628419500,+3.47,+26.856, +6.939,+0.975
1628419560,+3.47,+26.856, +6.964,+0.975
1628419620,+3.47,+26.856, +6.946,+0.975
1628419680,+3.47,+26.873, +6.953,+0.974
1628419740,+3.47,+26.848, +6.971,+0.974
1628419800,+3.47,+26.856, +6.988,+0.975
1628419860,+3.47,+26.856, +6.956,+0.974
1628419920,+3.47,+26.848, +6.983,+0.974
1628419980,+3.47,+26.839, +6.962,+0.975
1628420040,+3.47,+26.873, +6.900,+0.974
1628420100,+3.47,+26.873, +6.932,+0.974
1628420160,+3.47,+26.865, +6.930,+0.975
1628420220,+3.47,+26.873, +6.959,+0.974
1628420280,+3.47,+26.865, +6.970,+0.974
1628420340,+3.47,+26.831, +6.947,+0.974
1628420400,+3.47,+26.856, +6.945,+0.975
1628420460,+3.47,+26.873, +6.935,+0.975
1628420520,+3.47,+26.839, +6.958,+0.975
1628420580,+3.47,+26.856, +6.922,+0.974
1628420640,+3.47,+26.865, +6.909,+0.975
1628420700,+3.47,+26.873, +6.915,+0.974
1628420760,+3.47,+26.865, +6.950,+0.975
1628420820,+3.47,+26.873, +6.927,+0.974
1628420880,+3.47,+26.839, +6.954,+0.975
1628420940,+3.47,+26.831, +6.967,+0.974
1628421000,+3.47,+26.848, +6.913,+0.975
1628421060,+3.47,+26.865, +6.930,+0.975
1628421120,+3.47,+26.865, +6.917,+0.975
1628421180,+3.47,+26.873, +6.934,+0.975
1628421240,+3.47,+26.882, +6.922,+0.975
1628421300,+3.47,+26.856, +6.929,+0.975
1628421360,+3.47,+26.848, +6.981,+0.975
1628421420,+3.47,+26.856, +6.939,+0.975
1628421480,+3.47,+26.839, +6.944,+0.975
1628421540,+3.47,+26.839, +6.945,+0.975
1628421600,+3.47,+26.848, +6.911,+0.975
1628421660,+3.47,+26.856, +6.914,+0.975
1628421720,+3.47,+26.856, +6.922,+0.974
1628421780,+3.47,+26.831, +6.953,+0.974
1628421840,+3.47,+26.839, +6.952,+0.975
1628421900,+3.47,+26.839, +6.948,+0.974
1628421960,+3.47,+26.831, +6.943,+0.975
1628422020,+3.47,+26.831, +6.946,+0.974
1628422080,+3.47,+26.831, +6.905,+0.975
1628422140,+3.47,+26.822, +6.934,+0.974
1628422200,+3.47,+26.822, +6.961,+0.974
1628422260,+3.47,+26.839, +6.908,+0.974
1628422320,+3.47,+26.831, +6.912,+0.974
1628422380,+3.47,+26.814, +6.927,+0.974
1628422440,+3.47,+26.780, +6.968,+0.975
1628422500,+3.47,+26.831, +6.933,+0.975
1628422560,+3.47,+26.831, +6.888,+0.974
1628422620,+3.47,+26.831, +6.906,+0.975
1628422680,+3.47,+26.831, +6.915,+0.975
1628422740,+3.47,+26.839, +6.920,+0.975
1628422800,+3.47,+26.839, +6.896,+0.974
1628422860,+3.47,+26.822, +6.923,+0.975
1628422920,+3.47,+26.814, +6.914,+0.974
1628422980,+3.47,+26.797, +6.952,+0.974
1628423040,+3.47,+26.797, +6.909,+0.975
1628423100,+3.47,+26.788, +6.936,+0.975
1628423160,+3.47,+26.814, +6.895,+0.975
1628423220,+3.47,+26.839, +6.871,+0.975
1628423280,+3.47,+26.839, +6.883,+0.974
1628423340,+3.47,+26.822, +6.915,+0.974
1628423400,+3.47,+26.797, +6.930,+0.974
1628423460,+3.47,+26.805, +6.943,+0.975
1628423520,+3.47,+26.788, +6.963,+0.975
1628423580,+3.47,+26.788, +6.918,+0.974
1628423640,+3.47,+26.780, +6.928,+0.974
1628423700,+3.47,+26.797, +6.915,+0.975
1628423760,+3.47,+26.805, +6.928,+0.975
1628423820,+3.47,+26.788, +6.911,+0.974
1628423880,+3.47,+26.772, +6.983,+0.975
1628423940,+3.47,+26.788, +6.951,+0.975
1628424000,+3.47,+26.780, +6.935,+0.975
1628424060,+3.47,+26.814, +6.894,+0.974
1628424120,+3.47,+26.797, +6.930,+0.974
1628424180,+3.47,+26.780, +6.933,+0.974
1628424240,+3.47,+26.780, +6.954,+0.974
1628424300,+3.47,+26.788, +6.892,+0.974
1628424360,+3.47,+26.772, +6.921,+0.975
1628424420,+3.47,+26.788, +6.907,+0.974
1628424480,+3.47,+26.797, +6.904,+0.974
1628424540,+3.47,+26.780, +6.903,+0.974
1628424600,+3.47,+26.746, +6.979,+0.975
1628424660,+3.47,+26.755, +6.967,+0.974
1628424720,+3.47,+26.772, +6.930,+0.975
1628424780,+3.47,+26.763, +6.916,+0.974
1628424840,+3.47,+26.763, +6.933,+0.974
1628424900,+3.47,+26.763, +6.940,+0.974
1628424960,+3.47,+26.772, +6.946,+0.974
1628425020,+3.47,+26.755, +6.957,+0.974
1628425080,+3.47,+26.772, +6.882,+0.974
1628425140,+3.47,+26.788, +6.889,+0.974
1628425200,+3.47,+26.772, +6.895,+0.974
1628425260,+3.47,+26.746, +6.930,+0.974
1628425320,+3.47,+26.763, +6.939,+0.975
1628425380,+3.47,+26.755, +6.926,+0.975
1628425440,+3.47,+26.780, +6.948,+0.975
1628425500,+3.47,+26.755, +6.966,+0.974
1628425560,+3.47,+26.755, +7.001,+0.974
1628425620,+3.47,+26.746, +6.890,+0.974
1628425680,+3.47,+26.738, +6.920,+0.974
1628425740,+3.47,+26.755, +6.892,+0.975
1628425800,+3.47,+26.746, +6.809,+0.975
1628425860,+3.47,+26.729, +6.923,+0.975
1628425920,+3.47,+26.721, +6.931,+0.974
1628425980,+3.47,+26.729, +6.931,+0.975
1628426040,+3.47,+26.721, +6.970,+0.974
1628426100,+3.47,+26.704, +6.926,+0.974
1628426160,+3.47,+26.729, +6.843,+0.974
1628426220,+3.47,+26.729, +6.897,+0.974
1628426280,+3.47,+26.729, +6.858,+0.975
1628426340,+3.47,+26.729, +6.839,+0.974
1628426400,+3.47,+26.738, +6.896,+0.974
1628426460,+3.47,+26.746, +6.853,+0.974
1628426520,+3.47,+26.729, +6.858,+0.974
1628426580,+3.47,+26.704, +6.974,+0.974
1628426640,+3.47,+26.712, +6.884,+0.974
1628426700,+3.47,+26.695, +6.784,+0.974
1628426760,+3.47,+26.729, +6.828,+0.974
1628426820,+3.47,+26.712, +6.906,+0.974
1628426880,+3.47,+26.712, +6.927,+0.974
1628426940,+3.47,+26.746, +6.897,+0.975
1628427000,+3.47,+26.729, +6.900,+0.974
1628427060,+3.47,+26.746, +6.886,+0.974
1628427120,+3.47,+26.712, +6.928,+0.974
1628427180,+3.47,+26.695, +6.910,+0.974
1628427240,+3.47,+26.695, +6.821,+0.974
1628427300,+3.47,+26.712, +6.841,+0.974
1628427360,+3.47,+26.695, +6.744,+0.974
1628427420,+3.47,+26.704, +6.778,+0.974
1628427480,+3.47,+26.712, +6.872,+0.975
1628427540,+3.47,+26.695, +6.823,+0.974
1628427600,+3.47,+26.712, +6.833,+0.975
1628427660,+3.47,+26.704, +6.878,+0.975
1628427720,+3.47,+26.712, +6.882,+0.974
1628427780,+3.47,+26.695, +6.829,+0.974
1628427840,+3.47,+26.704, +6.836,+0.974
1628427900,+3.47,+26.678, +6.793,+0.974
1628427960,+3.47,+26.670, +6.716,+0.974
1628428020,+3.47,+26.687, +6.748,+0.974
1628428080,+3.47,+26.687, +6.778,+0.974
1628428140,+3.47,+26.695, +6.899,+0.975
1628428200,+3.47,+26.704, +6.906,+0.975
1628428260,+3.47,+26.712, +6.762,+0.974
1628428320,+3.47,+26.687, +6.735,+0.974
1628428380,+3.47,+26.695, +6.783,+0.974
1628428440,+3.47,+26.687, +6.906,+0.974
1628428500,+3.47,+26.704, +6.945,+0.974
1628428560,+3.47,+26.695, +6.789,+0.974
1628428620,+3.47,+26.687, +6.764,+0.974
1628428680,+3.47,+26.695, +6.919,+0.974
1628428740,+3.47,+26.678, +6.934,+0.974
1628428800,+3.47,+26.704, +6.878,+0.975
1628428860,+3.47,+26.687, +6.859,+0.974
1628428920,+3.47,+26.712, +6.817,+0.974
1628428980,+3.47,+26.678, +6.811,+0.974
1628429040,+3.47,+26.653, +6.827,+0.975
1628429100,+3.47,+26.653, +6.793,+0.974
1628429160,+3.47,+26.653, +6.908,+0.974
1628429220,+3.47,+26.678, +6.851,+0.974
1628429280,+3.47,+26.695, +6.882,+0.974
1628429340,+3.47,+26.712, +6.798,+0.974
1628429400,+3.47,+26.687, +6.746,+0.973
1628429460,+3.47,+26.678, +6.778,+0.975
1628429520,+3.47,+26.687, +6.859,+0.974
1628429580,+3.47,+26.687, +6.839,+0.974
1628429640,+3.47,+26.670, +6.800,+0.974
1628429700,+3.47,+26.670, +6.669,+0.974
1628429760,+3.47,+26.687, +6.792,+0.974
1628429820,+3.47,+26.670, +6.826,+0.974
1628429880,+3.47,+26.670, +6.773,+0.974
1628429940,+3.47,+26.653, +6.841,+0.974
1628430000,+3.47,+26.670, +6.722,+0.974
1628430060,+3.47,+26.661, +6.778,+0.974
1628430120,+3.47,+26.661, +6.972,+0.974
1628430180,+3.47,+26.670, +6.936,+0.974
1628430240,+3.47,+26.687, +6.880,+0.974
1628430300,+3.47,+26.670, +6.729,+0.975
1628430360,+3.47,+26.670, +6.791,+0.974
1628430420,+3.47,+26.678, +6.892,+0.974
1628430480,+3.47,+26.678, +6.775,+0.975
1628430540,+3.47,+26.678, +6.764,+0.974
1628430600,+3.47,+26.687, +6.704,+0.974
1628430660,+3.47,+26.661, +6.751,+0.974
1628430720,+3.47,+26.678, +6.801,+0.974
1628430780,+3.47,+26.678, +6.872,+0.975
1628430840,+3.47,+26.678, +6.723,+0.974
1628430900,+3.47,+26.687, +6.670,+0.974
1628430960,+3.47,+26.661, +6.657,+0.974
1628431020,+3.47,+26.653, +6.623,+0.974
1628431080,+3.47,+26.661, +6.661,+0.974
1628431140,+3.47,+26.670, +6.759,+0.974
1628431200,+3.47,+26.636, +6.832,+0.975
1628431260,+3.47,+26.678, +6.669,+0.974
1628431320,+3.47,+26.661, +6.675,+0.974
1628431380,+3.47,+26.653, +6.754,+0.974
1628431440,+3.47,+26.653, +6.733,+0.974
1628431500,+3.47,+26.645, +6.697,+0.975
1628431560,+3.47,+26.619, +6.599,+0.973
1628431620,+3.47,+26.611, +6.715,+0.974
1628431680,+3.47,+26.636, +6.790,+0.974
1628431740,+3.47,+26.628, +6.656,+0.974
1628431800,+3.47,+26.645, +6.793,+0.975
1628431860,+3.47,+26.653, +6.774,+0.974
1628431920,+3.47,+26.661, +6.713,+0.974
1628431980,+3.47,+26.636, +6.657,+0.974
1628432040,+3.47,+26.653, +6.648,+0.974
1628432100,+3.47,+26.628, +6.704,+0.974
1628432160,+3.47,+26.636, +6.707,+0.974
1628432220,+3.47,+26.628, +6.600,+0.973
1628432280,+3.47,+26.619, +6.625,+0.974
1628432340,+3.47,+26.628, +6.641,+0.974
1628432400,+3.47,+26.636, +6.549,+0.974
1628432460,+3.47,+26.628, +6.610,+0.974
1628432520,+3.47,+26.619, +6.611,+0.974
1628432580,+3.47,+26.636, +6.637,+0.974
1628432640,+3.47,+26.619, +6.516,+0.973
1628432700,+3.47,+26.611, +6.574,+0.974
1628432760,+3.47,+26.611, +6.635,+0.974
1628432820,+3.47,+26.611, +6.659,+0.974
1628432880,+3.47,+26.611, +6.569,+0.973
1628432940,+3.47,+26.594, +6.623,+0.974
1628433000,+3.47,+26.611, +6.599,+0.974
1628433060,+3.47,+26.611, +6.508,+0.974
1628433120,+3.47,+26.602, +6.561,+0.974
1628433180,+3.47,+26.628, +6.662,+0.974
1628433240,+3.47,+26.602, +6.768,+0.974
1628433300,+3.47,+26.611, +6.684,+0.974
1628433360,+3.47,+26.602, +6.528,+0.974
1628433420,+3.47,+26.585, +6.598,+0.974
1628433480,+3.47,+26.577, +6.550,+0.974
1628433540,+3.47,+26.585, +6.577,+0.974
1628433600,+3.47,+26.585, +6.606,+0.974
1628433660,+3.47,+26.585, +6.525,+0.974
1628433720,+3.47,+26.585, +6.616,+0.974
1628433780,+3.47,+26.602, +6.592,+0.974
1628433840,+3.47,+26.594, +6.614,+0.974
1628433900,+3.47,+26.560, +6.617,+0.974
1628433960,+3.47,+26.543, +6.558,+0.973
1628434020,+3.47,+26.543, +6.566,+0.974
1628434080,+3.47,+26.551, +6.593,+0.974
1628434140,+3.47,+26.535, +6.440,+0.974
1628434200,+3.47,+26.551, +6.404,+0.974
1628434260,+3.47,+26.543, +6.457,+0.974
1628434320,+3.47,+26.551, +6.603,+0.974
1628434380,+3.47,+26.560, +6.561,+0.974
1628434440,+3.47,+26.543, +6.478,+0.974
1628434500,+3.47,+26.551, +6.485,+0.974
1628434560,+3.47,+26.560, +6.581,+0.974
1628434620,+3.47,+26.535, +6.511,+0.974
1628434680,+3.47,+26.526, +6.493,+0.973
1628434740,+3.47,+26.543, +6.481,+0.974
1628434800,+3.47,+26.535, +6.420,+0.974
1628434860,+3.47,+26.526, +6.382,+0.973
1628434920,+3.47,+26.501, +6.398,+0.974
1628434980,+3.47,+26.509, +6.330,+0.974
1628435040,+3.47,+26.501, +6.354,+0.974
1628435100,+3.47,+26.518, +6.362,+0.974
1628435160,+3.47,+26.492, +6.364,+0.973
1628435220,+3.47,+26.492, +6.353,+0.974
1628435280,+3.47,+26.484, +6.359,+0.974
1628435340,+3.46,+26.492, +6.381,+0.974
1628435400,+3.47,+26.509, +6.409,+0.974
1628435460,+3.46,+26.492, +6.343,+0.973
1628435520,+3.47,+26.501, +6.276,+0.974
1628435580,+3.47,+26.518, +6.339,+0.973
1628435640,+3.47,+26.543, +6.367,+0.974
1628435700,+3.47,+26.526, +6.368,+0.974
1628435760,+3.47,+26.501, +6.265,+0.974
1628435820,+3.46,+26.492, +6.209,+0.974
1628435880,+3.46,+26.492, +6.228,+0.974
1628435940,+3.47,+26.535, +6.377,+0.974
1628436000,+3.47,+26.551, +6.341,+0.973
1628436060,+3.47,+26.551, +6.264,+0.974
1628436120,+3.47,+26.560, +6.203,+0.974
1628436180,+3.47,+26.535, +6.252,+0.973
1628436240,+3.47,+26.509, +6.044,+0.973
1628436300,+3.46,+26.501, +6.239,+0.974
1628436360,+3.47,+26.518, +6.196,+0.974
1628436420,+3.47,+26.518, +6.239,+0.973
1628436480,+3.46,+26.492, +6.232,+0.974
1628436540,+3.47,+26.501, +6.233,+0.974
1628436600,+3.47,+26.518, +6.258,+0.974
1628436660,+3.47,+26.518, +6.118,+0.973
1628436720,+3.47,+26.518, +6.135,+0.973
1628436780,+3.47,+26.526, +6.325,+0.974
1628436840,+3.47,+26.560, +6.355,+0.974
1628436900,+3.47,+26.560, +6.247,+0.974
1628436960,+3.47,+26.577, +6.249,+0.974
1628437020,+3.47,+26.577, +6.372,+0.974
1628437080,+3.47,+26.568, +6.274,+0.973
1628437140,+3.47,+26.568, +6.062,+0.973
1628437200,+3.47,+26.577, +6.069,+0.973
1628437260,+3.47,+26.551, +6.073,+0.974
1628437320,+3.47,+26.535, +6.157,+0.973
1628437380,+3.46,+26.484, +6.046,+0.973
1628437440,+3.46,+26.501, +5.985,+0.973
1628437500,+3.46,+26.484, +6.155,+0.973
1628437560,+3.46,+26.501, +6.273,+0.974
1628437620,+3.46,+26.509, +6.090,+0.973
1628437680,+3.47,+26.509, +6.240,+0.974
1628437740,+3.46,+26.526, +6.181,+0.973
1628437800,+3.47,+26.509, +5.996,+0.974
1628437860,+3.46,+26.484, +6.015,+0.973
1628437920,+3.46,+26.467, +6.148,+0.974
1628437980,+3.46,+26.501, +6.239,+0.974
1628438040,+3.47,+26.501, +6.287,+0.974
1628438100,+3.46,+26.475, +6.231,+0.974
1628438160,+3.46,+26.492, +6.197,+0.973
1628438220,+3.46,+26.492, +6.171,+0.974
1628438280,+3.47,+26.518, +6.177,+0.973
1628438340,+3.47,+26.509, +6.231,+0.974
1628438400,+3.47,+26.526, +6.266,+0.973
1628438460,+3.46,+26.526, +6.131,+0.973
1628438520,+3.47,+26.518, +6.161,+0.973
1628438580,+3.47,+26.526, +6.183,+0.973
1628438640,+3.46,+26.501, +6.250,+0.974
1628438700,+3.46,+26.518, +6.263,+0.974
1628438760,+3.47,+26.543, +6.203,+0.974
1628438820,+3.47,+26.518, +6.125,+0.973
1628438880,+3.47,+26.518, +6.091,+0.973
1628438940,+3.47,+26.509, +6.056,+0.973
1628439000,+3.47,+26.518, +6.190,+0.974
1628439060,+3.46,+26.501, +6.145,+0.974
1628439120,+3.47,+26.501, +6.095,+0.973
1628439180,+3.47,+26.501, +6.243,+0.973
1628439240,+3.47,+26.509, +6.114,+0.973
1628439300,+3.46,+26.518, +6.184,+0.973
1628439360,+3.46,+26.492, +6.120,+0.974
1628439420,+3.46,+26.484, +6.167,+0.974
1628439480,+3.46,+26.492, +6.214,+0.974
1628439540,+3.46,+26.492, +6.118,+0.973
1628439600,+3.46,+26.492, +6.170,+0.973
1628439660,+3.47,+26.509, +6.209,+0.973
1628439720,+3.46,+26.492, +6.043,+0.973
1628439780,+3.47,+26.509, +6.106,+0.973
1628439840,+3.47,+26.509, +6.044,+0.973
1628439900,+3.47,+26.518, +6.137,+0.973
1628439960,+3.47,+26.526, +6.232,+0.973
1628440020,+3.47,+26.526, +6.124,+0.974
1628440080,+3.47,+26.535, +6.113,+0.974
1628440140,+3.47,+26.518, +6.120,+0.973
1628440200,+3.47,+26.509, +6.085,+0.973
1628440260,+3.47,+26.501, +6.100,+0.973
1628440320,+3.47,+26.501, +6.094,+0.973
1628440380,+3.46,+26.492, +6.072,+0.974
1628440440,+3.46,+26.492, +6.079,+0.973
1628440500,+3.46,+26.492, +6.162,+0.974
1628440560,+3.46,+26.509, +6.252,+0.974
1628440620,+3.46,+26.484, +6.056,+0.973
1628440680,+3.46,+26.475, +6.034,+0.973
1628440740,+3.46,+26.484, +6.091,+0.974
1628440800,+3.46,+26.484, +6.064,+0.974
1628440860,+3.46,+26.484, +6.124,+0.973
1628440920,+3.46,+26.475, +6.047,+0.973
1628440980,+3.46,+26.475, +6.080,+0.973
1628441040,+3.46,+26.484, +6.030,+0.973
1628441100,+3.46,+26.484, +6.068,+0.973
1628441160,+3.47,+26.484, +6.136,+0.973
1628441220,+3.46,+26.492, +6.143,+0.973
1628441280,+3.46,+26.492, +5.956,+0.973
1628441340,+3.46,+26.484, +6.129,+0.973
1628441400,+3.46,+26.484, +6.217,+0.974
1628441460,+3.46,+26.484, +6.161,+0.974
1628441520,+3.47,+26.492, +6.102,+0.973
1628441580,+3.46,+26.501, +6.095,+0.973
1628441640,+3.46,+26.501, +5.934,+0.973
1628441700,+3.46,+26.484, +6.082,+0.974
1628441760,+3.46,+26.501, +6.050,+0.973
1628441820,+3.46,+26.484, +6.048,+0.973
1628441880,+3.46,+26.492, +6.228,+0.974
1628441940,+3.46,+26.492, +6.151,+0.973
1628442000,+3.46,+26.475, +6.033,+0.974
1628442060,+3.46,+26.475, +6.153,+0.973
1628442120,+3.46,+26.492, +6.219,+0.974
1628442180,+3.46,+26.501, +5.994,+0.973
1628442240,+3.47,+26.501, +6.136,+0.973
1628442300,+3.46,+26.501, +6.190,+0.973
1628442360,+3.46,+26.501, +6.180,+0.974
1628442420,+3.46,+26.518, +6.288,+0.974
1628442480,+3.47,+26.518, +6.261,+0.974
1628442540,+3.47,+26.526, +6.227,+0.974
1628442600,+3.46,+26.518, +6.188,+0.973
1628442660,+3.47,+26.509, +6.198,+0.973
1628442720,+3.47,+26.518, +6.079,+0.973
1628442780,+3.47,+26.501, +6.111,+0.973
1628442840,+3.46,+26.518, +6.194,+0.973
1628442900,+3.47,+26.543, +6.243,+0.974
1628442960,+3.46,+26.526, +6.231,+0.973
1628443020,+3.47,+26.526, +6.148,+0.973
1628443080,+3.46,+26.509, +6.203,+0.974
1628443140,+3.46,+26.526, +6.198,+0.973
1628443200,+3.46,+26.518, +6.263,+0.974
1628443260,+3.47,+26.526, +6.264,+0.973
1628443320,+3.47,+26.535, +6.219,+0.974
1628443380,+3.47,+26.551, +6.299,+0.974
1628443440,+3.47,+26.551, +6.356,+0.974
1628443500,+3.47,+26.560, +6.189,+0.974
1628443560,+3.47,+26.560, +6.234,+0.973
1628443620,+3.47,+26.551, +6.252,+0.974
1628443680,+3.47,+26.551, +6.128,+0.974
1628443740,+3.47,+26.568, +6.241,+0.974
1628443800,+3.47,+26.577, +6.327,+0.974
1628443860,+3.47,+26.577, +6.317,+0.973
1628443920,+3.47,+26.560, +6.160,+0.973
1628443980,+3.47,+26.543, +6.213,+0.974
1628444040,+3.47,+26.560, +6.182,+0.973
1628444100,+3.47,+26.560, +6.180,+0.973
1628444160,+3.47,+26.568, +6.216,+0.973
1628444220,+3.47,+26.543, +6.207,+0.973
1628444280,+3.47,+26.560, +6.211,+0.973
1628444340,+3.47,+26.568, +6.228,+0.973
1628444400,+3.47,+26.568, +6.278,+0.974
1628444460,+3.47,+26.585, +6.313,+0.974
1628444520,+3.47,+26.577, +6.249,+0.974
1628444580,+3.47,+26.585, +6.391,+0.974
1628444640,+3.47,+26.594, +6.345,+0.973
1628444700,+3.47,+26.585, +6.351,+0.974
1628444760,+3.47,+26.585, +6.390,+0.974
1628444820,+3.47,+26.594, +6.361,+0.974
1628444880,+3.47,+26.560, +6.342,+0.974
1628444940,+3.47,+26.568, +6.299,+0.974
1628445000,+3.47,+26.577, +6.305,+0.974
1628445060,+3.47,+26.577, +6.324,+0.973
1628445120,+3.47,+26.577, +6.311,+0.973
1628445180,+3.47,+26.594, +6.397,+0.974
1628445240,+3.47,+26.585, +6.379,+0.974
1628445300,+3.47,+26.577, +6.239,+0.974
1628445360,+3.47,+26.568, +6.231,+0.973
1628445420,+3.47,+26.560, +6.095,+0.973
1628445480,+3.47,+26.560, +6.335,+0.973
1628445540,+3.47,+26.577, +6.398,+0.974
1628445600,+3.47,+26.568, +6.275,+0.974
1628445660,+3.47,+26.577, +6.335,+0.974
1628445720,+3.47,+26.585, +6.369,+0.974
1628445780,+3.47,+26.577, +6.340,+0.973
1628445840,+3.47,+26.568, +6.316,+0.974
1628445900,+3.47,+26.585, +6.467,+0.973
1628445960,+3.47,+26.585, +6.337,+0.973
1628446020,+3.47,+26.611, +6.341,+0.974
1628446080,+3.47,+26.611, +6.362,+0.974
1628446140,+3.47,+26.619, +6.433,+0.973
1628446200,+3.47,+26.602, +6.311,+0.974
1628446260,+3.47,+26.628, +6.355,+0.973
1628446320,+3.47,+26.611, +6.425,+0.973
1628446380,+3.47,+26.619, +6.396,+0.974
1628446440,+3.47,+26.628, +6.492,+0.974
1628446500,+3.47,+26.636, +6.376,+0.973
1628446560,+3.47,+26.628, +6.333,+0.973
1628446620,+3.47,+26.628, +6.363,+0.974
1628446680,+3.47,+26.636, +6.301,+0.973
1628446740,+3.47,+26.619, +6.388,+0.974
1628446800,+3.47,+26.636, +6.457,+0.973
1628446860,+3.47,+26.628, +6.378,+0.973
1628446920,+3.47,+26.653, +6.494,+0.974
1628446980,+3.47,+26.645, +6.443,+0.974
1628447040,+3.47,+26.645, +6.374,+0.973
1628447100,+3.47,+26.661, +6.537,+0.974
1628447160,+3.47,+26.645, +6.528,+0.973
1628447220,+3.47,+26.653, +6.504,+0.974
1628447280,+3.47,+26.636, +6.373,+0.974
1628447340,+3.47,+26.661, +6.672,+0.974
1628447400,+3.47,+26.653, +6.595,+0.974
1628447460,+3.47,+26.653, +6.560,+0.974
1628447520,+3.47,+26.661, +6.549,+0.974
1628447580,+3.47,+26.678, +6.534,+0.974
1628447640,+3.47,+26.653, +6.603,+0.974
1628447700,+3.47,+26.687, +6.692,+0.974
1628447760,+3.47,+26.704, +6.649,+0.974
1628447820,+3.47,+26.678, +6.645,+0.973
1628447880,+3.47,+26.678, +6.608,+0.974
1628447940,+3.47,+26.687, +6.640,+0.974
1628448000,+3.47,+26.695, +6.733,+0.974
1628448060,+3.47,+26.712, +6.816,+0.974
1628448120,+3.47,+26.704, +6.765,+0.974
1628448180,+3.47,+26.695, +6.731,+0.974
1628448240,+3.47,+26.721, +6.626,+0.974
1628448300,+3.47,+26.678, +6.511,+0.974
1628448360,+3.47,+26.687, +6.592,+0.974
1628448420,+3.47,+26.687, +6.724,+0.974
1628448480,+3.47,+26.695, +6.656,+0.973
1628448540,+3.47,+26.695, +6.828,+0.974
1628448600,+3.47,+26.704, +6.715,+0.975
1628448660,+3.47,+26.704, +6.913,+0.975
1628448720,+3.47,+26.729, +6.728,+0.974
1628448780,+3.47,+26.678, +6.714,+0.974
1628448840,+3.47,+26.721, +6.787,+0.974
1628448900,+3.47,+26.729, +6.910,+0.974
1628448960,+3.47,+26.721, +6.833,+0.974
1628449020,+3.47,+26.738, +6.958,+0.974
1628449080,+3.47,+26.746, +6.815,+0.974
1628449140,+3.47,+26.746, +6.979,+0.974
1628449200,+3.47,+26.788, +7.058,+0.974
1628449260,+3.47,+26.763, +6.945,+0.974
1628449320,+3.47,+26.772, +6.986,+0.975
1628449380,+3.47,+26.797, +7.032,+0.975
1628449440,+3.47,+26.805, +6.936,+0.975
1628449500,+3.47,+26.814, +6.849,+0.974
1628449560,+3.47,+26.805, +6.734,+0.974
1628449620,+3.47,+26.814, +6.903,+0.974
1628449680,+3.47,+26.831, +6.959,+0.974
1628449740,+3.47,+26.831, +6.814,+0.974
1628449800,+3.47,+26.839, +6.955,+0.974
1628449860,+3.47,+26.848, +7.032,+0.974
1628449920,+3.47,+26.856, +7.021,+0.975
1628449980,+3.47,+26.856, +7.021,+0.975
1628450040,+3.47,+26.899, +7.143,+0.974
1628450100,+3.47,+26.899, +7.199,+0.975
1628450160,+3.47,+26.932, +7.148,+0.974
1628450220,+3.46,+26.975, +7.276,+0.975
1628450280,+3.47,+26.975, +7.214,+0.975
1628450340,+3.47,+26.966, +7.062,+0.975
1628450400,+3.46,+26.983, +7.062,+0.975
1628450460,+3.47,+27.000, +7.146,+0.975
1628450520,+3.46,+27.000, +7.139,+0.975
1628450580,+3.46,+27.009, +7.112,+0.975
1628450640,+3.46,+27.017, +7.181,+0.974
1628450700,+3.46,+27.051, +7.067,+0.975
1628450760,+3.46,+27.026, +7.164,+0.975
1628450820,+3.46,+27.043, +7.276,+0.975
1628450880,+3.46,+27.043, +7.097,+0.975
1628450940,+3.46,+27.043, +7.140,+0.975
1628451000,+3.46,+27.051, +7.138,+0.975
1628451060,+3.47,+27.009, +7.045,+0.975
1628451120,+3.47,+26.983, +7.253,+0.975
1628451180,+3.46,+26.992, +7.232,+0.974
1628451240,+3.47,+26.992, +7.148,+0.975
1628451300,+3.47,+26.992, +7.159,+0.975
1628451360,+3.47,+27.034, +7.288,+0.975
1628451420,+3.46,+27.034, +7.277,+0.975
1628451480,+3.47,+27.017, +7.192,+0.975
1628451540,+3.47,+27.017, +7.170,+0.974
1628451600,+3.46,+27.051, +7.282,+0.976
1628451660,+3.47,+27.060, +7.374,+0.975
1628451720,+3.46,+27.060, +7.096,+0.975
1628451780,+3.47,+27.034, +7.245,+0.975
1628451840,+3.47,+27.051, +7.483,+0.976
1628451900,+3.47,+27.051, +7.403,+0.975
1628451960,+3.47,+27.034, +7.257,+0.975
1628452020,+3.47,+27.051, +7.335,+0.975
1628452080,+3.46,+27.060, +7.344,+0.976
1628452140,+3.46,+27.085, +7.546,+0.975
1628452200,+3.46,+27.102, +7.570,+0.975
1628452260,+3.46,+27.128, +7.464,+0.975
1628452320,+3.46,+27.119, +7.388,+0.975
1628452380,+3.46,+27.102, +7.459,+0.975
1628452440,+3.46,+27.136, +7.599,+0.975
1628452500,+3.46,+27.128, +7.498,+0.976
1628452560,+3.46,+27.128, +7.472,+0.975
1628452620,+3.46,+27.119, +7.534,+0.976
1628452680,+3.46,+27.153, +7.523,+0.975
1628452740,+3.46,+27.153, +7.598,+0.975
1628452800,+3.46,+27.136, +7.636,+0.975
1628452860,+3.46,+27.178, +7.780,+0.976
1628452920,+3.46,+27.212, +7.842,+0.975
1628452980,+3.46,+27.212, +7.794,+0.977
1628453040,+3.46,+27.221, +7.706,+0.975
1628453100,+3.46,+27.246, +7.896,+0.975
1628453160,+3.46,+27.272, +7.870,+0.976
1628453220,+3.46,+27.255, +7.815,+0.975
1628453280,+3.46,+27.255, +7.831,+0.975
1628453340,+3.46,+27.272, +7.762,+0.976
1628453400,+3.46,+27.297, +7.919,+0.976
1628453460,+3.46,+27.280, +7.838,+0.976
1628453520,+3.46,+27.306, +7.903,+0.975
1628453580,+3.46,+27.331, +8.034,+0.976
1628453640,+3.46,+27.348, +8.027,+0.976
1628453700,+3.46,+27.348, +7.984,+0.976
1628453760,+3.46,+27.331, +7.706,+0.976
1628453820,+3.46,+27.314, +7.622,+0.976
1628453880,+3.46,+27.314, +7.900,+0.975
1628453940,+3.46,+27.348, +7.812,+0.976
1628454000,+3.46,+27.348, +7.898,+0.976
1628454060,+3.46,+27.348, +7.853,+0.976
1628454120,+3.46,+27.357, +7.852,+0.976
1628454180,+3.46,+27.331, +7.821,+0.976
1628454240,+3.46,+27.331, +7.949,+0.977
1628454300,+3.46,+27.365, +8.018,+0.975
1628454360,+3.46,+27.340, +7.975,+0.976
1628454420,+3.46,+27.357, +7.849,+0.976
1628454480,+3.46,+27.331, +7.955,+0.976
1628454540,+3.46,+27.365, +7.924,+0.976
1628454600,+3.46,+27.357, +7.949,+0.976
1628454660,+3.46,+27.365, +7.935,+0.975
1628454720,+3.46,+27.348, +7.955,+0.976
1628454780,+3.46,+27.331, +7.724,+0.976
1628454840,+3.46,+27.348, +7.846,+0.976
1628454900,+3.46,+27.340, +7.978,+0.976
1628454960,+3.46,+27.340, +7.939,+0.976
1628455020,+3.46,+27.391, +8.001,+0.976
1628455080,+3.46,+27.374, +7.905,+0.977
1628455140,+3.46,+27.382, +7.854,+0.976
1628455200,+3.46,+27.374, +7.883,+0.976
1628455260,+3.46,+27.365, +7.943,+0.976
1628455320,+3.46,+27.374, +7.954,+0.976
1628455380,+3.46,+27.365, +7.918,+0.976
1628455440,+3.46,+27.374, +7.881,+0.976
1628455500,+3.46,+27.365, +7.904,+0.976
1628455560,+3.46,+27.374, +7.819,+0.977
1628455620,+3.46,+27.365, +7.888,+0.976
1628455680,+3.46,+27.374, +7.816,+0.975
1628455740,+3.46,+27.357, +7.931,+0.976
1628455800,+3.46,+27.357, +7.781,+0.975
1628455860,+3.46,+27.357, +7.810,+0.975
1628455920,+3.46,+27.365, +7.821,+0.976
1628455980,+3.46,+27.374, +7.842,+0.976
1628456040,+3.46,+27.382, +7.824,+0.976
1628456100,+3.46,+27.365, +7.775,+0.975
1628456160,+3.46,+27.365, +7.798,+0.975
1628456220,+3.46,+27.382, +7.942,+0.976
1628456280,+3.46,+27.382, +8.008,+0.977
1628456340,+3.46,+27.391, +7.943,+0.977
1628456400,+3.46,+27.374, +7.909,+0.976
1628456460,+3.46,+27.382, +7.887,+0.976
1628456520,+3.46,+27.365, +7.846,+0.975
1628456580,+3.46,+27.374, +7.827,+0.976
1628456640,+3.46,+27.382, +7.938,+0.976
1628456700,+3.46,+27.374, +8.053,+0.976
1628456760,+3.46,+27.391, +8.061,+0.976
1628456820,+3.46,+27.416, +7.980,+0.976
1628456880,+3.46,+27.399, +7.842,+0.976
1628456940,+3.46,+27.391, +7.801,+0.976
1628457000,+3.46,+27.391, +7.894,+0.976
1628457060,+3.46,+27.433, +8.135,+0.976
1628457120,+3.46,+27.459, +8.020,+0.977
1628457180,+3.46,+27.467, +7.913,+0.976
1628457240,+3.46,+27.467, +7.949,+0.976
1628457300,+3.46,+27.493, +8.050,+0.975
1628457360,+3.46,+27.501, +8.020,+0.976
1628457420,+3.46,+27.527, +8.015,+0.976
1628457480,+3.46,+27.544, +8.034,+0.976
1628457540,+3.46,+27.544, +8.142,+0.976
1628457600,+3.46,+27.569, +8.003,+0.976
1628457660,+3.47,+27.586, +8.172,+0.977
1628457720,+3.47,+27.612, +8.109,+0.976
1628457780,+3.47,+27.595, +8.165,+0.976
1628457840,+3.47,+27.620, +8.103,+0.977
1628457900,+3.47,+27.629, +8.108,+0.976
1628457960,+3.47,+27.629, +8.151,+0.976
1628458020,+3.47,+27.654, +8.425,+0.977
1628458080,+3.47,+27.671, +8.532,+0.977
1628458140,+3.47,+27.671, +8.334,+0.977
1628458200,+3.47,+27.688, +8.297,+0.977
1628458260,+3.47,+27.671, +8.221,+0.977
1628458320,+3.47,+27.688, +8.291,+0.976
1628458380,+3.47,+27.671, +8.324,+0.977
1628458440,+3.47,+27.688, +8.431,+0.977
1628458500,+3.47,+27.688, +8.419,+0.977
1628458560,+3.47,+27.705, +8.394,+0.976
1628458620,+3.47,+27.697, +8.451,+0.977
1628458680,+3.47,+27.705, +8.587,+0.977
1628458740,+3.47,+27.722, +8.432,+0.976
1628458800,+3.47,+27.697, +8.451,+0.977
1628458860,+3.47,+27.731, +8.636,+0.977
1628458920,+3.47,+27.739, +8.698,+0.978
1628458980,+3.47,+27.756, +8.616,+0.977
1628459040,+3.47,+27.739, +8.347,+0.977
1628459100,+3.47,+27.748, +8.466,+0.977
1628459160,+3.47,+27.731, +8.485,+0.977
1628459220,+3.47,+27.773, +8.583,+0.977
1628459280,+3.47,+27.756, +8.324,+0.977
1628459340,+3.47,+27.748, +8.481,+0.977
1628459400,+3.47,+27.773, +8.609,+0.977
1628459460,+3.47,+27.782, +8.665,+0.977
1628459520,+3.47,+27.748, +8.371,+0.977
1628459580,+3.47,+27.739, +8.353,+0.976
1628459640,+3.47,+27.756, +8.452,+0.977
1628459700,+3.47,+27.765, +8.521,+0.977
1628459760,+3.47,+27.765, +8.632,+0.977
1628459820,+3.47,+27.765, +8.553,+0.977
1628459880,+3.47,+27.748, +8.376,+0.977
1628459940,+3.47,+27.765, +8.709,+0.977
1628460000,+3.47,+27.816, +8.827,+0.977
1628460060,+3.47,+27.782, +8.709,+0.977
1628460120,+3.47,+27.799, +8.515,+0.976
1628460180,+3.47,+27.756, +8.346,+0.976
1628460240,+3.47,+27.765, +8.463,+0.977
1628460300,+3.47,+27.782, +8.558,+0.976
1628460360,+3.47,+27.773, +8.552,+0.977
1628460420,+3.47,+27.773, +8.408,+0.977
1628460480,+3.47,+27.765, +8.506,+0.977
1628460540,+3.47,+27.773, +8.407,+0.977
1628460600,+3.47,+27.739, +8.277,+0.976
1628460660,+3.47,+27.756, +8.563,+0.978
1628460720,+3.47,+27.765, +8.469,+0.977
1628460780,+3.47,+27.773, +8.659,+0.977
1628460840,+3.47,+27.807, +8.619,+0.976
1628460900,+3.47,+27.782, +8.575,+0.976
1628460960,+3.47,+27.782, +8.410,+0.976
1628461020,+3.47,+27.790, +8.368,+0.977
1628461080,+3.47,+27.799, +8.572,+0.978
1628461140,+3.47,+27.790, +8.648,+0.977
1628461200,+3.47,+27.833, +8.790,+0.978
1628461260,+3.47,+27.850, +8.706,+0.977
1628461320,+3.47,+27.816, +8.457,+0.976
1628461380,+3.47,+27.824, +8.495,+0.977
1628461440,+3.47,+27.858, +8.739,+0.978
1628461500,+3.47,+27.884, +8.653,+0.978
1628461560,+3.47,+27.892, +8.637,+0.977
1628461620,+3.47,+27.901, +8.711,+0.977
1628461680,+3.47,+27.892, +8.617,+0.977
1628461740,+3.47,+27.918, +8.805,+0.977
1628461800,+3.47,+27.935, +8.804,+0.977
1628461860,+3.47,+27.935, +8.738,+0.977
1628461920,+3.47,+27.944, +8.673,+0.977
1628461980,+3.47,+27.944, +8.517,+0.978
1628462040,+3.47,+27.961, +8.755,+0.977
1628462100,+3.47,+27.961, +8.528,+0.977
1628462160,+3.47,+27.986, +8.657,+0.978
1628462220,+3.47,+28.003, +8.514,+0.977
1628462280,+3.47,+27.978, +8.610,+0.978
1628462340,+3.47,+28.012, +8.772,+0.977
1628462400,+3.47,+28.046, +8.872,+0.977
1628462460,+3.47,+28.046, +8.683,+0.977
1628462520,+3.47,+28.046, +8.710,+0.977
1628462580,+3.47,+28.071, +8.954,+0.977
1628462640,+3.47,+28.054, +8.762,+0.977
1628462700,+3.47,+28.054, +8.916,+0.978
1628462760,+3.47,+28.037, +8.677,+0.977
1628462820,+3.47,+28.037, +8.488,+0.977
1628462880,+3.47,+28.037, +8.724,+0.977
