7450-735719
OS REV: 1.05 Sensor Cal: 1573748658
Time (sec),  BV (Volts),  T (deg C),  DO (mg/l),  Q ()
1628117340,+3.47,+28.566, +7.737,+0.974
1628117400,+3.47,+28.815, +7.717,+0.975
1628117460,+3.47,+28.977, +7.708,+0.976
1628117520,+3.47,+29.072, +7.688,+0.975
1628117580,+3.47,+28.960, +8.955,+0.975
1628117640,+3.47,+28.524, +9.897,+0.975
1628117700,+3.47,+28.233,+10.036,+0.976
1628117760,+3.47,+28.046,+10.036,+0.975
1628117820,+3.47,+27.927,+10.103,+0.976
1628117880,+3.47,+27.850,+10.129,+0.976
1628117940,+3.47,+27.799,+10.144,+0.976
1628118000,+3.47,+27.773,+10.155,+0.974
1628118060,+3.47,+27.748,+10.199,+0.976
1628118120,+3.47,+27.731,+10.112,+0.975
1628118180,+3.47,+27.697,+10.131,+0.975
1628118240,+3.47,+27.688,+10.146,+0.975
1628118300,+3.47,+27.688,+10.158,+0.976
1628118360,+3.47,+27.646,+10.020,+0.975
1628118420,+3.47,+27.654,+10.050,+0.975
1628118480,+3.47,+27.671,+10.082,+0.975
1628118540,+3.47,+27.654,+10.085,+0.976
1628118600,+3.47,+27.646,+10.032,+0.976
1628118660,+3.47,+27.646,+10.060,+0.974
1628118720,+3.47,+27.663,+10.056,+0.976
1628118780,+3.47,+27.688,+10.115,+0.976
1628118840,+3.47,+27.705,+10.151,+0.976
1628118900,+3.47,+27.714,+10.181,+0.975
1628118960,+3.47,+27.748,+10.199,+0.974
1628119020,+3.47,+27.773,+10.216,+0.976
1628119080,+3.47,+27.782,+10.196,+0.974
1628119140,+3.46,+27.799,+10.169,+0.975
1628119200,+3.46,+27.807,+10.251,+0.975
1628119260,+3.46,+27.850,+10.246,+0.975
1628119320,+3.46,+27.867,+10.285,+0.975
1628119380,+3.46,+27.884,+10.274,+0.974
1628119440,+3.46,+27.901,+10.256,+0.975
1628119500,+3.46,+27.875,+10.317,+0.975
1628119560,+3.46,+27.892,+10.304,+0.975
1628119620,+3.46,+27.875,+10.246,+0.974
1628119680,+3.46,+27.867,+10.245,+0.976
1628119740,+3.46,+27.824,+10.215,+0.975
1628119800,+3.46,+27.816,+10.171,+0.976
1628119860,+3.46,+27.807,+10.157,+0.976
1628119920,+3.46,+27.765,+10.127,+0.976
1628119980,+3.46,+27.782,+10.132,+0.975
1628120040,+3.46,+27.756,+10.124,+0.975
1628120100,+3.46,+27.748,+10.165,+0.976
1628120160,+3.46,+27.756,+10.098,+0.974
1628120220,+3.46,+27.765,+10.112,+0.975
1628120280,+3.46,+27.756,+10.173,+0.976
1628120340,+3.46,+27.756,+10.136,+0.975
1628120400,+3.46,+27.756,+10.154,+0.975
1628120460,+3.46,+27.756,+10.143,+0.975
1628120520,+3.46,+27.782,+10.183,+0.975
1628120580,+3.46,+27.765,+10.203,+0.975
1628120640,+3.46,+27.782,+10.240,+0.975
1628120700,+3.46,+27.790,+10.195,+0.975
1628120760,+3.46,+27.790,+10.266,+0.975
1628120820,+3.46,+27.816,+10.284,+0.975
1628120880,+3.46,+27.807,+10.322,+0.975
1628120940,+3.46,+27.833,+10.288,+0.974
1628121000,+3.46,+27.841,+10.289,+0.976
1628121060,+3.46,+27.833,+10.333,+0.975
1628121120,+3.46,+27.867,+10.316,+0.975
1628121180,+3.46,+27.867,+10.356,+0.974
1628121240,+3.46,+27.867,+10.363,+0.975
1628121300,+3.46,+27.884,+10.425,+0.976
1628121360,+3.46,+27.892,+10.358,+0.974
1628121420,+3.46,+27.892,+10.389,+0.974
1628121480,+3.46,+27.918,+10.377,+0.974
1628121540,+3.46,+27.944,+10.402,+0.975
1628121600,+3.46,+27.935,+10.467,+0.976
1628121660,+3.46,+27.952,+10.426,+0.975
1628121720,+3.46,+27.978,+10.455,+0.975
1628121780,+3.46,+27.995,+10.454,+0.975
1628121840,+3.46,+27.995,+10.414,+0.974
1628121900,+3.46,+28.003,+10.453,+0.975
1628121960,+3.45,+28.046,+10.454,+0.974
1628122020,+3.45,+28.046,+10.475,+0.975
1628122080,+3.45,+28.123,+10.532,+0.975
1628122140,+3.45,+28.131,+10.468,+0.974
1628122200,+3.45,+28.140,+10.511,+0.975
1628122260,+3.45,+28.157,+10.485,+0.974
1628122320,+3.45,+28.174,+10.522,+0.974
1628122380,+3.45,+28.174,+10.554,+0.974
1628122440,+3.45,+28.165,+10.612,+0.975
1628122500,+3.45,+28.174,+10.585,+0.976
1628122560,+3.45,+28.174,+10.609,+0.974
1628122620,+3.45,+28.140,+10.571,+0.974
1628122680,+3.45,+28.165,+10.539,+0.974
1628122740,+3.45,+28.165,+10.573,+0.975
1628122800,+3.45,+28.165,+10.604,+0.975
1628122860,+3.45,+28.157,+10.636,+0.975
1628122920,+3.45,+28.165,+10.612,+0.975
1628122980,+3.45,+28.140,+10.666,+0.975
1628123040,+3.45,+28.148,+10.638,+0.974
1628123100,+3.45,+28.140,+10.695,+0.976
1628123160,+3.45,+28.148,+10.643,+0.974
1628123220,+3.45,+28.131,+10.674,+0.975
1628123280,+3.45,+28.123,+10.649,+0.976
1628123340,+3.45,+28.131,+10.613,+0.975
1628123400,+3.45,+28.131,+10.664,+0.976
1628123460,+3.45,+28.114,+10.744,+0.975
1628123520,+3.45,+28.123,+10.740,+0.975
1628123580,+3.45,+28.131,+10.726,+0.976
1628123640,+3.45,+28.123,+10.732,+0.976
1628123700,+3.45,+28.131,+10.671,+0.974
1628123760,+3.45,+28.131,+10.725,+0.975
1628123820,+3.45,+28.114,+10.783,+0.975
1628123880,+3.45,+28.114,+10.787,+0.976
1628123940,+3.45,+28.105,+10.775,+0.975
1628124000,+3.45,+28.097,+10.770,+0.975
1628124060,+3.45,+28.105,+10.772,+0.975
1628124120,+3.45,+28.114,+10.791,+0.975
1628124180,+3.45,+28.097,+10.793,+0.975
1628124240,+3.45,+28.080,+10.774,+0.975
1628124300,+3.45,+28.088,+10.795,+0.976
1628124360,+3.45,+28.046,+10.671,+0.975
1628124420,+3.45,+28.054,+10.719,+0.976
1628124480,+3.45,+28.063,+10.718,+0.976
1628124540,+3.45,+28.071,+10.733,+0.976
1628124600,+3.45,+28.071,+10.740,+0.975
1628124660,+3.45,+28.063,+10.742,+0.976
1628124720,+3.45,+28.054,+10.791,+0.976
1628124780,+3.45,+28.037,+10.762,+0.975
1628124840,+3.45,+28.037,+10.731,+0.975
1628124900,+3.45,+28.046,+10.754,+0.975
1628124960,+3.45,+28.037,+10.837,+0.976
1628125020,+3.45,+28.003,+10.773,+0.975
1628125080,+3.45,+28.029,+10.766,+0.975
1628125140,+3.45,+28.012,+10.794,+0.976
1628125200,+3.45,+28.020,+10.779,+0.976
1628125260,+3.45,+28.012,+10.737,+0.975
1628125320,+3.45,+28.012,+10.731,+0.975
1628125380,+3.45,+28.037,+10.764,+0.975
1628125440,+3.45,+28.037,+10.812,+0.976
1628125500,+3.45,+28.037,+10.805,+0.975
1628125560,+3.45,+28.054,+10.791,+0.974
1628125620,+3.45,+28.054,+10.844,+0.977
1628125680,+3.45,+28.054,+10.859,+0.976
1628125740,+3.45,+28.063,+10.855,+0.976
1628125800,+3.45,+27.824, +7.697,+0.973
1628125860,+3.45,+27.612, +7.728,+0.973
1628125920,+3.45,+27.450, +7.753,+0.973
1628125980,+3.45,+27.331, +7.795,+0.973
1628126040,+3.45,+27.229, +7.830,+0.972
1628126100,+3.45,+27.510,+10.292,+0.976
1628126160,+3.45,+27.680,+10.504,+0.975
1628126220,+3.45,+27.773,+10.536,+0.975
1628126280,+3.45,+27.799,+10.519,+0.975
1628126340,+3.45,+27.824,+10.545,+0.976
1628126400,+3.45,+27.850,+10.578,+0.976
1628126460,+3.45,+27.850,+10.568,+0.975
1628126520,+3.45,+27.867,+10.591,+0.977
1628126580,+3.45,+27.875,+10.590,+0.976
1628126640,+3.45,+27.875,+10.598,+0.976
1628126700,+3.45,+27.875,+10.582,+0.976
1628126760,+3.45,+27.850,+10.563,+0.976
1628126820,+3.45,+27.858,+10.581,+0.977
1628126880,+3.45,+27.858,+10.585,+0.976
1628126940,+3.45,+27.850,+10.604,+0.976
1628127000,+3.45,+27.833,+10.591,+0.975
1628127060,+3.45,+27.850,+10.578,+0.976
1628127120,+3.45,+27.841,+10.590,+0.975
1628127180,+3.45,+27.850,+10.596,+0.976
1628127240,+3.45,+27.833,+10.591,+0.976
1628127300,+3.45,+27.841,+10.583,+0.975
1628127360,+3.45,+27.833,+10.566,+0.976
1628127420,+3.45,+27.824,+10.551,+0.976
1628127480,+3.45,+27.816,+10.493,+0.976
1628127540,+3.45,+27.790,+10.526,+0.976
1628127600,+3.45,+27.824,+10.562,+0.976
1628127660,+3.45,+27.833,+10.600,+0.977
1628127720,+3.45,+27.807,+10.597,+0.976
1628127780,+3.45,+27.824,+10.604,+0.976
1628127840,+3.45,+27.807,+10.595,+0.976
1628127900,+3.45,+27.799,+10.574,+0.976
1628127960,+3.45,+27.790,+10.584,+0.975
1628128020,+3.45,+27.782,+10.605,+0.976
1628128080,+3.45,+27.790,+10.597,+0.975
1628128140,+3.45,+27.782,+10.565,+0.976
1628128200,+3.45,+27.765,+10.536,+0.977
1628128260,+3.45,+27.748,+10.476,+0.976
1628128320,+3.45,+27.731,+10.504,+0.977
1628128380,+3.45,+27.739,+10.483,+0.976
1628128440,+3.45,+27.722,+10.496,+0.976
1628128500,+3.45,+27.731,+10.493,+0.975
1628128560,+3.45,+27.739,+10.541,+0.977
1628128620,+3.45,+27.731,+10.550,+0.977
1628128680,+3.45,+27.748,+10.569,+0.976
1628128740,+3.45,+27.748,+10.553,+0.976
1628128800,+3.45,+27.739,+10.500,+0.976
1628128860,+3.45,+27.739,+10.500,+0.976
1628128920,+3.45,+27.731,+10.494,+0.975
1628128980,+3.45,+27.739,+10.508,+0.976
1628129040,+3.45,+27.714,+10.513,+0.975
1628129100,+3.45,+27.739,+10.520,+0.976
1628129160,+3.45,+27.731,+10.538,+0.977
1628129220,+3.45,+27.748,+10.533,+0.976
1628129280,+3.45,+27.722,+10.544,+0.976
1628129340,+3.45,+27.722,+10.549,+0.977
1628129400,+3.45,+27.739,+10.550,+0.976
1628129460,+3.45,+27.731,+10.569,+0.976
1628129520,+3.45,+27.714,+10.559,+0.976
1628129580,+3.45,+27.714,+10.559,+0.976
1628129640,+3.45,+27.680,+10.564,+0.976
1628129700,+3.45,+27.705,+10.544,+0.976
1628129760,+3.45,+27.697,+10.511,+0.976
1628129820,+3.45,+27.705,+10.517,+0.976
1628129880,+3.45,+27.688,+10.551,+0.978
1628129940,+3.45,+27.688,+10.528,+0.976
1628130000,+3.45,+27.697,+10.537,+0.976
1628130060,+3.45,+27.680,+10.504,+0.976
1628130120,+3.45,+27.688,+10.492,+0.977
1628130180,+3.45,+27.671,+10.482,+0.976
1628130240,+3.46,+27.671,+10.468,+0.976
1628130300,+3.45,+27.654,+10.464,+0.976
1628130360,+3.45,+27.663,+10.469,+0.976
1628130420,+3.45,+27.654,+10.472,+0.976
1628130480,+3.45,+27.654,+10.473,+0.977
1628130540,+3.45,+27.646,+10.468,+0.977
1628130600,+3.45,+27.654,+10.453,+0.976
1628130660,+3.45,+27.637,+10.470,+0.977
1628130720,+3.45,+27.654,+10.444,+0.976
1628130780,+3.45,+27.663,+10.454,+0.976
1628130840,+3.45,+27.663,+10.463,+0.976
1628130900,+3.45,+27.654,+10.448,+0.976
1628130960,+3.45,+27.654,+10.425,+0.976
1628131020,+3.45,+27.646,+10.417,+0.977
1628131080,+3.45,+27.654,+10.406,+0.975
1628131140,+3.45,+27.646,+10.428,+0.976
1628131200,+3.45,+27.637,+10.442,+0.977
1628131260,+3.45,+27.654,+10.440,+0.976
1628131320,+3.45,+27.646,+10.470,+0.977
1628131380,+3.45,+27.646,+10.459,+0.976
1628131440,+3.45,+27.663,+10.456,+0.976
1628131500,+3.45,+27.646,+10.459,+0.976
1628131560,+3.45,+27.646,+10.437,+0.976
1628131620,+3.45,+27.637,+10.439,+0.977
1628131680,+3.45,+27.646,+10.414,+0.976
1628131740,+3.45,+27.646,+10.393,+0.976
1628131800,+3.45,+27.629,+10.390,+0.976
1628131860,+3.45,+27.620,+10.380,+0.976
1628131920,+3.45,+27.603,+10.389,+0.977
1628131980,+3.45,+27.595,+10.410,+0.977
1628132040,+3.45,+27.595,+10.385,+0.977
1628132100,+3.45,+27.586,+10.343,+0.976
1628132160,+3.45,+27.586,+10.359,+0.977
1628132220,+3.45,+27.595,+10.347,+0.977
1628132280,+3.45,+27.595,+10.351,+0.977
1628132340,+3.45,+27.578,+10.330,+0.976
1628132400,+3.45,+27.552,+10.279,+0.977
1628132460,+3.45,+27.544,+10.225,+0.975
1628132520,+3.45,+27.544,+10.278,+0.978
1628132580,+3.45,+27.535,+10.258,+0.977
1628132640,+3.45,+27.535,+10.246,+0.976
1628132700,+3.45,+27.535,+10.265,+0.976
1628132760,+3.45,+27.552,+10.289,+0.977
1628132820,+3.45,+27.527,+10.289,+0.977
1628132880,+3.45,+27.518,+10.288,+0.976
1628132940,+3.45,+27.518,+10.291,+0.976
1628133000,+3.45,+27.510,+10.285,+0.977
1628133060,+3.45,+27.510,+10.270,+0.977
1628133120,+3.45,+27.501,+10.250,+0.977
1628133180,+3.45,+27.484,+10.240,+0.977
1628133240,+3.45,+27.484,+10.231,+0.977
1628133300,+3.45,+27.484,+10.209,+0.977
1628133360,+3.45,+27.467,+10.170,+0.975
1628133420,+3.45,+27.476,+10.154,+0.976
1628133480,+3.45,+27.442,+10.150,+0.976
1628133540,+3.45,+27.425,+10.133,+0.976
1628133600,+3.45,+27.442,+10.113,+0.977
1628133660,+3.45,+27.442,+10.097,+0.977
1628133720,+3.45,+27.433,+10.069,+0.976
1628133780,+3.45,+27.425,+10.061,+0.976
1628133840,+3.45,+27.416,+10.053,+0.976
1628133900,+3.45,+27.391,+10.035,+0.976
1628133960,+3.45,+27.391,+10.024,+0.977
1628134020,+3.45,+27.399,+10.007,+0.976
1628134080,+3.45,+27.399, +9.998,+0.977
1628134140,+3.45,+27.382, +9.991,+0.976
1628134200,+3.45,+27.365, +9.957,+0.975
1628134260,+3.45,+27.357, +9.980,+0.977
1628134320,+3.45,+27.348, +9.953,+0.975
1628134380,+3.45,+27.357, +9.961,+0.976
1628134440,+3.45,+27.357, +9.946,+0.976
1628134500,+3.45,+27.340, +9.935,+0.977
1628134560,+3.45,+27.340, +9.915,+0.977
1628134620,+3.45,+27.323, +9.896,+0.977
1628134680,+3.45,+27.331, +9.869,+0.976
1628134740,+3.45,+27.323, +9.869,+0.977
1628134800,+3.45,+27.314, +9.858,+0.977
1628134860,+3.45,+27.314, +8.322,+0.973
1628134920,+3.45,+27.170, +8.509,+0.975
1628134980,+3.45,+27.170, +8.654,+0.976
1628135040,+3.45,+27.178, +9.010,+0.976
1628135100,+3.45,+27.153, +9.035,+0.975
1628135160,+3.45,+27.170, +8.970,+0.975
1628135220,+3.45,+27.153, +8.931,+0.975
1628135280,+3.45,+27.161, +8.799,+0.976
1628135340,+3.45,+27.136, +8.920,+0.976
1628135400,+3.45,+27.153, +9.067,+0.975
1628135460,+3.45,+27.161, +9.022,+0.976
1628135520,+3.45,+27.144, +8.907,+0.976
1628135580,+3.45,+27.136, +8.844,+0.976
1628135640,+3.45,+27.136, +8.818,+0.975
1628135700,+3.45,+27.119, +8.809,+0.975
1628135760,+3.45,+27.119, +8.864,+0.976
1628135820,+3.45,+27.128, +8.895,+0.975
1628135880,+3.45,+27.094, +8.696,+0.976
1628135940,+3.45,+27.094, +8.665,+0.975
1628136000,+3.45,+27.085, +8.727,+0.976
1628136060,+3.45,+27.077, +8.727,+0.976
1628136120,+3.45,+27.085, +8.532,+0.975
1628136180,+3.45,+27.051, +8.564,+0.975
1628136240,+3.45,+27.068, +8.724,+0.976
1628136300,+3.45,+27.068, +8.706,+0.976
1628136360,+3.45,+27.051, +8.598,+0.976
1628136420,+3.45,+27.060, +8.605,+0.975
1628136480,+3.45,+27.026, +8.391,+0.975
1628136540,+3.45,+27.026, +8.463,+0.976
1628136600,+3.45,+27.026, +8.604,+0.975
1628136660,+3.45,+27.043, +8.654,+0.975
1628136720,+3.45,+27.017, +8.389,+0.975
1628136780,+3.45,+27.026, +8.500,+0.976
1628136840,+3.45,+27.034, +8.683,+0.976
1628136900,+3.45,+27.026, +8.555,+0.974
1628136960,+3.45,+27.034, +8.637,+0.975
1628137020,+3.45,+27.068, +8.664,+0.974
1628137080,+3.45,+27.009, +8.467,+0.975
1628137140,+3.45,+27.017, +8.513,+0.975
1628137200,+3.45,+27.034, +8.639,+0.976
1628137260,+3.45,+27.043, +8.631,+0.975
1628137320,+3.45,+27.026, +8.394,+0.975
1628137380,+3.45,+26.992, +8.251,+0.975
1628137440,+3.45,+27.009, +8.532,+0.975
1628137500,+3.45,+27.043, +8.436,+0.975
1628137560,+3.45,+27.000, +8.486,+0.975
1628137620,+3.45,+27.000, +8.549,+0.975
1628137680,+3.45,+27.017, +8.691,+0.975
1628137740,+3.45,+27.017, +8.608,+0.975
1628137800,+3.45,+27.026, +8.623,+0.975
1628137860,+3.45,+27.000, +8.348,+0.975
1628137920,+3.45,+27.009, +8.499,+0.974
1628137980,+3.45,+27.009, +8.381,+0.975
1628138040,+3.45,+26.975, +8.256,+0.974
1628138100,+3.45,+27.000, +8.361,+0.974
1628138160,+3.45,+26.983, +8.278,+0.975
1628138220,+3.45,+26.958, +8.169,+0.975
1628138280,+3.45,+26.949, +8.259,+0.975
1628138340,+3.45,+26.975, +8.344,+0.975
1628138400,+3.45,+27.000, +8.276,+0.975
1628138460,+3.45,+26.975, +8.089,+0.975
1628138520,+3.45,+26.949, +8.130,+0.975
1628138580,+3.45,+26.941, +8.225,+0.976
1628138640,+3.45,+26.958, +8.299,+0.975
1628138700,+3.45,+26.975, +8.302,+0.974
1628138760,+3.45,+26.958, +8.204,+0.975
1628138820,+3.45,+26.958, +8.094,+0.975
1628138880,+3.45,+26.949, +8.086,+0.974
1628138940,+3.45,+26.941, +8.089,+0.975
1628139000,+3.45,+26.916, +7.935,+0.974
1628139060,+3.45,+26.941, +8.183,+0.975
1628139120,+3.45,+26.941, +8.188,+0.975
1628139180,+3.45,+26.924, +8.051,+0.974
1628139240,+3.45,+26.916, +8.025,+0.975
1628139300,+3.45,+26.924, +8.202,+0.975
1628139360,+3.45,+26.932, +8.117,+0.975
1628139420,+3.45,+26.924, +7.937,+0.975
1628139480,+3.45,+26.916, +7.994,+0.975
1628139540,+3.45,+26.941, +8.240,+0.975
1628139600,+3.45,+26.932, +8.279,+0.975
1628139660,+3.45,+26.932, +8.030,+0.975
1628139720,+3.45,+26.941, +8.035,+0.974
1628139780,+3.45,+26.941, +8.068,+0.975
1628139840,+3.45,+26.932, +8.060,+0.974
1628139900,+3.45,+26.941, +8.040,+0.975
1628139960,+3.45,+26.916, +8.126,+0.975
1628140020,+3.45,+26.932, +8.231,+0.975
1628140080,+3.45,+26.932, +8.286,+0.976
1628140140,+3.45,+26.932, +8.114,+0.975
1628140200,+3.45,+26.932, +8.086,+0.975
1628140260,+3.45,+26.941, +8.157,+0.975
1628140320,+3.45,+26.932, +8.080,+0.975
1628140380,+3.45,+26.958, +8.038,+0.975
1628140440,+3.45,+26.941, +8.114,+0.975
1628140500,+3.45,+26.932, +8.077,+0.975
1628140560,+3.45,+26.932, +8.087,+0.975
1628140620,+3.45,+26.949, +8.120,+0.975
1628140680,+3.45,+26.924, +8.013,+0.975
1628140740,+3.45,+26.916, +8.043,+0.975
1628140800,+3.45,+26.924, +8.101,+0.975
1628140860,+3.45,+26.932, +8.108,+0.975
1628140920,+3.45,+26.932, +8.056,+0.975
1628140980,+3.45,+26.916, +8.047,+0.974
1628141040,+3.45,+26.924, +8.269,+0.974
1628141100,+3.45,+26.916, +7.794,+0.975
1628141160,+3.45,+26.907, +7.901,+0.975
1628141220,+3.45,+26.907, +7.892,+0.974
1628141280,+3.45,+26.890, +8.018,+0.975
1628141340,+3.45,+26.890, +7.881,+0.974
1628141400,+3.45,+26.882, +7.793,+0.974
1628141460,+3.45,+26.882, +7.928,+0.974
1628141520,+3.45,+26.882, +8.011,+0.975
1628141580,+3.45,+26.890, +7.965,+0.974
1628141640,+3.45,+26.899, +7.960,+0.975
1628141700,+3.45,+26.882, +8.023,+0.975
1628141760,+3.45,+26.882, +7.845,+0.974
1628141820,+3.45,+26.873, +7.970,+0.974
1628141880,+3.45,+26.899, +7.927,+0.974
1628141940,+3.45,+26.907, +8.142,+0.975
1628142000,+3.45,+26.899, +8.057,+0.975
1628142060,+3.45,+26.899, +8.003,+0.975
1628142120,+3.45,+26.899, +8.013,+0.974
1628142180,+3.45,+26.890, +7.926,+0.974
1628142240,+3.45,+26.890, +7.943,+0.974
1628142300,+3.45,+26.882, +7.990,+0.975
1628142360,+3.46,+26.882, +8.029,+0.975
1628142420,+3.45,+26.873, +8.073,+0.975
1628142480,+3.46,+26.873, +7.912,+0.974
1628142540,+3.45,+26.882, +8.037,+0.975
1628142600,+3.46,+26.873, +7.789,+0.975
1628142660,+3.46,+26.848, +7.732,+0.974
1628142720,+3.45,+26.865, +7.815,+0.975
1628142780,+3.45,+26.839, +7.863,+0.975
1628142840,+3.46,+26.856, +7.988,+0.974
1628142900,+3.46,+26.865, +8.032,+0.975
1628142960,+3.46,+26.831, +7.774,+0.975
1628143020,+3.46,+26.822, +7.688,+0.974
1628143080,+3.46,+26.814, +7.663,+0.974
1628143140,+3.46,+26.831, +7.870,+0.975
1628143200,+3.46,+26.839, +7.959,+0.974
1628143260,+3.46,+26.848, +8.050,+0.975
1628143320,+3.46,+26.856, +7.867,+0.975
1628143380,+3.45,+26.831, +7.751,+0.974
1628143440,+3.46,+26.831, +7.706,+0.974
1628143500,+3.46,+26.831, +7.734,+0.975
1628143560,+3.46,+26.822, +7.808,+0.975
1628143620,+3.46,+26.788, +7.611,+0.974
1628143680,+3.46,+26.814, +7.816,+0.975
1628143740,+3.46,+26.831, +7.882,+0.974
1628143800,+3.46,+26.839, +7.961,+0.975
1628143860,+3.46,+26.822, +8.015,+0.974
1628143920,+3.46,+26.822, +7.845,+0.975
1628143980,+3.46,+26.805, +7.565,+0.974
1628144040,+3.46,+26.788, +7.631,+0.974
1628144100,+3.46,+26.788, +7.715,+0.974
1628144160,+3.46,+26.805, +7.862,+0.974
1628144220,+3.46,+26.797, +7.722,+0.975
1628144280,+3.46,+26.788, +7.813,+0.975
1628144340,+3.46,+26.797, +7.700,+0.974
1628144400,+3.46,+26.814, +7.820,+0.975
1628144460,+3.46,+26.814, +7.838,+0.974
1628144520,+3.46,+26.814, +7.913,+0.975
1628144580,+3.46,+26.822, +7.900,+0.974
1628144640,+3.45,+26.822, +7.728,+0.974
1628144700,+3.46,+26.780, +7.627,+0.974
1628144760,+3.46,+26.772, +7.718,+0.974
1628144820,+3.46,+26.797, +7.849,+0.975
1628144880,+3.46,+26.805, +7.784,+0.974
1628144940,+3.46,+26.814, +7.690,+0.974
1628145000,+3.46,+26.772, +7.530,+0.974
1628145060,+3.46,+26.755, +7.622,+0.974
1628145120,+3.46,+26.763, +7.717,+0.974
1628145180,+3.46,+26.772, +7.760,+0.974
1628145240,+3.46,+26.746, +7.477,+0.974
1628145300,+3.46,+26.746, +7.582,+0.974
1628145360,+3.46,+26.746, +7.498,+0.973
1628145420,+3.46,+26.712, +7.356,+0.974
1628145480,+3.46,+26.738, +7.659,+0.974
1628145540,+3.46,+26.729, +7.401,+0.974
1628145600,+3.46,+26.704, +7.331,+0.973
1628145660,+3.46,+26.712, +7.600,+0.975
1628145720,+3.46,+26.729, +7.571,+0.974
1628145780,+3.46,+26.721, +7.453,+0.974
1628145840,+3.46,+26.721, +7.645,+0.974
1628145900,+3.46,+26.729, +7.733,+0.974
1628145960,+3.46,+26.755, +7.851,+0.974
1628146020,+3.46,+26.738, +7.683,+0.975
1628146080,+3.46,+26.721, +7.543,+0.974
1628146140,+3.46,+26.712, +7.565,+0.974
1628146200,+3.46,+26.695, +7.519,+0.974
1628146260,+3.46,+26.695, +7.648,+0.974
1628146320,+3.46,+26.712, +7.576,+0.975
1628146380,+3.46,+26.687, +7.427,+0.974
1628146440,+3.46,+26.712, +7.788,+0.974
1628146500,+3.46,+26.712, +7.708,+0.974
1628146560,+3.46,+26.704, +7.456,+0.974
1628146620,+3.46,+26.661, +7.365,+0.974
1628146680,+3.46,+26.661, +7.457,+0.973
1628146740,+3.46,+26.670, +7.526,+0.974
1628146800,+3.46,+26.678, +7.643,+0.974
1628146860,+3.46,+26.695, +7.739,+0.974
1628146920,+3.46,+26.687, +7.697,+0.975
1628146980,+3.46,+26.670, +7.456,+0.974
1628147040,+3.46,+26.687, +7.498,+0.974
1628147100,+3.46,+26.678, +7.687,+0.974
1628147160,+3.46,+26.704, +7.881,+0.975
1628147220,+3.46,+26.712, +7.867,+0.975
1628147280,+3.46,+26.661, +7.482,+0.974
1628147340,+3.46,+26.670, +7.598,+0.974
1628147400,+3.46,+26.636, +7.479,+0.974
1628147460,+3.46,+26.653, +7.601,+0.974
1628147520,+3.46,+26.653, +7.626,+0.974
1628147580,+3.46,+26.645, +7.499,+0.973
1628147640,+3.46,+26.636, +7.394,+0.974
1628147700,+3.46,+26.611, +7.411,+0.975
1628147760,+3.46,+26.602, +7.368,+0.973
1628147820,+3.46,+26.611, +7.455,+0.973
1628147880,+3.46,+26.602, +7.597,+0.974
1628147940,+3.46,+26.653, +7.785,+0.974
1628148000,+3.46,+26.661, +7.693,+0.974
1628148060,+3.46,+26.636, +7.616,+0.974
1628148120,+3.46,+26.628, +7.514,+0.974
1628148180,+3.46,+26.619, +7.486,+0.974
1628148240,+3.46,+26.619, +7.471,+0.974
1628148300,+3.46,+26.577, +7.407,+0.974
1628148360,+3.46,+26.602, +7.512,+0.974
1628148420,+3.46,+26.611, +7.603,+0.974
1628148480,+3.46,+26.611, +7.636,+0.974
1628148540,+3.46,+26.602, +7.605,+0.974
1628148600,+3.46,+26.611, +7.536,+0.974
1628148660,+3.46,+26.594, +7.388,+0.974
1628148720,+3.46,+26.602, +7.546,+0.974
1628148780,+3.46,+26.594, +7.557,+0.974
1628148840,+3.46,+26.619, +7.566,+0.974
1628148900,+3.46,+26.577, +7.571,+0.974
1628148960,+3.46,+26.602, +7.487,+0.974
1628149020,+3.46,+26.568, +7.428,+0.974
1628149080,+3.46,+26.568, +7.563,+0.973
1628149140,+3.46,+26.568, +7.446,+0.974
1628149200,+3.46,+26.577, +7.458,+0.973
1628149260,+3.46,+26.577, +7.633,+0.974
1628149320,+3.46,+26.568, +7.618,+0.974
1628149380,+3.46,+26.560, +7.581,+0.974
1628149440,+3.45,+26.543, +7.479,+0.973
1628149500,+3.45,+26.518, +7.444,+0.974
1628149560,+3.45,+26.509, +7.479,+0.974
1628149620,+3.45,+26.518, +7.511,+0.974
1628149680,+3.45,+26.526, +7.564,+0.974
1628149740,+3.45,+26.526, +7.370,+0.973
1628149800,+3.45,+26.509, +7.199,+0.973
1628149860,+3.45,+26.475, +7.276,+0.973
1628149920,+3.45,+26.501, +7.416,+0.974
1628149980,+3.45,+26.518, +7.565,+0.974
1628150040,+3.45,+26.526, +7.624,+0.974
1628150100,+3.45,+26.526, +7.563,+0.974
1628150160,+3.45,+26.509, +7.524,+0.974
1628150220,+3.45,+26.518, +7.508,+0.974
1628150280,+3.45,+26.518, +7.560,+0.973
1628150340,+3.45,+26.526, +7.580,+0.974
1628150400,+3.45,+26.526, +7.579,+0.974
1628150460,+3.45,+26.526, +7.570,+0.973
1628150520,+3.45,+26.484, +7.470,+0.973
1628150580,+3.45,+26.442, +7.457,+0.974
1628150640,+3.45,+26.433, +7.472,+0.974
1628150700,+3.45,+26.382, +7.429,+0.973
1628150760,+3.45,+26.340, +7.429,+0.974
1628150820,+3.45,+26.382, +7.511,+0.974
1628150880,+3.45,+26.433, +7.520,+0.973
1628150940,+3.45,+26.399, +7.501,+0.973
1628151000,+3.45,+26.391, +7.491,+0.974
1628151060,+3.45,+26.408, +7.514,+0.974
1628151120,+3.45,+26.425, +7.500,+0.974
1628151180,+3.45,+26.399, +7.504,+0.974
1628151240,+3.45,+26.399, +7.470,+0.973
1628151300,+3.45,+26.416, +7.479,+0.973
1628151360,+3.45,+26.391, +7.503,+0.974
1628151420,+3.45,+26.399, +7.517,+0.973
1628151480,+3.45,+26.416, +7.537,+0.973
1628151540,+3.45,+26.425, +7.537,+0.974
1628151600,+3.45,+26.408, +7.533,+0.974
1628151660,+3.45,+26.450, +7.545,+0.974
1628151720,+3.45,+26.450, +7.577,+0.974
1628151780,+3.45,+26.450, +7.568,+0.974
1628151840,+3.45,+26.450, +7.556,+0.974
1628151900,+3.45,+26.425, +7.513,+0.973
1628151960,+3.45,+26.425, +7.508,+0.973
1628152020,+3.45,+26.425, +7.510,+0.974
1628152080,+3.45,+26.416, +7.534,+0.974
1628152140,+3.45,+26.442, +7.558,+0.974
1628152200,+3.45,+26.433, +7.535,+0.974
1628152260,+3.45,+26.408, +7.511,+0.973
1628152320,+3.45,+26.408, +7.513,+0.974
1628152380,+3.45,+26.408, +7.520,+0.974
1628152440,+3.45,+26.408, +7.523,+0.974
1628152500,+3.45,+26.408, +7.510,+0.973
1628152560,+3.45,+26.408, +7.505,+0.973
1628152620,+3.45,+26.399, +7.523,+0.974
1628152680,+3.45,+26.416, +7.540,+0.974
1628152740,+3.45,+26.433, +7.560,+0.974
1628152800,+3.45,+26.442, +7.528,+0.974
1628152860,+3.45,+26.408, +7.527,+0.974
1628152920,+3.45,+26.408, +7.510,+0.973
1628152980,+3.45,+26.391, +7.495,+0.973
1628153040,+3.45,+26.408, +7.510,+0.973
1628153100,+3.45,+26.425, +7.518,+0.974
1628153160,+3.45,+26.450, +7.558,+0.974
1628153220,+3.45,+26.433, +7.549,+0.974
1628153280,+3.45,+26.442, +7.529,+0.974
1628153340,+3.45,+26.433, +7.538,+0.974
1628153400,+3.45,+26.450, +7.546,+0.974
1628153460,+3.45,+26.458, +7.552,+0.974
1628153520,+3.45,+26.442, +7.534,+0.973
1628153580,+3.45,+26.442, +7.510,+0.973
1628153640,+3.45,+26.408, +7.518,+0.974
1628153700,+3.45,+26.425, +7.505,+0.973
1628153760,+3.45,+26.425, +7.534,+0.974
1628153820,+3.45,+26.450, +7.520,+0.974
1628153880,+3.45,+26.442, +7.511,+0.973
1628153940,+3.45,+26.416, +7.532,+0.974
1628154000,+3.45,+26.450, +7.528,+0.974
1628154060,+3.45,+26.467, +7.529,+0.974
1628154120,+3.45,+26.442, +7.526,+0.974
1628154180,+3.45,+26.442, +7.535,+0.973
1628154240,+3.45,+26.467, +7.542,+0.973
1628154300,+3.45,+26.467, +7.540,+0.974
1628154360,+3.45,+26.458, +7.511,+0.973
1628154420,+3.45,+26.450, +7.498,+0.973
1628154480,+3.45,+26.442, +7.515,+0.974
1628154540,+3.45,+26.442, +7.517,+0.974
1628154600,+3.45,+26.425, +7.479,+0.973
1628154660,+3.45,+26.425, +7.484,+0.974
1628154720,+3.45,+26.442, +7.519,+0.975
1628154780,+3.45,+26.458, +7.510,+0.974
1628154840,+3.45,+26.442, +7.487,+0.974
1628154900,+3.45,+26.425, +7.462,+0.973
1628154960,+3.45,+26.425, +7.472,+0.974
1628155020,+3.45,+26.433, +7.468,+0.973
1628155080,+3.45,+26.433, +7.482,+0.974
1628155140,+3.45,+26.425, +7.495,+0.974
1628155200,+3.45,+26.442, +7.509,+0.975
1628155260,+3.45,+26.425, +7.459,+0.973
1628155320,+3.45,+26.433, +7.463,+0.974
1628155380,+3.45,+26.433, +7.466,+0.974
1628155440,+3.45,+26.433, +7.493,+0.974
1628155500,+3.45,+26.458, +7.509,+0.974
1628155560,+3.45,+26.467, +7.508,+0.974
1628155620,+3.45,+26.467, +7.486,+0.974
1628155680,+3.45,+26.450, +7.477,+0.973
1628155740,+3.45,+26.458, +7.454,+0.973
1628155800,+3.45,+26.433, +7.427,+0.973
1628155860,+3.45,+26.399, +7.450,+0.974
1628155920,+3.45,+26.416, +7.456,+0.974
1628155980,+3.45,+26.433, +7.448,+0.974
1628156040,+3.45,+26.433, +7.457,+0.974
1628156100,+3.45,+26.442, +7.477,+0.974
1628156160,+3.45,+26.458, +7.473,+0.973
1628156220,+3.45,+26.458, +7.469,+0.974
1628156280,+3.45,+26.442, +7.453,+0.974
1628156340,+3.45,+26.408, +7.444,+0.974
1628156400,+3.45,+26.416, +7.449,+0.973
1628156460,+3.45,+26.416, +7.446,+0.973
1628156520,+3.45,+26.425, +7.434,+0.974
1628156580,+3.45,+26.416, +7.444,+0.974
1628156640,+3.45,+26.416, +7.442,+0.974
1628156700,+3.45,+26.408, +7.403,+0.973
1628156760,+3.45,+26.399, +7.420,+0.974
1628156820,+3.45,+26.416, +7.460,+0.974
1628156880,+3.45,+26.416, +7.461,+0.974
1628156940,+3.45,+26.425, +7.444,+0.973
1628157000,+3.45,+26.416, +7.437,+0.973
1628157060,+3.45,+26.416, +7.425,+0.973
1628157120,+3.45,+26.425, +7.411,+0.974
1628157180,+3.45,+26.391, +7.419,+0.974
1628157240,+3.45,+26.408, +7.410,+0.973
1628157300,+3.45,+26.399, +7.400,+0.973
1628157360,+3.45,+26.408, +7.431,+0.974
1628157420,+3.45,+26.399, +7.440,+0.974
1628157480,+3.45,+26.399, +7.404,+0.974
1628157540,+3.45,+26.382, +7.388,+0.973
1628157600,+3.45,+26.340, +7.383,+0.973
1628157660,+3.45,+26.340, +7.381,+0.973
1628157720,+3.45,+26.340, +7.379,+0.973
1628157780,+3.45,+26.340, +7.392,+0.973
1628157840,+3.45,+26.332, +7.389,+0.973
1628157900,+3.45,+26.349, +7.390,+0.973
1628157960,+3.45,+26.357, +7.396,+0.974
1628158020,+3.45,+26.357, +7.379,+0.973
1628158080,+3.45,+26.349, +7.386,+0.974
1628158140,+3.45,+26.357, +7.384,+0.974
1628158200,+3.45,+26.349, +7.387,+0.974
1628158260,+3.45,+26.357, +7.390,+0.974
1628158320,+3.45,+26.374, +7.386,+0.973
1628158380,+3.45,+26.357, +7.384,+0.974
1628158440,+3.45,+26.357, +7.381,+0.973
1628158500,+3.45,+26.349, +7.382,+0.973
1628158560,+3.45,+26.365, +7.395,+0.974
1628158620,+3.45,+26.340, +7.384,+0.973
1628158680,+3.45,+26.340, +7.386,+0.973
1628158740,+3.45,+26.332, +7.387,+0.974
1628158800,+3.45,+26.332, +7.379,+0.973
1628158860,+3.45,+26.340, +7.391,+0.974
1628158920,+3.45,+26.349, +7.393,+0.974
1628158980,+3.45,+26.349, +7.389,+0.974
1628159040,+3.45,+26.340, +7.366,+0.973
1628159100,+3.45,+26.340, +7.363,+0.973
1628159160,+3.45,+26.332, +7.363,+0.973
1628159220,+3.45,+26.357, +7.371,+0.973
1628159280,+3.45,+26.349, +7.368,+0.973
1628159340,+3.45,+26.357, +7.364,+0.974
1628159400,+3.45,+26.340, +7.354,+0.973
1628159460,+3.45,+26.340, +7.356,+0.974
1628159520,+3.45,+26.332, +7.339,+0.973
1628159580,+3.45,+26.349, +7.361,+0.973
1628159640,+3.45,+26.349, +7.376,+0.973
1628159700,+3.45,+26.332, +7.365,+0.974
1628159760,+3.45,+26.323, +7.351,+0.973
1628159820,+3.45,+26.323, +7.346,+0.973
1628159880,+3.45,+26.332, +7.335,+0.973
1628159940,+3.45,+26.306, +7.328,+0.973
1628160000,+3.45,+26.306, +7.331,+0.973
1628160060,+3.45,+26.315, +7.330,+0.973
1628160120,+3.45,+26.306, +7.339,+0.974
1628160180,+3.45,+26.315, +7.319,+0.973
1628160240,+3.45,+26.306, +7.315,+0.973
1628160300,+3.45,+26.306, +7.324,+0.973
1628160360,+3.45,+26.306, +7.331,+0.973
1628160420,+3.45,+26.315, +7.340,+0.974
1628160480,+3.45,+26.315, +7.350,+0.974
1628160540,+3.45,+26.306, +7.333,+0.973
1628160600,+3.45,+26.298, +7.325,+0.973
1628160660,+3.45,+26.298, +7.334,+0.973
1628160720,+3.45,+26.315, +7.352,+0.974
1628160780,+3.45,+26.315, +7.353,+0.974
1628160840,+3.45,+26.340, +7.352,+0.974
1628160900,+3.45,+26.323, +7.310,+0.973
1628160960,+3.45,+26.306, +7.286,+0.973
1628161020,+3.45,+26.298, +7.284,+0.973
1628161080,+3.45,+26.298, +7.267,+0.973
1628161140,+3.45,+26.264, +7.255,+0.973
1628161200,+3.45,+26.272, +7.265,+0.973
1628161260,+3.45,+26.256, +7.265,+0.973
1628161320,+3.45,+26.239, +7.249,+0.973
1628161380,+3.45,+26.247, +7.253,+0.973
1628161440,+3.45,+26.247, +7.265,+0.973
1628161500,+3.45,+26.256, +7.270,+0.973
1628161560,+3.45,+26.256, +7.263,+0.973
1628161620,+3.45,+26.281, +7.260,+0.973
1628161680,+3.45,+26.247, +7.260,+0.973
1628161740,+3.45,+26.264, +7.252,+0.973
1628161800,+3.45,+26.281, +7.253,+0.974
1628161860,+3.45,+26.272, +7.255,+0.973
1628161920,+3.45,+26.272, +7.235,+0.973
1628161980,+3.45,+26.272, +7.238,+0.973
1628162040,+3.45,+26.256, +7.242,+0.973
1628162100,+3.45,+26.264, +7.257,+0.974
1628162160,+3.45,+26.281, +7.254,+0.973
1628162220,+3.45,+26.272, +7.246,+0.973
1628162280,+3.45,+26.264, +7.244,+0.973
1628162340,+3.45,+26.264, +7.246,+0.973
1628162400,+3.45,+26.281, +7.250,+0.974
1628162460,+3.45,+26.289, +7.248,+0.973
1628162520,+3.45,+26.298, +7.253,+0.973
1628162580,+3.45,+26.306, +7.241,+0.973
1628162640,+3.45,+26.272, +7.244,+0.973
1628162700,+3.45,+26.289, +7.220,+0.972
1628162760,+3.45,+26.264, +7.233,+0.973
1628162820,+3.45,+26.281, +7.226,+0.974
1628162880,+3.45,+26.264, +7.208,+0.973
1628162940,+3.45,+26.272, +7.215,+0.973
1628163000,+3.45,+26.298, +7.215,+0.973
1628163060,+3.45,+26.289, +7.219,+0.973
1628163120,+3.45,+26.272, +7.188,+0.973
1628163180,+3.45,+26.256, +7.198,+0.973
1628163240,+3.45,+26.264, +7.200,+0.973
1628163300,+3.45,+26.256, +7.202,+0.973
1628163360,+3.45,+26.264, +7.202,+0.973
1628163420,+3.45,+26.272, +7.204,+0.973
1628163480,+3.45,+26.289, +7.183,+0.973
1628163540,+3.45,+26.272, +7.178,+0.973
1628163600,+3.45,+26.256, +7.174,+0.973
1628163660,+3.45,+26.272, +7.177,+0.973
1628163720,+3.45,+26.256, +7.173,+0.973
1628163780,+3.45,+26.264, +7.181,+0.974
1628163840,+3.45,+26.272, +7.175,+0.974
1628163900,+3.45,+26.247, +7.163,+0.973
1628163960,+3.45,+26.247, +7.167,+0.973
1628164020,+3.45,+26.247, +7.149,+0.973
1628164080,+3.45,+26.247, +7.146,+0.973
1628164140,+3.45,+26.264, +7.146,+0.973
1628164200,+3.45,+26.281, +7.150,+0.973
1628164260,+3.45,+26.289, +7.151,+0.974
1628164320,+3.45,+26.264, +7.140,+0.973
1628164380,+3.45,+26.272, +7.135,+0.974
1628164440,+3.45,+26.289, +7.139,+0.973
1628164500,+3.45,+26.289, +7.143,+0.974
1628164560,+3.45,+26.272, +7.134,+0.973
1628164620,+3.45,+26.281, +7.127,+0.973
1628164680,+3.45,+26.281, +7.122,+0.973
1628164740,+3.45,+26.272, +7.118,+0.973
1628164800,+3.45,+26.247, +7.106,+0.973
1628164860,+3.45,+26.256, +7.099,+0.973
1628164920,+3.45,+26.256, +7.101,+0.974
1628164980,+3.45,+26.256, +7.085,+0.973
1628165040,+3.45,+26.256, +7.099,+0.973
1628165100,+3.45,+26.264, +7.093,+0.973
1628165160,+3.45,+26.281, +7.088,+0.973
1628165220,+3.45,+26.264, +7.082,+0.973
1628165280,+3.45,+26.264, +7.050,+0.972
1628165340,+3.45,+26.264, +7.057,+0.973
1628165400,+3.45,+26.272, +7.047,+0.973
1628165460,+3.45,+26.272, +7.063,+0.973
1628165520,+3.45,+26.289, +7.054,+0.973
1628165580,+3.45,+26.264, +7.052,+0.973
1628165640,+3.45,+26.272, +7.034,+0.973
1628165700,+3.45,+26.256, +7.039,+0.974
1628165760,+3.45,+26.239, +7.041,+0.974
1628165820,+3.45,+26.256, +7.034,+0.973
1628165880,+3.45,+26.239, +7.022,+0.973
1628165940,+3.45,+26.247, +7.023,+0.973
1628166000,+3.45,+26.230, +7.006,+0.973
1628166060,+3.45,+26.230, +7.004,+0.973
1628166120,+3.45,+26.239, +6.995,+0.973
1628166180,+3.45,+26.239, +6.999,+0.973
1628166240,+3.45,+26.272, +6.970,+0.973
1628166300,+3.45,+26.247, +6.970,+0.973
1628166360,+3.45,+26.264, +6.967,+0.972
1628166420,+3.45,+26.272, +6.977,+0.974
1628166480,+3.45,+26.256, +6.959,+0.973
1628166540,+3.45,+26.239, +6.930,+0.973
1628166600,+3.45,+26.222, +6.918,+0.973
1628166660,+3.45,+26.239, +6.915,+0.973
1628166720,+3.45,+26.247, +6.933,+0.973
1628166780,+3.45,+26.247, +6.933,+0.973
1628166840,+3.45,+26.272, +6.931,+0.973
1628166900,+3.45,+26.264, +6.897,+0.973
1628166960,+3.45,+26.256, +6.828,+0.973
1628167020,+3.45,+26.281, +6.879,+0.973
1628167080,+3.45,+26.289, +6.901,+0.973
1628167140,+3.45,+26.281, +6.903,+0.973
1628167200,+3.45,+26.272, +6.898,+0.972
1628167260,+3.45,+26.256, +6.895,+0.973
1628167320,+3.45,+26.264, +6.871,+0.973
1628167380,+3.45,+26.247, +6.860,+0.972
1628167440,+3.45,+26.264, +6.864,+0.973
1628167500,+3.45,+26.289, +6.862,+0.973
1628167560,+3.45,+26.281, +6.832,+0.973
1628167620,+3.45,+26.281, +6.834,+0.973
1628167680,+3.45,+26.289, +6.813,+0.973
1628167740,+3.45,+26.281, +6.747,+0.972
1628167800,+3.45,+26.281, +6.778,+0.973
1628167860,+3.45,+26.298, +6.790,+0.973
1628167920,+3.45,+26.281, +6.792,+0.973
1628167980,+3.45,+26.298, +6.772,+0.973
1628168040,+3.45,+26.281, +6.772,+0.973
1628168100,+3.45,+26.281, +6.763,+0.973
1628168160,+3.45,+26.272, +6.745,+0.973
1628168220,+3.45,+26.264, +6.735,+0.973
1628168280,+3.45,+26.281, +6.758,+0.973
1628168340,+3.45,+26.298, +6.739,+0.973
1628168400,+3.45,+26.281, +6.713,+0.973
1628168460,+3.45,+26.256, +6.722,+0.973
1628168520,+3.45,+26.247, +6.706,+0.973
1628168580,+3.45,+26.264, +6.654,+0.972
1628168640,+3.45,+26.264, +6.658,+0.972
1628168700,+3.45,+26.281, +6.681,+0.973
1628168760,+3.45,+26.272, +6.702,+0.973
1628168820,+3.45,+26.272, +6.723,+0.973
1628168880,+3.45,+26.281, +6.729,+0.973
1628168940,+3.45,+26.272, +6.731,+0.973
1628169000,+3.45,+26.281, +6.703,+0.972
1628169060,+3.45,+26.289, +6.691,+0.972
1628169120,+3.45,+26.281, +6.629,+0.973
1628169180,+3.45,+26.256, +6.679,+0.972
1628169240,+3.45,+26.247, +6.684,+0.973
1628169300,+3.45,+26.239, +6.690,+0.973
1628169360,+3.45,+26.239, +6.616,+0.973
1628169420,+3.45,+26.247, +6.606,+0.973
1628169480,+3.45,+26.256, +6.625,+0.973
1628169540,+3.45,+26.264, +6.641,+0.973
1628169600,+3.45,+26.256, +6.644,+0.973
1628169660,+3.45,+26.272, +6.598,+0.972
1628169720,+3.45,+26.247, +6.621,+0.973
1628169780,+3.45,+26.230, +6.624,+0.973
1628169840,+3.45,+26.213, +6.611,+0.972
1628169900,+3.45,+26.230, +6.608,+0.972
1628169960,+3.45,+26.256, +6.605,+0.973
1628170020,+3.45,+26.230, +6.610,+0.973
1628170080,+3.45,+26.213, +6.573,+0.973
1628170140,+3.45,+26.230, +6.527,+0.972
1628170200,+3.45,+26.222, +6.554,+0.973
1628170260,+3.45,+26.230, +6.559,+0.972
1628170320,+3.45,+26.205, +6.575,+0.973
1628170380,+3.45,+26.222, +6.566,+0.972
1628170440,+3.45,+26.222, +6.553,+0.972
1628170500,+3.45,+26.230, +6.526,+0.973
1628170560,+3.45,+26.230, +6.517,+0.972
1628170620,+3.45,+26.239, +6.511,+0.973
1628170680,+3.45,+26.222, +6.510,+0.973
1628170740,+3.45,+26.213, +6.526,+0.972
1628170800,+3.45,+26.196, +6.510,+0.972
1628170860,+3.45,+26.171, +6.530,+0.972
1628170920,+3.45,+26.196, +6.544,+0.972
1628170980,+3.45,+26.205, +6.512,+0.972
1628171040,+3.45,+26.205, +6.484,+0.973
1628171100,+3.45,+26.205, +6.482,+0.973
1628171160,+3.45,+26.188, +6.505,+0.973
1628171220,+3.45,+26.180, +6.494,+0.973
1628171280,+3.46,+26.154, +6.491,+0.972
1628171340,+3.46,+26.163, +6.475,+0.973
1628171400,+3.45,+26.154, +6.468,+0.973
1628171460,+3.45,+26.196, +6.457,+0.973
1628171520,+3.45,+26.180, +6.445,+0.972
1628171580,+3.45,+26.196, +6.427,+0.972
1628171640,+3.46,+26.171, +6.437,+0.973
1628171700,+3.45,+26.205, +6.434,+0.972
1628171760,+3.45,+26.196, +6.429,+0.972
1628171820,+3.45,+26.205, +6.435,+0.972
1628171880,+3.45,+26.180, +6.426,+0.973
1628171940,+3.46,+26.154, +6.412,+0.973
1628172000,+3.45,+26.188, +6.399,+0.973
1628172060,+3.45,+26.180, +6.403,+0.972
1628172120,+3.45,+26.180, +6.398,+0.972
1628172180,+3.45,+26.180, +6.379,+0.972
1628172240,+3.45,+26.180, +6.357,+0.972
1628172300,+3.46,+26.163, +6.360,+0.972
1628172360,+3.46,+26.171, +6.355,+0.973
1628172420,+3.46,+26.146, +6.363,+0.973
1628172480,+3.46,+26.146, +6.338,+0.972
1628172540,+3.46,+26.146, +6.331,+0.972
1628172600,+3.45,+26.154, +6.320,+0.972
1628172660,+3.45,+26.171, +6.346,+0.972
1628172720,+3.46,+26.171, +6.333,+0.972
1628172780,+3.45,+26.171, +6.322,+0.973
1628172840,+3.46,+26.154, +6.304,+0.972
1628172900,+3.46,+26.146, +6.318,+0.973
1628172960,+3.46,+26.154, +6.283,+0.972
1628173020,+3.45,+26.171, +6.281,+0.972
1628173080,+3.46,+26.154, +6.271,+0.972
1628173140,+3.46,+26.154, +6.274,+0.972
1628173200,+3.46,+26.154, +6.270,+0.972
1628173260,+3.46,+26.137, +6.260,+0.972
1628173320,+3.46,+26.137, +6.237,+0.972
1628173380,+3.46,+26.137, +6.231,+0.973
1628173440,+3.46,+26.137, +6.205,+0.972
1628173500,+3.46,+26.154, +6.229,+0.973
1628173560,+3.46,+26.146, +6.194,+0.972
1628173620,+3.46,+26.137, +6.191,+0.972
1628173680,+3.46,+26.146, +6.208,+0.972
1628173740,+3.45,+26.146, +6.183,+0.972
1628173800,+3.46,+26.137, +6.183,+0.972
1628173860,+3.46,+26.129, +6.162,+0.972
1628173920,+3.46,+26.154, +6.150,+0.972
1628173980,+3.46,+26.137, +6.119,+0.972
1628174040,+3.46,+26.137, +6.145,+0.972
1628174100,+3.46,+26.129, +6.166,+0.973
1628174160,+3.46,+26.137, +6.123,+0.972
1628174220,+3.46,+26.137, +6.126,+0.973
1628174280,+3.46,+26.129, +6.145,+0.972
1628174340,+3.46,+26.129, +6.128,+0.972
1628174400,+3.46,+26.137, +6.128,+0.972
1628174460,+3.46,+26.120, +6.103,+0.973
1628174520,+3.46,+26.129, +6.091,+0.972
1628174580,+3.46,+26.137, +6.052,+0.972
1628174640,+3.46,+26.120, +6.077,+0.972
1628174700,+3.46,+26.120, +6.051,+0.972
1628174760,+3.46,+26.112, +6.047,+0.972
1628174820,+3.46,+26.104, +6.040,+0.972
1628174880,+3.46,+26.104, +6.010,+0.972
1628174940,+3.46,+26.112, +6.057,+0.972
1628175000,+3.46,+26.095, +6.065,+0.972
1628175060,+3.46,+26.104, +5.989,+0.973
1628175120,+3.46,+26.095, +6.010,+0.972
1628175180,+3.46,+26.087, +6.021,+0.972
1628175240,+3.46,+26.095, +5.960,+0.972
1628175300,+3.46,+26.087, +5.971,+0.972
1628175360,+3.46,+26.112, +5.960,+0.972
1628175420,+3.46,+26.095, +5.995,+0.972
1628175480,+3.46,+26.104, +5.994,+0.972
1628175540,+3.46,+26.087, +5.921,+0.972
1628175600,+3.46,+26.070, +5.904,+0.972
1628175660,+3.46,+26.078, +5.903,+0.972
1628175720,+3.46,+26.087, +5.940,+0.971
1628175780,+3.46,+26.095, +5.935,+0.972
1628175840,+3.46,+26.087, +5.946,+0.972
1628175900,+3.46,+26.078, +5.871,+0.972
1628175960,+3.46,+26.061, +5.811,+0.971
1628176020,+3.46,+26.104, +5.784,+0.972
1628176080,+3.46,+26.070, +5.839,+0.971
1628176140,+3.46,+26.095, +5.780,+0.972
1628176200,+3.46,+26.078, +5.769,+0.972
1628176260,+3.46,+26.087, +5.808,+0.971
1628176320,+3.46,+26.078, +5.840,+0.972
1628176380,+3.46,+26.078, +5.798,+0.971
1628176440,+3.46,+26.070, +5.785,+0.972
1628176500,+3.46,+26.070, +5.712,+0.972
1628176560,+3.46,+26.053, +5.746,+0.972
1628176620,+3.46,+26.070, +5.838,+0.972
1628176680,+3.46,+26.095, +5.759,+0.972
1628176740,+3.46,+26.078, +5.640,+0.971
1628176800,+3.46,+26.087, +5.690,+0.972
1628176860,+3.46,+26.087, +5.659,+0.972
1628176920,+3.46,+26.087, +5.749,+0.972
1628176980,+3.46,+26.095, +5.734,+0.972
1628177040,+3.46,+26.087, +5.735,+0.972
1628177100,+3.46,+26.095, +5.732,+0.971
1628177160,+3.46,+26.104, +5.678,+0.972
1628177220,+3.46,+26.078, +5.628,+0.971
1628177280,+3.46,+26.087, +5.646,+0.972
1628177340,+3.46,+26.087, +5.677,+0.972
1628177400,+3.46,+26.087, +5.589,+0.972
1628177460,+3.46,+26.070, +5.652,+0.972
1628177520,+3.46,+26.078, +5.611,+0.971
1628177580,+3.46,+26.087, +5.634,+0.972
1628177640,+3.46,+26.095, +5.668,+0.972
1628177700,+3.46,+26.112, +5.600,+0.971
1628177760,+3.46,+26.087, +5.612,+0.972
1628177820,+3.46,+26.095, +5.599,+0.972
1628177880,+3.46,+26.087, +5.689,+0.972
1628177940,+3.46,+26.095, +5.569,+0.971
1628178000,+3.46,+26.087, +5.552,+0.972
1628178060,+3.46,+26.095, +5.638,+0.972
1628178120,+3.46,+26.095, +5.573,+0.972
1628178180,+3.46,+26.087, +5.604,+0.972
1628178240,+3.46,+26.087, +5.556,+0.971
1628178300,+3.46,+26.070, +5.421,+0.972
1628178360,+3.46,+26.087, +5.583,+0.972
1628178420,+3.46,+26.104, +5.549,+0.972
1628178480,+3.46,+26.087, +5.485,+0.971
1628178540,+3.46,+26.104, +5.451,+0.972
1628178600,+3.46,+26.078, +5.414,+0.971
1628178660,+3.46,+26.078, +5.499,+0.972
1628178720,+3.46,+26.087, +5.455,+0.971
1628178780,+3.46,+26.070, +5.606,+0.972
1628178840,+3.46,+26.078, +5.593,+0.971
1628178900,+3.46,+26.078, +5.528,+0.971
1628178960,+3.46,+26.087, +5.545,+0.972
1628179020,+3.46,+26.095, +5.450,+0.972
1628179080,+3.46,+26.078, +5.434,+0.971
1628179140,+3.46,+26.087, +5.459,+0.971
1628179200,+3.46,+26.070, +5.568,+0.972
1628179260,+3.46,+26.087, +5.445,+0.971
1628179320,+3.46,+26.078, +5.458,+0.972
1628179380,+3.46,+26.087, +5.505,+0.971
1628179440,+3.46,+26.070, +5.363,+0.972
1628179500,+3.46,+26.061, +5.421,+0.972
1628179560,+3.46,+26.078, +5.362,+0.971
1628179620,+3.46,+26.087, +5.456,+0.971
1628179680,+3.46,+26.078, +5.478,+0.972
1628179740,+3.46,+26.078, +5.479,+0.971
1628179800,+3.46,+26.078, +5.416,+0.971
1628179860,+3.46,+26.070, +5.343,+0.971
1628179920,+3.46,+26.070, +5.429,+0.971
1628179980,+3.46,+26.061, +5.429,+0.972
1628180040,+3.46,+26.070, +5.490,+0.972
1628180100,+3.46,+26.061, +5.293,+0.971
1628180160,+3.46,+26.044, +5.327,+0.972
1628180220,+3.46,+26.061, +5.395,+0.972
1628180280,+3.46,+26.070, +5.442,+0.972
1628180340,+3.46,+26.061, +5.291,+0.971
1628180400,+3.46,+26.070, +5.351,+0.971
1628180460,+3.46,+26.053, +5.447,+0.972
1628180520,+3.46,+26.078, +5.337,+0.971
1628180580,+3.46,+26.053, +5.214,+0.971
1628180640,+3.46,+26.053, +5.229,+0.972
1628180700,+3.46,+26.061, +5.288,+0.972
1628180760,+3.46,+26.061, +5.392,+0.972
1628180820,+3.46,+26.061, +5.447,+0.971
1628180880,+3.46,+26.061, +5.439,+0.972
1628180940,+3.46,+26.070, +5.424,+0.972
1628181000,+3.46,+26.053, +5.414,+0.971
1628181060,+3.46,+26.061, +5.484,+0.972
1628181120,+3.46,+26.044, +5.409,+0.972
1628181180,+3.46,+26.061, +5.339,+0.971
1628181240,+3.46,+26.044, +5.360,+0.971
1628181300,+3.46,+26.061, +5.350,+0.971
1628181360,+3.46,+26.078, +5.404,+0.971
1628181420,+3.46,+26.078, +5.334,+0.971
1628181480,+3.46,+26.061, +5.330,+0.971
1628181540,+3.46,+26.061, +5.430,+0.972
1628181600,+3.46,+26.061, +5.394,+0.971
1628181660,+3.46,+26.061, +5.384,+0.972
1628181720,+3.46,+26.061, +5.543,+0.972
1628181780,+3.46,+26.061, +5.302,+0.972
1628181840,+3.46,+26.070, +5.418,+0.972
1628181900,+3.46,+26.061, +5.408,+0.971
1628181960,+3.46,+26.061, +5.295,+0.971
1628182020,+3.46,+26.053, +5.274,+0.972
1628182080,+3.46,+26.061, +5.347,+0.971
1628182140,+3.46,+26.061, +5.485,+0.972
1628182200,+3.46,+26.053, +5.526,+0.971
1628182260,+3.46,+26.070, +5.515,+0.972
1628182320,+3.46,+26.078, +5.382,+0.971
1628182380,+3.46,+26.053, +5.314,+0.971
1628182440,+3.46,+26.053, +5.465,+0.971
1628182500,+3.46,+26.053, +5.330,+0.971
1628182560,+3.46,+26.044, +5.380,+0.971
1628182620,+3.46,+26.070, +5.389,+0.971
1628182680,+3.46,+26.044, +5.307,+0.971
1628182740,+3.46,+26.061, +5.438,+0.971
1628182800,+3.46,+26.053, +5.282,+0.972
1628182860,+3.46,+26.036, +5.336,+0.972
1628182920,+3.46,+26.053, +5.380,+0.972
1628182980,+3.46,+26.053, +5.374,+0.972
1628183040,+3.46,+26.078, +5.462,+0.972
1628183100,+3.46,+26.061, +5.339,+0.972
1628183160,+3.46,+26.044, +5.508,+0.971
1628183220,+3.46,+26.061, +5.370,+0.971
1628183280,+3.46,+26.053, +5.294,+0.971
1628183340,+3.46,+26.044, +5.441,+0.972
1628183400,+3.46,+26.053, +5.528,+0.972
1628183460,+3.46,+26.061, +5.515,+0.972
1628183520,+3.46,+26.078, +5.511,+0.971
1628183580,+3.46,+26.061, +5.484,+0.971
1628183640,+3.46,+26.061, +5.454,+0.972
1628183700,+3.46,+26.053, +5.357,+0.972
1628183760,+3.46,+26.053, +5.351,+0.971
1628183820,+3.46,+26.053, +5.485,+0.972
1628183880,+3.46,+26.078, +5.470,+0.971
1628183940,+3.46,+26.078, +5.500,+0.971
1628184000,+3.46,+26.095, +5.530,+0.972
1628184060,+3.46,+26.078, +5.477,+0.972
1628184120,+3.46,+26.087, +5.514,+0.972
1628184180,+3.46,+26.087, +5.404,+0.972
1628184240,+3.46,+26.078, +5.477,+0.971
1628184300,+3.46,+26.095, +5.607,+0.972
1628184360,+3.46,+26.078, +5.545,+0.971
1628184420,+3.46,+26.070, +5.492,+0.972
1628184480,+3.46,+26.095, +5.586,+0.971
1628184540,+3.46,+26.104, +5.596,+0.971
1628184600,+3.46,+26.095, +5.651,+0.972
1628184660,+3.46,+26.087, +5.393,+0.971
1628184720,+3.46,+26.070, +5.532,+0.971
1628184780,+3.46,+26.070, +5.478,+0.971
1628184840,+3.46,+26.078, +5.448,+0.972
1628184900,+3.46,+26.061, +5.417,+0.972
1628184960,+3.46,+26.053, +5.420,+0.971
1628185020,+3.46,+26.078, +5.510,+0.971
1628185080,+3.46,+26.078, +5.608,+0.972
1628185140,+3.46,+26.087, +5.519,+0.971
1628185200,+3.46,+26.070, +5.549,+0.972
1628185260,+3.46,+26.087, +5.541,+0.972
1628185320,+3.46,+26.087, +5.664,+0.972
1628185380,+3.46,+26.078, +5.629,+0.972
1628185440,+3.46,+26.095, +5.573,+0.972
1628185500,+3.46,+26.078, +5.548,+0.972
1628185560,+3.46,+26.078, +5.492,+0.971
1628185620,+3.46,+26.078, +5.565,+0.972
1628185680,+3.46,+26.087, +5.636,+0.972
1628185740,+3.46,+26.087, +5.571,+0.972
1628185800,+3.46,+26.087, +5.572,+0.971
1628185860,+3.46,+26.104, +5.657,+0.972
1628185920,+3.46,+26.095, +5.606,+0.972
1628185980,+3.46,+26.087, +5.435,+0.972
1628186040,+3.46,+26.087, +5.573,+0.972
1628186100,+3.46,+26.095, +5.605,+0.972
1628186160,+3.46,+26.095, +5.562,+0.972
1628186220,+3.46,+26.087, +5.601,+0.972
1628186280,+3.46,+26.095, +5.598,+0.971
1628186340,+3.46,+26.104, +5.634,+0.971
1628186400,+3.46,+26.087, +5.571,+0.972
1628186460,+3.46,+26.104, +5.605,+0.972
1628186520,+3.46,+26.095, +5.605,+0.972
1628186580,+3.46,+26.095, +5.485,+0.971
1628186640,+3.46,+26.078, +5.558,+0.972
1628186700,+3.46,+26.078, +5.518,+0.972
1628186760,+3.46,+26.087, +5.611,+0.972
1628186820,+3.46,+26.095, +5.670,+0.972
1628186880,+3.46,+26.087, +5.667,+0.972
1628186940,+3.46,+26.095, +5.657,+0.971
1628187000,+3.46,+26.087, +5.638,+0.971
1628187060,+3.46,+26.078, +5.730,+0.971
1628187120,+3.46,+26.087, +5.720,+0.972
1628187180,+3.46,+26.078, +5.694,+0.972
1628187240,+3.46,+26.087, +5.601,+0.971
1628187300,+3.46,+26.087, +5.728,+0.972
1628187360,+3.46,+26.087, +5.819,+0.972
1628187420,+3.46,+26.078, +5.777,+0.972
1628187480,+3.46,+26.070, +5.781,+0.972
1628187540,+3.46,+26.070, +5.834,+0.972
1628187600,+3.46,+26.078, +5.754,+0.972
1628187660,+3.46,+26.095, +5.904,+0.972
1628187720,+3.46,+26.070, +5.793,+0.972
1628187780,+3.46,+26.070, +5.630,+0.972
1628187840,+3.46,+26.078, +5.760,+0.972
1628187900,+3.46,+26.078, +5.881,+0.972
1628187960,+3.46,+26.087, +5.888,+0.972
1628188020,+3.46,+26.095, +5.844,+0.971
1628188080,+3.46,+26.104, +5.880,+0.972
1628188140,+3.46,+26.087, +5.895,+0.972
1628188200,+3.46,+26.095, +5.851,+0.972
1628188260,+3.46,+26.095, +5.883,+0.972
1628188320,+3.46,+26.095, +5.913,+0.972
1628188380,+3.46,+26.087, +5.885,+0.971
1628188440,+3.46,+26.078, +5.841,+0.972
1628188500,+3.46,+26.078, +5.834,+0.972
1628188560,+3.46,+26.095, +5.966,+0.972
1628188620,+3.46,+26.087, +6.044,+0.972
1628188680,+3.46,+26.087, +6.059,+0.972
1628188740,+3.46,+26.078, +5.849,+0.972
1628188800,+3.46,+26.044, +5.793,+0.972
1628188860,+3.46,+26.070, +6.008,+0.972
1628188920,+3.46,+26.104, +6.054,+0.972
1628188980,+3.46,+26.087, +5.970,+0.971
1628189040,+3.46,+26.070, +5.986,+0.972
1628189100,+3.46,+26.070, +5.929,+0.972
1628189160,+3.46,+26.053, +5.921,+0.971
1628189220,+3.46,+26.078, +6.005,+0.972
1628189280,+3.46,+26.078, +6.066,+0.972
1628189340,+3.45,+26.095, +6.167,+0.972
1628189400,+3.46,+26.078, +6.056,+0.972
1628189460,+3.46,+26.087, +5.998,+0.972
1628189520,+3.46,+26.104, +6.134,+0.972
1628189580,+3.46,+26.087, +6.097,+0.972
1628189640,+3.46,+26.095, +6.091,+0.971
1628189700,+3.46,+26.087, +6.129,+0.972
1628189760,+3.46,+26.087, +6.088,+0.972
1628189820,+3.46,+26.061, +6.176,+0.972
1628189880,+3.46,+26.095, +6.124,+0.971
1628189940,+3.46,+26.070, +6.193,+0.972
1628190000,+3.46,+26.070, +6.212,+0.972
1628190060,+3.46,+26.095, +6.293,+0.972
1628190120,+3.46,+26.070, +6.260,+0.972
1628190180,+3.46,+26.095, +6.165,+0.972
1628190240,+3.46,+26.104, +6.220,+0.972
1628190300,+3.46,+26.104, +6.246,+0.972
1628190360,+3.46,+26.095, +6.357,+0.973
1628190420,+3.46,+26.129, +6.431,+0.972
1628190480,+3.46,+26.137, +6.413,+0.972
1628190540,+3.46,+26.154, +6.445,+0.972
1628190600,+3.46,+26.196, +6.434,+0.972
1628190660,+3.46,+26.196, +6.503,+0.972
1628190720,+3.46,+26.180, +6.297,+0.972
1628190780,+3.46,+26.180, +6.418,+0.972
1628190840,+3.46,+26.213, +6.518,+0.973
1628190900,+3.46,+26.230, +6.452,+0.972
1628190960,+3.45,+26.264, +6.365,+0.972
1628191020,+3.45,+26.272, +6.511,+0.972
1628191080,+3.46,+26.272, +6.490,+0.971
1628191140,+3.45,+26.281, +6.617,+0.973
1628191200,+3.45,+26.281, +6.637,+0.972
1628191260,+3.45,+26.272, +6.582,+0.973
1628191320,+3.45,+26.332, +6.758,+0.973
1628191380,+3.45,+26.365, +6.610,+0.972
1628191440,+3.45,+26.357, +6.705,+0.972
1628191500,+3.45,+26.374, +6.695,+0.972
1628191560,+3.45,+26.365, +6.645,+0.973
1628191620,+3.45,+26.365, +6.765,+0.972
1628191680,+3.45,+26.374, +6.864,+0.973
1628191740,+3.45,+26.382, +6.916,+0.973
1628191800,+3.45,+26.408, +6.824,+0.972
1628191860,+3.45,+26.416, +6.872,+0.973
1628191920,+3.45,+26.408, +6.917,+0.973
1628191980,+3.45,+26.382, +6.855,+0.973
1628192040,+3.45,+26.365, +6.924,+0.973
1628192100,+3.45,+26.416, +6.996,+0.973
1628192160,+3.45,+26.433, +7.026,+0.973
1628192220,+3.45,+26.408, +6.831,+0.972
1628192280,+3.45,+26.425, +7.016,+0.973
1628192340,+3.45,+26.408, +7.133,+0.973
1628192400,+3.45,+26.450, +7.137,+0.973
1628192460,+3.45,+26.433, +7.153,+0.973
1628192520,+3.45,+26.450, +7.155,+0.973
1628192580,+3.45,+26.458, +7.180,+0.973
1628192640,+3.46,+26.467, +7.163,+0.974
1628192700,+3.46,+26.526, +7.367,+0.974
1628192760,+3.46,+26.518, +7.232,+0.974
1628192820,+3.46,+26.543, +7.431,+0.974
1628192880,+3.46,+26.560, +7.268,+0.974
1628192940,+3.46,+26.560, +7.304,+0.973
1628193000,+3.46,+26.551, +7.297,+0.974
1628193060,+3.46,+26.551, +7.228,+0.973
1628193120,+3.46,+26.543, +7.168,+0.973
1628193180,+3.46,+26.560, +7.346,+0.974
1628193240,+3.46,+26.560, +7.416,+0.974
1628193300,+3.46,+26.560, +7.402,+0.974
1628193360,+3.46,+26.568, +7.372,+0.974
1628193420,+3.46,+26.585, +7.402,+0.974
1628193480,+3.46,+26.585, +7.439,+0.974
1628193540,+3.46,+26.585, +7.318,+0.974
1628193600,+3.46,+26.602, +7.430,+0.974
1628193660,+3.46,+26.602, +7.463,+0.975
1628193720,+3.46,+26.619, +7.516,+0.974
1628193780,+3.46,+26.611, +7.478,+0.974
1628193840,+3.46,+26.619, +7.473,+0.975
1628193900,+3.46,+26.602, +7.453,+0.974
1628193960,+3.46,+26.628, +7.470,+0.974
1628194020,+3.46,+26.645, +7.546,+0.974
1628194080,+3.46,+26.628, +7.561,+0.975
1628194140,+3.46,+26.628, +7.428,+0.974
1628194200,+3.46,+26.619, +7.511,+0.973
1628194260,+3.46,+26.636, +7.466,+0.974
1628194320,+3.46,+26.636, +7.459,+0.974
1628194380,+3.46,+26.636, +7.570,+0.974
1628194440,+3.46,+26.636, +7.494,+0.974
1628194500,+3.46,+26.653, +7.636,+0.974
1628194560,+3.46,+26.636, +7.633,+0.974
1628194620,+3.46,+26.653, +7.713,+0.974
1628194680,+3.46,+26.645, +7.691,+0.975
1628194740,+3.46,+26.645, +7.739,+0.973
1628194800,+3.46,+26.670, +7.731,+0.974
1628194860,+3.46,+26.678, +7.723,+0.974
1628194920,+3.46,+26.670, +7.749,+0.974
1628194980,+3.46,+26.678, +7.746,+0.974
1628195040,+3.46,+26.670, +7.770,+0.974
1628195100,+3.46,+26.687, +7.739,+0.974
1628195160,+3.46,+26.687, +7.766,+0.975
1628195220,+3.46,+26.687, +7.778,+0.974
1628195280,+3.46,+26.721, +7.798,+0.974
1628195340,+3.46,+26.687, +7.828,+0.974
1628195400,+3.46,+26.704, +7.845,+0.974
1628195460,+3.46,+26.721, +7.865,+0.975
1628195520,+3.46,+26.721, +7.819,+0.974
1628195580,+3.46,+26.729, +7.828,+0.975
1628195640,+3.46,+26.746, +8.054,+0.975
1628195700,+3.46,+26.738, +8.110,+0.975
1628195760,+3.46,+26.729, +8.124,+0.975
1628195820,+3.46,+26.763, +8.123,+0.974
1628195880,+3.46,+26.755, +8.040,+0.975
1628195940,+3.46,+26.755, +7.984,+0.974
1628196000,+3.46,+26.763, +8.075,+0.974
1628196060,+3.46,+26.772, +8.107,+0.974
1628196120,+3.46,+26.772, +8.148,+0.975
1628196180,+3.46,+26.788, +8.173,+0.975
1628196240,+3.46,+26.780, +8.159,+0.975
1628196300,+3.46,+26.780, +8.133,+0.975
1628196360,+3.46,+26.788, +8.133,+0.974
1628196420,+3.46,+26.772, +8.169,+0.975
1628196480,+3.46,+26.772, +8.185,+0.974
1628196540,+3.46,+26.780, +8.204,+0.975
1628196600,+3.46,+26.797, +8.226,+0.975
1628196660,+3.46,+26.822, +8.222,+0.975
1628196720,+3.46,+26.839, +8.232,+0.974
1628196780,+3.46,+26.831, +8.243,+0.975
1628196840,+3.46,+26.848, +8.277,+0.976
1628196900,+3.46,+26.882, +8.334,+0.975
1628196960,+3.46,+26.899, +8.336,+0.975
1628197020,+3.46,+26.932, +8.401,+0.975
1628197080,+3.46,+27.009, +8.413,+0.974
1628197140,+3.46,+27.026, +8.408,+0.975
1628197200,+3.46,+27.077, +8.385,+0.975
1628197260,+3.46,+27.094, +8.385,+0.975
1628197320,+3.46,+27.111, +8.384,+0.976
1628197380,+3.46,+27.111, +8.406,+0.976
1628197440,+3.46,+27.144, +8.441,+0.975
1628197500,+3.46,+27.170, +8.543,+0.975
1628197560,+3.46,+27.195, +8.563,+0.976
1628197620,+3.46,+27.212, +8.501,+0.975
1628197680,+3.46,+27.195, +8.497,+0.975
1628197740,+3.46,+27.263, +8.561,+0.976
1628197800,+3.46,+27.289, +8.605,+0.976
1628197860,+3.46,+27.323, +8.616,+0.977
1628197920,+3.46,+27.340, +8.627,+0.975
1628197980,+3.46,+27.348, +8.646,+0.975
1628198040,+3.46,+27.382, +8.696,+0.976
1628198100,+3.46,+27.425, +8.702,+0.975
1628198160,+3.46,+27.433, +8.734,+0.976
1628198220,+3.46,+27.450, +8.737,+0.976
1628198280,+3.46,+27.459, +8.747,+0.976
1628198340,+3.46,+27.484, +8.775,+0.976
1628198400,+3.46,+27.518, +8.783,+0.976
1628198460,+3.46,+27.535, +8.801,+0.977
1628198520,+3.46,+27.544, +8.804,+0.976
1628198580,+3.46,+27.569, +8.825,+0.976
1628198640,+3.46,+27.578, +8.848,+0.976
1628198700,+3.46,+27.586, +8.855,+0.976
1628198760,+3.46,+27.578, +8.880,+0.977
1628198820,+3.46,+27.569, +8.882,+0.976
1628198880,+3.46,+27.595, +8.859,+0.975
1628198940,+3.46,+27.586, +8.876,+0.977
1628199000,+3.46,+27.595, +8.887,+0.976
1628199060,+3.46,+27.612, +8.906,+0.976
1628199120,+3.46,+27.620, +8.946,+0.976
1628199180,+3.46,+27.654, +8.952,+0.976
1628199240,+3.46,+27.654, +8.966,+0.976
1628199300,+3.46,+27.654, +8.990,+0.977
1628199360,+3.46,+27.671, +8.981,+0.976
1628199420,+3.46,+27.705, +8.999,+0.976
1628199480,+3.46,+27.697, +9.021,+0.976
1628199540,+3.46,+27.688, +9.056,+0.977
1628199600,+3.46,+27.705, +9.044,+0.977
1628199660,+3.46,+27.722, +9.047,+0.976
1628199720,+3.46,+27.756, +9.086,+0.976
1628199780,+3.46,+27.782, +9.127,+0.977
1628199840,+3.46,+27.799, +9.085,+0.976
1628199900,+3.46,+27.807, +9.112,+0.977
1628199960,+3.46,+27.841, +9.112,+0.977
1628200020,+3.46,+27.867, +9.120,+0.976
1628200080,+3.46,+27.867, +9.118,+0.975
1628200140,+3.46,+27.892, +9.131,+0.975
1628200200,+3.46,+27.918, +9.118,+0.975
1628200260,+3.46,+27.918, +9.160,+0.976
1628200320,+3.46,+27.935, +9.154,+0.976
1628200380,+3.46,+27.952, +9.118,+0.975
1628200440,+3.46,+27.952, +9.163,+0.976
1628200500,+3.46,+27.978, +9.171,+0.975
1628200560,+3.46,+27.969, +9.233,+0.976
1628200620,+3.46,+27.978, +9.236,+0.976
1628200680,+3.46,+27.978, +9.231,+0.977
1628200740,+3.46,+27.978, +9.233,+0.976
1628200800,+3.46,+27.978, +9.251,+0.976
1628200860,+3.46,+28.003, +9.253,+0.976
1628200920,+3.46,+28.020, +9.267,+0.977
1628200980,+3.46,+28.012, +9.276,+0.977
1628201040,+3.46,+28.020, +9.305,+0.976
1628201100,+3.46,+28.037, +9.391,+0.977
1628201160,+3.46,+28.071, +9.345,+0.977
1628201220,+3.46,+28.080, +9.322,+0.976
1628201280,+3.46,+28.080, +9.303,+0.976
1628201340,+3.46,+28.088, +9.313,+0.977
1628201400,+3.46,+28.088, +9.299,+0.976
1628201460,+3.46,+28.097, +9.355,+0.977
1628201520,+3.46,+28.114, +9.339,+0.976
1628201580,+3.46,+28.123, +9.388,+0.977
1628201640,+3.46,+28.114, +9.381,+0.976
1628201700,+3.46,+28.114, +9.384,+0.977
1628201760,+3.46,+28.131, +9.387,+0.977
1628201820,+3.46,+28.148, +9.357,+0.976
1628201880,+3.46,+28.148, +9.403,+0.977
1628201940,+3.46,+28.182, +9.433,+0.977
1628202000,+3.46,+28.174, +9.390,+0.977
1628202060,+3.46,+28.174, +9.419,+0.978
1628202120,+3.46,+28.199, +9.408,+0.978
1628202180,+3.46,+28.208, +9.405,+0.977
1628202240,+3.46,+28.208, +9.427,+0.977
1628202300,+3.46,+28.199, +9.488,+0.977
1628202360,+3.46,+28.216, +9.496,+0.977
1628202420,+3.46,+28.233, +9.523,+0.977
1628202480,+3.46,+28.259, +9.519,+0.978
1628202540,+3.46,+28.259, +9.438,+0.976
1628202600,+3.46,+28.268, +9.488,+0.978
1628202660,+3.46,+28.285, +9.526,+0.977
1628202720,+3.46,+28.285, +9.543,+0.978
1628202780,+3.46,+28.310, +9.517,+0.977
1628202840,+3.46,+28.310, +9.503,+0.977
1628202900,+3.46,+28.310, +9.508,+0.977
1628202960,+3.46,+28.310, +9.547,+0.977
1628203020,+3.46,+28.319, +9.581,+0.978
1628203080,+3.46,+28.319, +9.558,+0.978
1628203140,+3.46,+28.327, +9.562,+0.977
1628203200,+3.46,+28.344, +9.591,+0.977
1628203260,+3.46,+28.361, +9.609,+0.978
1628203320,+3.46,+28.361, +9.658,+0.978
1628203380,+3.46,+28.353, +9.642,+0.977
1628203440,+3.46,+28.370, +9.674,+0.978
1628203500,+3.46,+28.387, +9.701,+0.977
1628203560,+3.46,+28.379, +9.733,+0.977
1628203620,+3.46,+28.379, +9.729,+0.977
1628203680,+3.46,+28.396, +9.728,+0.978
